1699835807527248.gadget2d_resized_512x512.png;class_0;1.0;polygon;x values;1232;1227;1193;1188;1174;1169;1126;1121;750;745;693;688;668;664;524;519;365;360;336;332;322;317;283;279;28;19;19;24;24;356;360;659;664;707;712;885;890;1092;1097;1323;1328;1520;1525;1583;1588;1617;1621;1665;1669;1718;1722;1761;1766;1795;1799;2059;2064;2180;2184;2252;2257;2290;2295;2329;2334;2459;2459
1699835807527248.gadget2d_resized_512x512.png;class_0;1.0;polygon;y values;222;225;225;228;228;231;231;234;234;237;237;240;240;243;243;246;246;249;249;251;251;254;254;257;257;263;1315;1318;1321;1321;1318;1318;1321;1321;1318;1318;1315;1315;1312;1312;1309;1309;1306;1306;1303;1303;1300;1300;1297;1297;1294;1294;1291;1291;1289;1289;1286;1286;1283;1283;1280;1280;1277;1277;1274;1274;222
1699874675000724.gadget2d_resized_512x512.png;class_0;1.0;polygon;x values;1289;1284;1193;1188;1159;1155;1092;1087;784;779;745;741;726;721;688;683;409;404;365;360;336;332;288;283;43;38;24;24;19;19;24;745;750;914;919;1005;1010;1280;1284;1511;1515;1568;1573;1597;1602;1650;1655;1746;1751;1795;1799;1833;1838;2050;2054;2180;2184;2223;2228;2261;2266;2314;2319;2459;2459
1699874675000724.gadget2d_resized_512x512.png;class_0;1.0;polygon;y values;210;213;213;216;216;219;219;222;222;225;225;228;228;231;231;234;234;237;237;240;240;243;243;246;246;249;249;251;254;1318;1321;1321;1318;1318;1315;1315;1312;1312;1309;1309;1306;1306;1303;1303;1300;1300;1297;1297;1294;1294;1291;1291;1289;1289;1286;1286;1283;1283;1280;1280;1277;1277;1274;1274;210
1700109312395936.gadget2d_resized_512x512.png;class_0;1.0;polygon;x values;28;19;19;24;24;28;67;72;226;231;308;312;351;356;409;413;553;558;616;620;635;640;678;683;832;837;933;938;991;996;1068;1073;1155;1159;1207;1212;1256;1260;1318;1323;1549;1554;2045;2050;2175;2180;2324;2329;2459;2459;2444;2439;2242;2237;2199;2194;2175;2170;2136;2131;1872;1867;1828;1823;1804;1799;1746;1742;1645;1641;1453;1448;1357;1352;1265;1260;808;803;750;745;721;717;510;505
1700109312395936.gadget2d_resized_512x512.png;class_0;1.0;polygon;y values;82;87;1321;1324;1327;1330;1330;1333;1333;1335;1335;1338;1338;1341;1341;1344;1344;1347;1347;1350;1350;1353;1353;1356;1356;1359;1359;1362;1362;1365;1365;1368;1368;1371;1371;1374;1374;1376;1376;1379;1379;1382;1382;1385;1385;1388;1388;1391;1391;131;131;128;128;125;125;123;123;120;120;117;117;114;114;111;111;108;108;105;105;102;102;99;99;96;96;93;93;90;90;87;87;84;84;82
1700087787954407.gadget2d_resized_512x512.png;class_0;1.0;polygon;x values;24;19;19;24;24;28;91;96;139;144;283;288;346;351;370;375;413;418;591;596;649;654;673;678;712;717;794;798;909;914;957;962;1020;1025;1169;1174;1227;1232;1265;1270;1323;1328;1568;1573;2213;2218;2334;2338;2459;2459;2411;2406;2208;2204;2165;2160;2146;2141;2112;2107;1872;1867;1823;1819;1785;1780;1722;1718;1544;1540;1438;1434;1400;1395;1347;1342;952;948;803;798;760;755;640;635;572;567;563;558
1700087787954407.gadget2d_resized_512x512.png;class_0;1.0;polygon;y values;93;96;1330;1333;1335;1338;1338;1341;1341;1344;1344;1347;1347;1350;1350;1353;1353;1356;1356;1359;1359;1362;1362;1365;1365;1368;1368;1371;1371;1374;1374;1376;1376;1379;1379;1382;1382;1385;1385;1388;1388;1391;1391;1394;1394;1397;1397;1400;1400;143;143;140;140;137;137;134;134;131;131;128;128;125;125;123;123;120;120;117;117;114;114;111;111;108;108;105;105;102;102;99;99;96;96;93;93;96;96;93
1698264996477587.gadget2d_resized_512x512.png;class_0;1.0;polygon;x values;24;19;19;24;72;77;139;144;187;192;250;255;389;394;437;442;462;466;505;510;668;673;731;736;755;760;813;818;996;1001;1068;1073;1106;1111;1159;1164;1304;1309;1487;1491;1554;1559;1708;1713;2459;2459;2324;2319;2285;2281;2257;2252;2213;2208;1992;1987;1953;1949;1934;1929;1896;1891;1694;1689;1626;1621;1578;1573;1511;1506
1698264996477587.gadget2d_resized_512x512.png;class_0;1.0;polygon;y values;93;96;1330;1333;1333;1335;1335;1338;1338;1341;1341;1344;1344;1347;1347;1350;1350;1353;1353;1356;1356;1359;1359;1362;1362;1365;1365;1368;1368;1371;1371;1374;1374;1376;1376;1379;1379;1382;1382;1385;1385;1388;1388;1391;1391;128;128;125;125;123;123;120;120;117;117;114;114;111;111;108;108;105;105;102;102;99;99;96;96;93
1699813120171331.gadget2d_resized_512x512.png;class_0;1.0;polygon;x values;24;19;19;24;115;120;178;182;206;211;255;259;399;404;437;442;457;462;490;495;635;640;702;707;731;736;784;789;1029;1034;1082;1087;1097;1102;1135;1140;1477;1482;1568;1573;1631;1636;1718;1722;2459;2459;2295;2290;2257;2252;2242;2237;2208;2204;1963;1958;1939;1934;1920;1915;1896;1891;1698;1694;1631;1626;1583;1578;1458;1453
1699813120171331.gadget2d_resized_512x512.png;class_0;1.0;polygon;y values;93;96;1330;1333;1333;1335;1335;1338;1338;1341;1341;1344;1344;1347;1347;1350;1350;1353;1353;1356;1356;1359;1359;1362;1362;1365;1365;1368;1368;1371;1371;1374;1374;1376;1376;1379;1379;1382;1382;1385;1385;1388;1388;1391;1391;128;128;125;125;123;123;120;120;117;117;114;114;111;111;108;108;105;105;102;102;99;99;96;96;93
1699821396359117.gadget2d_resized_512x512.png;class_0;1.0;polygon;x values;1578;1573;1438;1434;1395;1390;1318;1313;952;948;895;890;856;851;798;794;505;500;471;466;452;447;413;409;221;216;163;158;129;125;28;19;19;24;24;312;317;428;433;524;529;707;712;866;871;1318;1323;1400;1405;1458;1463;1554;1559;1669;1674;1713;1718;1742;1746;1814;1819;2079;2083;2112;2117;2136;2141;2204;2208;2343;2348;2396;2401;2425;2430;2435;2439;2459;2459
1699821396359117.gadget2d_resized_512x512.png;class_0;1.0;polygon;y values;199;202;202;205;205;208;208;210;210;213;213;216;216;219;219;222;222;225;225;228;228;231;231;234;234;237;237;240;240;243;243;249;1312;1315;1318;1318;1315;1315;1312;1312;1315;1315;1312;1312;1309;1309;1306;1306;1303;1303;1300;1300;1297;1297;1294;1294;1291;1291;1289;1289;1286;1286;1283;1283;1280;1280;1277;1277;1274;1274;1271;1271;1268;1268;1265;1265;1268;1268;199
1699012663568776.gadget2d_resized_512x512.png;class_0;1.0;polygon;x values;24;19;19;28;163;168;231;235;264;269;327;332;452;457;510;514;548;553;616;620;760;765;813;818;847;851;957;962;1121;1126;1179;1183;1212;1217;1265;1270;1506;1511;1694;1698;1814;1819;2117;2122;2459;2459;2439;2435;2242;2237;2189;2184;2165;2160;2112;2107;1848;1843;1795;1790;1761;1756;1727;1722;1573;1568;1467;1463;1405;1400;1299;1294;871;866;798;794;750;745;587;582
1699012663568776.gadget2d_resized_512x512.png;class_0;1.0;polygon;y values;82;84;1327;1333;1333;1335;1335;1338;1338;1341;1341;1344;1344;1347;1347;1350;1350;1353;1353;1356;1356;1359;1359;1362;1362;1365;1365;1368;1368;1371;1371;1374;1374;1376;1376;1379;1379;1382;1382;1385;1385;1388;1388;1391;1391;131;131;128;128;125;125;123;123;120;120;117;117;114;114;111;111;108;108;105;105;102;102;99;99;96;96;93;93;90;90;87;87;84;84;82
1700395549401294.gadget2d_resized_512x512.png;class_0;1.0;polygon;x values;1665;1660;1530;1525;1424;1419;1323;1318;952;948;914;909;899;895;851;847;534;529;481;476;457;452;413;409;197;192;163;158;144;139;110;105;0;0;149;154;216;221;336;341;630;635;717;721;1236;1241;1323;1328;1371;1376;1477;1482;1698;1703;1771;1775;1814;1819;1896;1900;2035;2040;2088;2093;2122;2127;2180;2184;2367;2372;2430;2435;2459;2459
1700395549401294.gadget2d_resized_512x512.png;class_0;1.0;polygon;y values;164;166;166;169;169;172;172;175;175;178;178;181;181;184;184;187;187;190;190;193;193;196;196;199;199;202;202;205;205;208;208;210;210;1283;1283;1280;1280;1277;1277;1280;1280;1277;1277;1274;1274;1271;1271;1268;1268;1265;1265;1262;1262;1259;1259;1256;1256;1253;1253;1250;1250;1248;1248;1245;1245;1242;1242;1239;1239;1236;1236;1233;1233;164
1698222295530490.gadget2d_resized_512x512.png;class_0;1.0;polygon;x values;24;19;19;24;24;28;33;221;226;283;288;317;322;380;385;505;510;548;553;567;572;611;616;770;774;851;856;904;909;1001;1005;1135;1140;1188;1193;1217;1222;1280;1284;1588;1592;1785;1790;1939;1944;2136;2141;2459;2459;2276;2271;2242;2237;2218;2213;2180;2175;1982;1977;1939;1934;1915;1910;1867;1862;1684;1679;1631;1626;1592;1588;1515;1511
1698222295530490.gadget2d_resized_512x512.png;class_0;1.0;polygon;y values;93;96;1324;1327;1330;1330;1333;1333;1335;1335;1338;1338;1341;1341;1344;1344;1347;1347;1350;1350;1353;1353;1356;1356;1359;1359;1362;1362;1365;1365;1368;1368;1371;1371;1374;1374;1376;1376;1379;1379;1382;1382;1385;1385;1388;1388;1391;1391;128;128;125;125;123;123;120;120;117;117;114;114;111;111;108;108;105;105;102;102;99;99;96;96;93
1697987174527703.gadget2d_resized_512x512.png;class_0;1.0;polygon;x values;24;19;19;24;24;81;86;125;129;187;192;303;308;346;351;365;370;409;413;553;558;620;625;644;649;697;702;813;818;899;904;933;938;1010;1015;1174;1179;1260;1265;1328;1333;1472;1477;2459;2459;2329;2324;2281;2276;2257;2252;2218;2213;1968;1963;1925;1920;1905;1900;1862;1857;1645;1641;1602;1597;1583;1578;1549;1544;1174;1169;1039;1034;981;976;875;871
1697987174527703.gadget2d_resized_512x512.png;class_0;1.0;polygon;y values;93;96;1330;1333;1335;1335;1338;1338;1341;1341;1344;1344;1347;1347;1350;1350;1353;1353;1356;1356;1359;1359;1362;1362;1365;1365;1368;1368;1371;1371;1374;1374;1376;1376;1379;1379;1382;1382;1385;1385;1388;1388;1391;1391;140;140;137;137;134;134;131;131;128;128;125;125;123;123;120;120;117;117;114;114;111;111;108;108;105;105;102;102;99;99;96;96;93
1699851705966518.gadget2d_resized_512x512.png;class_0;1.0;polygon;x values;24;19;19;24;24;28;62;67;206;211;259;264;288;293;341;346;490;495;543;548;572;577;616;620;765;770;832;837;871;875;972;976;1135;1140;1193;1198;1236;1241;1284;1289;1525;1530;1843;1848;2074;2079;2271;2276;2459;2459;2362;2358;2343;2338;2310;2305;2079;2074;2030;2026;2006;2002;1944;1939;1742;1737;1694;1689;1669;1665;1626;1621;1232;1227;1150;1145;1106;1102;1025;1020
1699851705966518.gadget2d_resized_512x512.png;class_0;1.0;polygon;y values;82;84;1321;1324;1327;1330;1330;1333;1333;1335;1335;1338;1338;1341;1341;1344;1344;1347;1347;1350;1350;1353;1353;1356;1356;1359;1359;1362;1362;1365;1365;1368;1368;1371;1371;1374;1374;1376;1376;1379;1379;1382;1382;1385;1385;1388;1388;1391;1391;125;125;123;123;120;120;117;117;114;114;111;111;108;108;105;105;102;102;99;99;96;96;93;93;90;90;87;87;84;84;82
1697966320088134.gadget2d_resized_512x512.png;class_0;1.0;polygon;x values;548;543;351;346;38;33;28;24;24;19;19;24;24;28;62;67;129;134;279;283;322;327;360;365;394;399;437;442;519;524;577;582;606;611;654;659;895;899;948;952;991;996;1044;1049;1155;1159;1183;1188;1217;1222;1260;1265;1390;1395;1544;1549;1588;1592;1655;1660;1713;1718;1766;1771;1799;1804;1833;1838;2165;2170;2199;2204;2285;2290;2420;2425;2459;2459;2430;2425;2367;2362;2324;2319;2257;2252;2204;2199;2165;2160;2035;2030;1910;1905;1867;1862;1775;1771;1708;1703;1689;1684;1674;1669;1660;1655;1645;1641;1655;1621;1617;1511;1506;1453;1434;1386;1381;1241;1236;1227;1222;1207;1203;1063;1058;813;808;784;779;741;736
1697966320088134.gadget2d_resized_512x512.png;class_0;1.0;polygon;y values;70;73;73;76;76;79;79;82;84;87;1312;1315;1321;1324;1324;1327;1327;1330;1330;1333;1333;1335;1335;1338;1338;1341;1341;1344;1344;1347;1347;1350;1350;1353;1353;1356;1356;1359;1359;1362;1362;1365;1365;1368;1368;1371;1371;1368;1368;1365;1365;1362;1362;1365;1365;1368;1368;1371;1371;1374;1374;1376;1376;1379;1379;1382;1382;1385;1385;1382;1382;1385;1385;1388;1388;1385;1385;123;123;120;120;117;117;114;114;111;111;108;108;105;105;102;102;99;99;96;96;99;99;96;96;93;93;90;90;87;87;84;76;76;73;73;76;76;87;87;90;90;87;87;84;84;82;82;79;79;76;76;73;73;70
1699936266761916.gadget2d_resized_512x512.png;class_0;1.0;polygon;x values;9;4;0;0;105;110;178;182;206;211;255;259;404;409;466;471;490;495;529;534;717;721;770;774;789;794;842;847;991;996;1078;1082;1111;1116;1155;1159;1241;1246;1323;1328;1410;1414;1511;1515;2131;2136;2420;2425;2459;2459;2281;2276;2223;2218;2208;2204;2175;2170;1958;1953;1905;1900;1881;1876;1838;1833;1679;1674;1621;1617;1592;1588;1559;1554;1458;1453;1390;1386;1227;1222;1034;1029;986;981;798;794
1699936266761916.gadget2d_resized_512x512.png;class_0;1.0;polygon;y values;93;96;96;1333;1333;1335;1335;1338;1338;1341;1341;1344;1344;1347;1347;1350;1350;1353;1353;1356;1356;1359;1359;1362;1362;1365;1365;1368;1368;1371;1371;1374;1374;1376;1376;1379;1379;1382;1382;1385;1385;1388;1388;1391;1391;1394;1394;1397;1397;140;140;137;137;134;134;131;131;128;128;125;125;123;123;120;120;117;117;114;114;111;111;108;108;105;105;102;102;105;105;102;102;99;99;96;96;93
1700293427405693.gadget2d_resized_512x512.png;class_0;1.0;polygon;x values;1501;1496;1386;1381;1280;1275;1188;1183;933;928;866;861;832;827;784;779;486;481;462;457;442;437;399;394;168;163;48;43;0;0;48;52;471;476;543;548;596;601;721;726;861;866;1347;1352;1429;1434;1472;1477;1549;1554;1703;1708;1771;1775;1819;1823;1900;1905;2064;2069;2117;2122;2151;2156;2199;2204;2382;2387;2459;2459
1700293427405693.gadget2d_resized_512x512.png;class_0;1.0;polygon;y values;175;178;178;181;181;184;184;187;187;190;190;193;193;196;196;199;199;202;202;205;205;208;208;210;210;213;213;216;216;1297;1297;1294;1294;1291;1291;1289;1289;1291;1291;1289;1289;1286;1286;1283;1283;1280;1280;1277;1277;1274;1274;1271;1271;1268;1268;1265;1265;1262;1262;1259;1259;1256;1256;1253;1253;1250;1250;1248;1248;175
1700298336457213.gadget2d_resized_512x512.png;class_0;1.0;polygon;x values;1217;1212;1159;1155;1126;1121;1025;1020;745;741;673;668;630;625;500;495;370;365;327;322;303;298;274;269;28;19;19;24;24;28;33;77;81;688;693;1198;1203;1323;1328;1366;1371;1438;1443;1607;1612;1694;1698;1742;1746;1819;1823;2011;2016;2050;2054;2079;2083;2141;2146;2285;2290;2343;2348;2372;2377;2415;2420;2459;2459
1700298336457213.gadget2d_resized_512x512.png;class_0;1.0;polygon;y values;175;178;178;181;181;184;184;187;187;190;190;193;193;196;196;199;199;202;202;205;205;208;208;210;210;216;1286;1289;1291;1294;1291;1291;1289;1289;1286;1286;1283;1283;1280;1280;1277;1277;1274;1274;1271;1271;1268;1268;1265;1265;1262;1262;1259;1259;1256;1256;1253;1253;1250;1250;1248;1248;1245;1245;1242;1242;1239;1239;175
1697621455674183.gadget2d_resized_512x512.png;class_0;1.0;polygon;x values;24;19;19;28;168;173;216;221;245;250;293;298;442;447;505;510;529;534;587;591;697;702;731;736;750;755;789;794;1025;1029;1102;1106;1135;1140;1179;1183;1352;1357;1424;1429;1463;1467;1554;1559;1958;1963;2136;2141;2223;2228;2334;2338;2459;2459;2449;2444;2266;2261;2237;2233;2223;2218;2199;2194;1977;1973;1934;1929;1910;1905;1872;1867;1669;1665;1631;1626;1617;1612;1588;1583;1337;1333;1256;1251;1217;1212;1150;1145
1697621455674183.gadget2d_resized_512x512.png;class_0;1.0;polygon;y values;117;120;1315;1321;1321;1324;1324;1327;1327;1330;1330;1333;1333;1335;1335;1338;1338;1341;1341;1344;1344;1347;1347;1350;1350;1353;1353;1356;1356;1359;1359;1362;1362;1365;1365;1368;1368;1371;1371;1374;1374;1376;1376;1379;1379;1382;1382;1385;1385;1388;1388;1391;1391;161;161;164;164;161;161;158;158;155;155;152;152;149;149;146;146;143;143;140;140;137;137;134;134;131;131;128;128;125;125;123;123;120;120;117
1697987215528457.gadget2d_resized_512x512.png;class_0;1.0;polygon;x values;24;19;19;24;24;43;48;211;216;269;274;293;298;356;360;490;495;524;529;543;548;567;572;707;712;784;789;822;827;904;909;1087;1092;1140;1145;1169;1174;1217;1222;1487;1491;1602;1607;1713;1718;2112;2117;2459;2459;2382;2377;2343;2338;2329;2324;2295;2290;2088;2083;2045;2040;2021;2016;1968;1963;1742;1737;1713;1708;1698;1694;1669;1665;1472;1467;1342;1337;1284;1280;1145;1140
1697987215528457.gadget2d_resized_512x512.png;class_0;1.0;polygon;y values;93;96;1324;1327;1330;1330;1333;1333;1335;1335;1338;1338;1341;1341;1344;1344;1347;1347;1350;1350;1353;1353;1356;1356;1359;1359;1362;1362;1365;1365;1368;1368;1371;1371;1374;1374;1376;1376;1379;1379;1382;1382;1385;1385;1388;1388;1391;1391;140;140;137;137;134;134;131;131;128;128;125;125;123;123;120;120;117;117;114;114;111;111;108;108;105;105;102;102;99;99;96;96;93
1698291814000307.gadget2d_resized_512x512.png;class_0;1.0;polygon;x values;24;19;19;24;28;33;125;129;154;158;211;216;341;346;394;399;418;423;457;462;587;591;649;654;678;683;745;750;866;871;976;981;1015;1020;1063;1068;1188;1193;1280;1284;1357;1361;1472;1477;2233;2237;2459;2459;2382;2377;2334;2329;2305;2300;2252;2247;2083;2079;2054;2050;2040;2035;2016;2011;1718;1713;1674;1669;1645;1641;1597;1592;1333;1328;1260;1256;1227;1222;1145;1140
1698291814000307.gadget2d_resized_512x512.png;class_0;1.0;polygon;y values;105;108;1330;1333;1333;1335;1335;1338;1338;1341;1341;1344;1344;1347;1347;1350;1350;1353;1353;1356;1356;1359;1359;1362;1362;1365;1365;1368;1368;1371;1371;1374;1374;1376;1376;1379;1379;1382;1382;1385;1385;1388;1388;1391;1391;1394;1394;152;152;149;149;146;146;143;143;140;140;137;137;134;134;131;131;128;128;125;125;123;123;120;120;117;117;114;114;111;111;108;108;105
1698318570557662.gadget2d_resized_512x512.png;class_0;1.0;polygon;x values;24;19;19;28;173;178;231;235;255;259;312;317;471;476;548;553;649;654;712;717;770;774;813;818;851;856;976;981;1159;1164;1227;1232;1284;1289;1361;1366;1602;1607;1828;1833;1857;1862;2011;2016;2059;2064;2156;2160;2223;2228;2459;2459;2377;2372;2343;2338;2329;2324;2295;2290;2074;2069;2021;2016;1992;1987;1939;1934;1713;1708;1679;1674;1665;1660;1631;1626;1251;1246;1058;1053;1005;1001;933;928
1698318570557662.gadget2d_resized_512x512.png;class_0;1.0;polygon;y values;70;73;1315;1321;1321;1324;1324;1327;1327;1330;1330;1333;1333;1335;1335;1338;1338;1341;1341;1344;1344;1347;1347;1350;1350;1353;1353;1356;1356;1359;1359;1362;1362;1365;1365;1368;1368;1371;1371;1368;1368;1371;1371;1374;1374;1376;1376;1374;1374;1376;1376;117;117;114;114;111;111;108;108;105;105;102;102;99;99;96;96;93;93;90;90;87;87;84;84;82;82;79;79;76;76;73;73;70
1698093437791458.gadget2d_resized_512x512.png;class_0;1.0;polygon;x values;24;19;19;24;33;38;115;120;144;149;206;211;418;423;447;452;481;486;620;625;654;659;678;683;707;712;750;755;1049;1053;1097;1102;1121;1126;1159;1164;1280;1284;1371;1376;1438;1443;1530;1535;2295;2300;2459;2459;2367;2362;2324;2319;2300;2295;2257;2252;2054;2050;2021;2016;1997;1992;1949;1944;1751;1746;1708;1703;1684;1679;1641;1636;1333;1328;1251;1246;1212;1207;1130;1126
1698093437791458.gadget2d_resized_512x512.png;class_0;1.0;polygon;y values;82;84;1318;1321;1321;1324;1324;1327;1327;1330;1330;1333;1333;1335;1335;1338;1338;1341;1341;1344;1344;1347;1347;1350;1350;1353;1353;1356;1356;1359;1359;1362;1362;1365;1365;1368;1368;1371;1371;1374;1374;1376;1376;1379;1379;1382;1382;128;128;125;125;123;123;120;120;117;117;114;114;111;111;108;108;105;105;102;102;99;99;96;96;93;93;90;90;87;87;84;84;82
1700378191863075.gadget2d_resized_512x512.png;class_0;1.0;polygon;x values;24;19;19;28;158;163;197;202;250;255;365;370;423;428;457;462;519;524;697;702;745;750;765;770;808;813;909;914;957;962;986;991;1169;1179;1179;1183;1188;1193;1198;1207;1212;1217;1227;1232;1241;1246;1256;1260;1275;1280;1323;1328;1342;1347;1395;1400;1414;1419;1438;1443;1472;1477;1501;1506;1515;1520;1549;1554;1617;1621;1679;1684;1732;1737;1886;1891;2459;2459;2329;2324;2261;2257;2233;2228;2175;2170;1751;1746;1645;1641;1588;1583;1299;1294;842;837;789;784;765;760;721;717
1700378191863075.gadget2d_resized_512x512.png;class_0;1.0;polygon;y values;82;84;1330;1335;1335;1338;1338;1341;1341;1344;1344;1347;1347;1350;1350;1353;1353;1356;1356;1359;1359;1362;1362;1365;1365;1368;1368;1371;1371;1374;1374;1376;1376;1382;1385;1388;1388;1391;1391;1397;1397;1400;1400;1403;1403;1406;1406;1409;1409;1412;1412;1415;1415;1412;1412;1409;1409;1406;1406;1403;1403;1400;1400;1397;1397;1394;1394;1391;1391;1388;1388;1385;1385;1382;1382;1379;1379;117;117;114;114;111;111;108;108;105;105;102;102;99;99;96;96;93;93;90;90;87;87;84;84;82
1700399565450538.gadget2d_resized_512x512.png;class_0;1.0;polygon;x values;1987;1982;1703;1698;1641;1636;1559;1554;1188;1183;1126;1121;1058;1053;1001;996;683;678;635;630;563;558;495;490;346;341;312;308;293;288;269;264;0;0;9;14;322;327;885;890;1116;1121;1174;1179;1284;1289;1477;1482;1530;1535;1564;1568;1645;1650;1881;1886;1925;1929;1949;1953;2026;2030;2136;2141;2204;2208;2233;2237;2290;2295;2459;2459
1700399565450538.gadget2d_resized_512x512.png;class_0;1.0;polygon;y values;164;166;166;169;169;172;172;175;175;178;178;181;181;184;184;187;187;190;190;193;193;196;196;199;199;202;202;205;205;208;208;210;210;1291;1291;1289;1289;1286;1286;1283;1283;1280;1280;1277;1277;1274;1274;1271;1271;1268;1268;1265;1265;1262;1262;1259;1259;1256;1256;1253;1253;1250;1250;1248;1248;1245;1245;1242;1242;1239;1239;164
1699835853527818.gadget2d_resized_512x512.png;class_0;1.0;polygon;x values;1477;1472;1371;1366;1333;1328;1270;1265;919;914;861;856;832;827;779;774;447;442;413;409;399;394;365;360;158;154;96;91;43;38;24;24;19;19;24;33;38;52;57;96;101;110;115;1010;1015;1058;1063;1068;1073;1280;1284;1347;1352;1424;1429;1612;1617;1650;1655;1669;1674;1708;1713;1795;1799;2035;2040;2079;2083;2160;2165;2285;2290;2310;2314;2329;2334;2372;2377;2459;2459
1699835853527818.gadget2d_resized_512x512.png;class_0;1.0;polygon;y values;222;225;225;228;228;231;231;234;234;237;237;240;240;243;243;246;246;249;249;251;251;254;254;257;257;260;260;263;263;266;266;269;272;1318;1321;1321;1324;1324;1321;1321;1324;1324;1321;1321;1318;1318;1321;1321;1318;1318;1315;1315;1312;1312;1309;1309;1306;1306;1303;1303;1300;1300;1297;1297;1294;1294;1291;1291;1289;1289;1286;1286;1283;1283;1280;1280;1277;1277;1274;1274;222
1700093407059569.gadget2d_resized_512x512.png;class_0;1.0;polygon;x values;24;19;19;24;24;72;77;134;139;279;283;351;356;380;385;428;433;587;591;649;654;673;678;717;721;794;798;890;895;933;938;1001;1005;1135;1140;1198;1203;1241;1246;1309;1313;1573;1578;2006;2011;2189;2194;2367;2372;2396;2401;2459;2459;2276;2271;2237;2233;2218;2213;2189;2184;1982;1977;1925;1920;1900;1896;1848;1843;1674;1669;1617;1612;1592;1588;1559;1554;1246;1241;1106;1102;1053;1049;943;938
1700093407059569.gadget2d_resized_512x512.png;class_0;1.0;polygon;y values;93;96;1333;1335;1338;1338;1341;1341;1344;1344;1347;1347;1350;1350;1353;1353;1356;1356;1359;1359;1362;1362;1365;1365;1368;1368;1371;1371;1374;1374;1376;1376;1379;1379;1382;1382;1385;1385;1388;1388;1391;1391;1394;1394;1397;1397;1400;1400;1403;1403;1400;1400;140;140;137;137;134;134;131;131;128;128;125;125;123;123;120;120;117;117;114;114;111;111;108;108;105;105;102;102;99;99;96;96;93
1700399660187595.gadget2d_resized_512x512.png;class_0;1.0;polygon;x values;2233;2228;2103;2098;1833;1828;1766;1761;1284;1280;1217;1212;1174;1169;1092;1087;803;798;760;755;741;736;678;673;389;385;360;356;332;327;288;283;52;48;14;9;0;0;4;9;404;409;486;490;736;741;928;933;1357;1361;1438;1443;1477;1482;1559;1564;1766;1771;1819;1823;1848;1852;1905;1910;2093;2098;2146;2151;2175;2180;2213;2218;2377;2382;2459;2459;2444;2439
1700399660187595.gadget2d_resized_512x512.png;class_0;1.0;polygon;y values;175;178;178;181;181;184;184;187;187;190;190;193;193;196;196;199;199;202;202;205;205;208;208;210;210;213;213;216;216;219;219;222;222;225;225;228;228;1300;1300;1297;1297;1294;1294;1291;1291;1289;1289;1286;1286;1283;1283;1280;1280;1277;1277;1274;1274;1271;1271;1268;1268;1265;1265;1262;1262;1259;1259;1256;1256;1253;1253;1250;1250;1248;1248;178;178;175
1698029435418154.gadget2d_resized_512x512.png;class_0;1.0;polygon;x values;24;19;19;24;24;48;52;91;96;139;144;283;288;336;341;365;370;418;423;553;558;596;601;620;625;659;664;842;847;933;938;976;981;1078;1082;1198;1203;1270;1275;1304;1309;1361;1366;1689;1694;2156;2160;2285;2290;2459;2459;2406;2401;2372;2367;2329;2324;2098;2093;2064;2059;2050;2045;2011;2006;1751;1746;1703;1698;1674;1669;1626;1621;1386;1381;1313;1309;1275;1270;1179;1174
1698029435418154.gadget2d_resized_512x512.png;class_0;1.0;polygon;y values;82;84;1318;1321;1324;1324;1327;1327;1330;1330;1333;1333;1335;1335;1338;1338;1341;1341;1344;1344;1347;1347;1350;1350;1353;1353;1356;1356;1359;1359;1362;1362;1365;1365;1368;1368;1371;1371;1374;1374;1376;1376;1379;1379;1382;1382;1385;1385;1388;1388;125;125;123;123;120;120;117;117;114;114;111;111;108;108;105;105;102;102;99;99;96;96;93;93;90;90;87;87;84;84;82
1699814410203642.gadget2d_resized_512x512.png;class_0;1.0;polygon;x values;24;19;19;24;38;43;110;115;134;139;182;187;332;336;375;380;399;404;437;442;582;587;630;635;654;659;707;712;943;948;1015;1020;1044;1049;1092;1097;1323;1328;1429;1434;1477;1482;1583;1588;2459;2459;2439;2435;2218;2213;2175;2170;2156;2151;2117;2112;1867;1862;1828;1823;1804;1799;1771;1766;1612;1607;1453;1448;1361;1357;1284;1280
1699814410203642.gadget2d_resized_512x512.png;class_0;1.0;polygon;y values;93;96;1330;1333;1333;1335;1335;1338;1338;1341;1341;1344;1344;1347;1347;1350;1350;1353;1353;1356;1356;1359;1359;1362;1362;1365;1365;1368;1368;1371;1371;1374;1374;1376;1376;1379;1379;1382;1382;1385;1385;1388;1388;1391;1391;131;131;128;128;125;125;123;123;120;120;117;117;114;114;111;111;108;108;105;105;102;102;99;99;96;96;93
1700357179421735.gadget2d_resized_512x512.png;class_0;1.0;polygon;x values;28;19;19;24;24;43;48;120;125;279;283;351;356;389;394;457;462;635;640;668;673;688;693;731;736;967;972;1068;1073;1121;1126;1164;1169;1284;1289;1448;1453;2030;2035;2430;2435;2459;2459;2334;2329;2281;2276;2252;2247;2213;2208;1977;1973;1934;1929;1915;1910;1896;1891;1732;1727;1684;1679;1636;1631;1554;1549;717;712;591;587;462;457
1700357179421735.gadget2d_resized_512x512.png;class_0;1.0;polygon;y values;43;49;1274;1277;1280;1280;1283;1283;1286;1286;1289;1289;1291;1291;1294;1294;1297;1297;1300;1300;1303;1303;1306;1306;1309;1309;1312;1312;1315;1315;1318;1318;1321;1321;1324;1324;1327;1327;1330;1330;1333;1333;82;82;79;79;76;76;73;73;70;70;67;67;64;64;61;61;58;58;55;55;52;52;49;49;46;46;43;43;46;46;43
1700070313601961.gadget2d_resized_512x512.png;class_0;1.0;polygon;x values;24;19;19;24;33;38;158;163;192;197;250;255;365;370;423;428;452;457;514;519;673;678;736;741;760;765;794;798;972;976;1053;1058;1082;1087;1130;1135;1241;1246;1318;1323;1376;1381;1501;1506;2247;2252;2444;2449;2459;2459;2420;2415;2358;2353;2338;2334;2310;2305;2127;2122;2083;2079;2059;2054;2011;2006;1761;1756;1718;1713;1698;1694;1669;1665;1525;1520;1366;1361;1323;1318;1232;1227
1700070313601961.gadget2d_resized_512x512.png;class_0;1.0;polygon;y values;93;96;1330;1333;1333;1335;1335;1338;1338;1341;1341;1344;1344;1347;1347;1350;1350;1353;1353;1356;1356;1359;1359;1362;1362;1365;1365;1368;1368;1371;1371;1374;1374;1376;1376;1379;1379;1382;1382;1385;1385;1388;1388;1391;1391;1394;1394;1397;1397;140;140;137;137;134;134;131;131;128;128;125;125;123;123;120;120;117;117;114;114;111;111;108;108;105;105;102;102;99;99;96;96;93
1698317167530946.gadget2d_resized_512x512.png;class_0;1.0;polygon;x values;24;19;19;24;57;62;120;125;139;144;182;187;351;356;404;409;433;437;481;486;591;596;649;654;673;678;707;712;948;952;1015;1020;1058;1063;1097;1102;1126;1130;1135;1150;1150;1155;1169;1174;1183;1188;1193;1198;1227;1232;1246;1251;1294;1299;1333;1337;1395;1400;1583;1588;1626;1631;2088;2093;2459;2459;2425;2420;2377;2372;2358;2353;2319;2314;2069;2064;2021;2016;1987;1982;1929;1925;1689;1684;1655;1650;1636;1631;1597;1592
1698317167530946.gadget2d_resized_512x512.png;class_0;1.0;polygon;y values;82;84;1318;1321;1321;1324;1324;1327;1327;1330;1330;1333;1333;1335;1335;1338;1338;1341;1341;1344;1344;1347;1347;1350;1350;1353;1353;1356;1356;1359;1359;1362;1362;1365;1365;1368;1368;1371;1371;1379;1382;1385;1385;1382;1382;1379;1379;1376;1376;1374;1374;1371;1371;1374;1374;1376;1376;1379;1379;1382;1382;1379;1379;1382;1382;117;117;114;114;111;111;108;108;105;105;102;102;99;99;96;96;93;93;90;90;87;87;84;84;82
1699819039296119.gadget2d_resized_512x512.png;class_0;1.0;polygon;x values;24;19;19;28;192;197;250;255;288;293;346;351;447;452;486;490;510;514;539;543;731;736;827;832;880;885;1001;1005;1140;1145;1207;1212;1251;1256;1357;1361;1910;1915;1944;1949;2093;2098;2439;2444;2459;2459;2435;2430;2213;2208;2175;2170;2151;2146;2103;2098;1833;1828;1771;1766;1746;1742;1694;1689;1443;1438;1361;1357;1294;1289;1217;1212
1699819039296119.gadget2d_resized_512x512.png;class_0;1.0;polygon;y values;82;84;1327;1333;1333;1335;1335;1338;1338;1341;1341;1344;1344;1347;1347;1350;1350;1353;1353;1356;1356;1359;1359;1362;1362;1365;1365;1368;1368;1371;1371;1374;1374;1376;1376;1379;1379;1382;1382;1379;1379;1382;1382;1385;1385;120;120;117;117;114;114;111;111;108;108;105;105;102;102;99;99;96;96;93;93;90;90;87;87;84;84;82
1698300276183157.gadget2d_resized_512x512.png;class_0;1.0;polygon;x values;24;19;19;24;24;67;72;96;101;144;149;288;293;351;356;375;380;428;433;553;558;591;596;616;620;654;659;832;837;938;943;981;986;1068;1073;1212;1217;1294;1299;1328;1333;1390;1395;1732;1737;1828;1833;1876;1881;2131;2136;2261;2266;2459;2459;2454;2449;2430;2425;2208;2204;2170;2165;2141;2136;2093;2088;1876;1872;1833;1828;1809;1804;1756;1751;1592;1588;1487;1482;1438;1434;1328;1323
1698300276183157.gadget2d_resized_512x512.png;class_0;1.0;polygon;y values;93;96;1318;1321;1324;1324;1327;1327;1330;1330;1333;1333;1335;1335;1338;1338;1341;1341;1344;1344;1347;1347;1350;1350;1353;1353;1356;1356;1359;1359;1362;1362;1365;1365;1368;1368;1371;1371;1374;1374;1376;1376;1379;1379;1382;1382;1379;1379;1382;1382;1385;1385;1388;1388;134;134;131;131;128;128;125;125;123;123;120;120;117;117;114;114;111;111;108;108;105;105;102;102;99;99;96;96;93
1699813995188823.gadget2d_resized_512x512.png;class_0;1.0;polygon;x values;24;19;19;24;154;158;197;202;216;221;269;274;428;433;471;476;490;495;524;529;673;678;721;726;745;750;856;861;1106;1111;1155;1159;1179;1183;1251;1256;1597;1602;1722;1727;1848;1852;2228;2233;2459;2459;2454;2449;2189;2184;2160;2156;2146;2141;2122;2117;1828;1823;1785;1780;1761;1756;1732;1727;1549;1544;1438;1434;1400;1395;1309;1304
1699813995188823.gadget2d_resized_512x512.png;class_0;1.0;polygon;y values;93;96;1330;1333;1333;1335;1335;1338;1338;1341;1341;1344;1344;1347;1347;1350;1350;1353;1353;1356;1356;1359;1359;1362;1362;1365;1365;1368;1368;1371;1371;1374;1374;1376;1376;1379;1379;1382;1382;1385;1385;1388;1388;1391;1391;131;131;128;128;125;125;123;123;120;120;117;117;114;114;111;111;108;108;105;105;102;102;99;99;96;96;93
1698092052762323.gadget2d_resized_512x512.png;class_0;1.0;polygon;x values;24;19;19;24;24;28;77;81;129;134;274;279;317;322;346;351;394;399;510;514;567;572;606;611;659;664;741;745;784;789;808;813;861;866;957;962;976;981;986;991;996;1001;1020;1025;1097;1102;2107;2112;2199;2204;2281;2285;2459;2459;2454;2449;2430;2425;2131;2127;2083;2079;2054;2050;1992;1987;1713;1708;1674;1669;1655;1650;1617;1612;1251;1246;1087;1082;1025;1020;938;933
1698092052762323.gadget2d_resized_512x512.png;class_0;1.0;polygon;y values;93;96;1330;1333;1335;1338;1338;1341;1341;1344;1344;1347;1347;1350;1350;1353;1353;1356;1356;1359;1359;1362;1362;1365;1365;1368;1368;1371;1371;1374;1374;1376;1376;1379;1379;1382;1382;1385;1385;1388;1388;1391;1391;1394;1394;1391;1391;1394;1394;1391;1391;1394;1394;134;134;131;131;128;128;125;125;123;123;120;120;117;117;114;114;111;111;108;108;105;105;102;102;99;99;96;96;93
1700022984712679.gadget2d_resized_512x512.png;class_0;1.0;polygon;x values;745;741;731;731;717;707;702;683;678;664;659;616;611;327;322;283;279;255;250;211;206;24;19;19;24;24;28;404;409;640;644;707;712;745;750;904;909;1333;1337;1414;1419;1463;1467;1525;1530;1674;1679;1746;1751;1785;1790;1900;1905;2016;2021;2098;2103;2131;2136;2180;2184;2319;2324;2382;2387;2411;2415;2459;2459;2021;2016;1977;1973;1958;1953;1756;1751;1212;1207;1082;1078;1063;1049;1039;1034
1700022984712679.gadget2d_resized_512x512.png;class_0;1.0;polygon;y values;292;295;295;307;316;316;319;319;322;322;325;325;328;328;331;331;333;333;336;336;339;339;342;1403;1406;1409;1412;1412;1415;1415;1412;1412;1409;1409;1406;1406;1403;1403;1400;1400;1397;1397;1394;1394;1391;1391;1388;1388;1385;1385;1382;1382;1379;1379;1376;1376;1374;1374;1371;1371;1368;1368;1365;1365;1362;1362;1359;1359;292;292;295;295;298;298;301;301;304;304;307;307;304;304;295;295;292
1698212204319604.gadget2d_resized_512x512.png;class_0;1.0;polygon;x values;24;19;19;24;77;81;134;139;158;163;202;206;365;370;413;418;437;442;481;486;606;611;659;664;678;683;726;731;967;972;1029;1034;1068;1073;1130;1135;1270;1275;1366;1371;1443;1448;1530;1535;2247;2252;2459;2459;2454;2449;2242;2237;2208;2204;2184;2180;2146;2141;1891;1886;1857;1852;1833;1828;1771;1766;1621;1617;1549;1544;1511;1506;1400;1395
1698212204319604.gadget2d_resized_512x512.png;class_0;1.0;polygon;y values;93;96;1318;1321;1321;1324;1324;1327;1327;1330;1330;1333;1333;1335;1335;1338;1338;1341;1341;1344;1344;1347;1347;1350;1350;1353;1353;1356;1356;1359;1359;1362;1362;1365;1365;1368;1368;1371;1371;1374;1374;1376;1376;1379;1379;1382;1382;131;131;128;128;125;125;123;123;120;120;117;117;114;114;111;111;108;108;105;105;102;102;99;99;96;96;93
1698674966229213.gadget2d_resized_512x512.png;class_0;1.0;polygon;x values;24;19;19;24;134;139;197;202;221;226;274;279;418;423;476;481;510;514;572;577;707;712;750;755;774;779;832;837;1092;1097;1145;1150;1174;1179;1251;1256;1496;1501;1660;1665;1838;1843;2035;2040;2459;2459;2391;2387;2358;2353;2305;2300;2098;2093;2069;2064;2059;2054;2026;2021;1751;1746;1708;1703;1679;1674;1631;1626;1289;1284;1232;1227;1198;1193;1135;1130
1698674966229213.gadget2d_resized_512x512.png;class_0;1.0;polygon;y values;82;84;1318;1321;1321;1324;1324;1327;1327;1330;1330;1333;1333;1335;1335;1338;1338;1341;1341;1344;1344;1347;1347;1350;1350;1353;1353;1356;1356;1359;1359;1362;1362;1365;1365;1368;1368;1371;1371;1374;1374;1376;1376;1379;1379;125;125;123;123;120;120;117;117;114;114;111;111;108;108;105;105;102;102;99;99;96;96;93;93;90;90;87;87;84;84;82
1697961654980916.gadget2d_resized_512x512.png;class_0;1.0;polygon;x values;24;19;19;28;163;168;245;250;298;303;365;370;486;490;539;543;563;567;596;601;784;789;866;871;933;938;1029;1034;1174;1179;1256;1260;1323;1328;1434;1438;1597;1602;1819;1823;1900;1905;2444;2449;2459;2459;2439;2435;2319;2314;2285;2281;2213;2208;2021;2016;1977;1973;1949;1944;1900;1896;1746;1742;1703;1698;1679;1674;1660;1655;1631;1626;1588;1583;1410;1405;1318;1313;1145;1140;1053;1049;986;981;818;813
1697961654980916.gadget2d_resized_512x512.png;class_0;1.0;polygon;y values;58;61;1303;1309;1309;1312;1312;1315;1315;1318;1318;1321;1321;1324;1324;1327;1327;1330;1330;1333;1333;1335;1335;1338;1338;1341;1341;1344;1344;1347;1347;1350;1350;1353;1353;1356;1356;1359;1359;1356;1356;1359;1359;1362;1362;105;105;102;102;99;99;96;96;93;93;90;90;87;87;84;84;82;82;79;79;76;76;73;73;70;70;67;67;64;64;67;67;70;70;67;67;64;64;61;61;58
1698160236239216.gadget2d_resized_512x512.png;class_0;1.0;polygon;x values;24;19;19;24;24;28;67;72;115;120;264;269;322;327;346;351;394;399;519;524;563;567;596;601;635;640;784;789;856;861;914;919;1020;1025;1140;1145;1203;1207;1241;1246;1294;1299;1559;1564;1795;1799;1982;1987;2242;2247;2459;2459;2261;2257;2223;2218;2208;2204;2175;2170;1944;1939;1910;1905;1896;1891;1857;1852;1679;1674;1607;1602;1568;1564;1506;1501
1698160236239216.gadget2d_resized_512x512.png;class_0;1.0;polygon;y values;93;96;1318;1321;1324;1327;1327;1330;1330;1333;1333;1335;1335;1338;1338;1341;1341;1344;1344;1347;1347;1350;1350;1353;1353;1356;1356;1359;1359;1362;1362;1365;1365;1368;1368;1371;1371;1374;1374;1376;1376;1379;1379;1382;1382;1385;1385;1388;1388;1391;1391;128;128;125;125;123;123;120;120;117;117;114;114;111;111;108;108;105;105;102;102;99;99;96;96;93
1698696669665508.gadget2d_resized_512x512.png;class_0;1.0;polygon;x values;24;19;19;24;43;48;129;134;163;168;206;211;360;365;409;413;437;442;490;495;635;640;683;688;707;712;745;750;938;943;1020;1025;1068;1073;1135;1140;1275;1280;1361;1366;1429;1434;1515;1520;2228;2233;2459;2459;2233;2228;2204;2199;2189;2184;2165;2160;1920;1915;1881;1876;1862;1857;1823;1819;1612;1607;1568;1564;1549;1544;1496;1491
1698696669665508.gadget2d_resized_512x512.png;class_0;1.0;polygon;y values;82;84;1318;1321;1321;1324;1324;1327;1327;1330;1330;1333;1333;1335;1335;1338;1338;1341;1341;1344;1344;1347;1347;1350;1350;1353;1353;1356;1356;1359;1359;1362;1362;1365;1365;1368;1368;1371;1371;1374;1374;1376;1376;1379;1379;1382;1382;117;117;114;114;111;111;108;108;105;105;102;102;99;99;96;96;93;93;90;90;87;87;84;84;82
1700408821364409.gadget2d_resized_512x512.png;class_0;1.0;polygon;x values;1520;1515;1395;1390;1337;1333;1246;1241;890;885;837;832;818;813;765;760;442;437;409;404;399;394;365;360;168;163;134;129;115;110;81;77;24;19;19;24;24;43;48;77;81;211;216;255;259;269;274;283;288;298;303;466;471;635;640;649;654;659;664;673;678;1169;1174;1241;1246;1304;1309;1429;1434;1530;1535;1592;1597;1718;1722;2016;2021;2088;2093;2117;2122;2170;2175;2319;2324;2391;2396;2459;2459
1700408821364409.gadget2d_resized_512x512.png;class_0;1.0;polygon;y values;140;143;143;146;146;149;149;152;152;155;155;158;158;161;161;164;164;166;166;169;169;172;172;175;175;178;178;181;181;184;184;187;187;190;1256;1259;1265;1265;1262;1262;1259;1259;1256;1256;1253;1253;1250;1250;1248;1248;1245;1245;1248;1248;1250;1250;1253;1253;1256;1256;1259;1259;1256;1256;1253;1253;1250;1250;1248;1248;1245;1245;1242;1242;1239;1239;1236;1236;1233;1233;1230;1230;1227;1227;1224;1224;1221;1221;140
1700309498451656.gadget2d_resized_512x512.png;class_0;1.0;polygon;x values;24;19;19;24;24;86;91;231;235;312;317;346;351;389;394;591;596;659;664;688;693;741;745;861;866;991;996;1034;1039;1106;1111;1270;1275;1386;1390;1482;1487;1588;1592;2459;2459;2444;2439;2199;2194;2160;2156;2141;2136;2103;2098;1838;1833;1804;1799;1785;1780;1751;1746;1708;1703;1665;1660;1588;1583;1179;1174
1700309498451656.gadget2d_resized_512x512.png;class_0;1.0;polygon;y values;23;26;1262;1265;1271;1271;1274;1274;1277;1277;1280;1280;1283;1283;1286;1286;1289;1289;1291;1291;1294;1294;1297;1297;1300;1300;1303;1303;1306;1306;1309;1309;1312;1312;1315;1315;1318;1318;1321;1321;61;61;58;58;55;55;52;52;49;49;46;46;43;43;41;41;38;38;35;35;32;32;29;29;26;26;23
1700343557933691.gadget2d_resized_512x512.png;class_0;1.0;polygon;x values;1309;1304;1246;1241;1212;1207;1169;1164;851;847;794;789;770;765;717;712;457;452;428;423;404;399;346;341;129;125;0;0;19;24;904;909;1058;1063;1126;1130;1275;1280;1511;1515;1564;1568;1602;1607;1669;1674;1881;1886;1934;1939;1963;1968;2021;2026;2180;2184;2237;2242;2271;2276;2329;2334;2459;2459
1700343557933691.gadget2d_resized_512x512.png;class_0;1.0;polygon;y values;175;178;178;181;181;184;184;187;187;190;190;193;193;196;196;199;199;202;202;205;205;208;208;210;210;213;213;1289;1289;1286;1286;1283;1283;1280;1280;1277;1277;1274;1274;1271;1271;1268;1268;1265;1265;1262;1262;1259;1259;1256;1256;1253;1253;1250;1250;1248;1248;1245;1245;1242;1242;1239;1239;175
1700072621638700.gadget2d_resized_512x512.png;class_0;1.0;polygon;x values;24;19;19;24;24;62;67;115;120;173;178;312;317;389;394;418;423;476;481;649;654;702;707;726;731;765;770;943;948;1039;1044;1078;1082;1135;1140;1256;1260;1352;1357;1506;1511;1703;1708;1790;1795;1934;1939;2459;2459;2396;2391;2314;2310;2074;2069;2040;2035;2021;2016;1982;1977;1713;1708;1655;1650;1621;1617;1564;1559;1251;1246;1169;1164;1126;1121;967;962
1700072621638700.gadget2d_resized_512x512.png;class_0;1.0;polygon;y values;105;108;1341;1344;1347;1347;1350;1350;1353;1353;1356;1356;1359;1359;1362;1362;1365;1365;1368;1368;1371;1371;1374;1374;1376;1376;1379;1379;1382;1382;1385;1385;1388;1388;1391;1391;1394;1394;1397;1397;1400;1400;1403;1403;1400;1400;1403;1403;146;146;143;143;140;140;137;137;134;134;131;131;128;128;125;125;123;123;120;120;117;117;114;114;111;111;108;108;105
1700325555742941.gadget2d_resized_512x512.png;class_0;1.0;polygon;x values;1626;1621;1491;1487;1419;1414;1323;1318;1010;1005;938;933;904;899;842;837;553;548;519;514;500;495;466;462;255;250;202;197;168;163;120;115;0;0;668;673;750;755;813;818;1005;1010;1352;1357;1424;1429;1472;1477;1554;1559;1746;1751;1804;1809;1838;1843;1939;1944;2074;2079;2122;2127;2156;2160;2204;2208;2353;2358;2396;2401;2415;2420;2459;2459
1700325555742941.gadget2d_resized_512x512.png;class_0;1.0;polygon;y values;175;178;178;181;181;184;184;187;187;190;190;193;193;196;196;199;199;202;202;205;205;208;208;210;210;213;213;216;216;219;219;222;222;1297;1297;1294;1294;1291;1291;1289;1289;1286;1286;1283;1283;1280;1280;1277;1277;1274;1274;1271;1271;1268;1268;1265;1265;1262;1262;1259;1259;1256;1256;1253;1253;1250;1250;1248;1248;1245;1245;1242;1242;175
1697987754540207.gadget2d_resized_512x512.png;class_0;1.0;polygon;x values;24;19;19;28;134;139;149;154;240;245;288;293;336;341;399;404;606;611;654;659;678;683;736;741;847;851;904;909;962;967;1044;1049;1145;1150;1227;1232;1270;1275;1323;1328;1544;1549;1665;1669;1780;1785;2141;2146;2459;2459;2406;2401;2362;2358;2343;2338;2314;2310;2127;2122;2083;2079;2059;2054;2016;2011;1780;1775;1746;1742;1732;1727;1708;1703;1525;1520;1357;1352;1309;1304;1217;1212
1697987754540207.gadget2d_resized_512x512.png;class_0;1.0;polygon;y values;93;96;1327;1333;1333;1330;1330;1333;1333;1335;1335;1338;1338;1341;1341;1344;1344;1347;1347;1350;1350;1353;1353;1356;1356;1359;1359;1362;1362;1365;1365;1368;1368;1371;1371;1374;1374;1376;1376;1379;1379;1382;1382;1385;1385;1388;1388;1391;1391;140;140;137;137;134;134;131;131;128;128;125;125;123;123;120;120;117;117;114;114;111;111;108;108;105;105;102;102;99;99;96;96;93
1697952545788238.gadget2d_resized_512x512.png;class_0;1.0;polygon;x values;28;19;19;24;24;81;86;197;202;264;269;298;303;360;365;476;481;606;611;635;640;688;693;774;779;813;818;847;851;924;928;1082;1087;1145;1150;1174;1179;1232;1236;1318;1323;1515;1520;1592;1597;1977;1982;2459;2459;2444;2439;2411;2406;2228;2223;2160;2156;2131;2127;2093;2088;1814;1809;1742;1737;1718;1713;1708;1703;1674;1669;1607;1602;1511;1506;1405;1400;1352;1347;1289;1284;818;813;770;765;750;745;539;534
1697952545788238.gadget2d_resized_512x512.png;class_0;1.0;polygon;y values;82;87;1335;1338;1341;1341;1344;1344;1347;1347;1350;1350;1353;1353;1356;1356;1359;1359;1362;1362;1365;1365;1368;1368;1371;1371;1374;1374;1376;1376;1379;1379;1382;1382;1385;1385;1388;1388;1391;1391;1394;1394;1397;1397;1400;1400;1403;1403;134;134;131;131;128;128;125;125;123;123;120;120;117;117;114;114;111;111;108;108;105;105;102;102;99;99;96;96;93;93;96;96;93;93;90;90;87;87;84;84;82
1699817815270636.gadget2d_resized_512x512.png;class_0;1.0;polygon;x values;0;0;81;86;139;144;168;173;216;221;346;351;394;399;423;428;476;481;625;630;678;683;707;712;755;760;1005;1010;1058;1063;1087;1092;1135;1140;1328;1333;1515;1520;1564;1568;1684;1689;2459;2459;2444;2439;2406;2401;2382;2377;2353;2348;2141;2136;2093;2088;2064;2059;2026;2021;1790;1785;1746;1742;1727;1722;1698;1694;1530;1525;1366;1361;1309;1304;1236;1232
1699817815270636.gadget2d_resized_512x512.png;class_0;1.0;polygon;y values;93;1333;1333;1335;1335;1338;1338;1341;1341;1344;1344;1347;1347;1350;1350;1353;1353;1356;1356;1359;1359;1362;1362;1365;1365;1368;1368;1371;1371;1374;1374;1376;1376;1379;1379;1382;1382;1385;1385;1388;1388;1391;1391;140;140;137;137;134;134;131;131;128;128;125;125;123;123;120;120;117;117;114;114;111;111;108;108;105;105;102;102;99;99;96;96;93
1698207071206144.gadget2d_resized_512x512.png;class_0;1.0;polygon;x values;24;19;19;24;24;52;57;293;298;351;356;385;389;433;437;505;510;558;563;606;611;702;707;755;760;770;774;789;794;822;827;871;875;991;996;1082;1087;1126;1130;1150;1155;1222;1227;1477;1482;1641;1645;1790;1795;2127;2131;2459;2459;2305;2300;2276;2271;2257;2252;2228;2223;2006;2002;1949;1944;1925;1920;1886;1881;1684;1679;1641;1636;1621;1617;1588;1583;1280;1275;1179;1174;1126;1121;1044;1039
1698207071206144.gadget2d_resized_512x512.png;class_0;1.0;polygon;y values;93;96;1324;1327;1330;1330;1333;1333;1335;1335;1338;1338;1341;1341;1344;1344;1347;1347;1350;1350;1353;1353;1350;1350;1353;1353;1356;1356;1359;1359;1362;1362;1365;1365;1368;1368;1371;1371;1374;1374;1376;1376;1379;1379;1382;1382;1385;1385;1388;1388;1391;1391;140;140;137;137;134;134;131;131;128;128;125;125;123;123;120;120;117;117;114;114;111;111;108;108;105;105;102;102;99;99;96;96;93
1700386135287396.gadget2d_resized_512x512.png;class_0;1.0;polygon;x values;2050;2045;1823;1819;1713;1708;1660;1655;1617;1612;1544;1540;1150;1145;1097;1092;1053;1049;996;991;693;688;635;630;563;558;500;495;365;360;322;317;303;298;274;269;28;19;19;24;24;654;659;717;721;774;779;914;919;1429;1434;1487;1491;1515;1520;1578;1583;1785;1790;1852;1857;1891;1896;1944;1949;2088;2093;2141;2146;2175;2180;2233;2237;2420;2425;2459;2459
1700386135287396.gadget2d_resized_512x512.png;class_0;1.0;polygon;y values;164;166;166;169;169;166;166;169;169;172;172;175;175;178;178;181;181;184;184;187;187;190;190;193;193;196;196;199;199;202;202;205;205;208;208;210;210;216;1280;1283;1286;1286;1283;1283;1280;1280;1277;1277;1274;1274;1271;1271;1268;1268;1265;1265;1262;1262;1259;1259;1256;1256;1253;1253;1250;1250;1248;1248;1245;1245;1242;1242;1239;1239;1236;1236;164
1700399576450095.gadget2d_resized_512x512.png;class_0;1.0;polygon;x values;1795;1790;1679;1674;1549;1544;1414;1410;1053;1049;986;981;962;957;919;914;678;673;567;563;524;519;471;466;303;298;274;269;255;250;221;216;28;19;19;28;62;67;437;442;808;813;952;957;1164;1169;1328;1333;1400;1405;1434;1438;1458;1463;1482;1487;1511;1515;1626;1631;1703;1708;1751;1756;1867;1872;1929;1934;1992;1997;2026;2030;2054;2059;2088;2093;2136;2141;2175;2180;2194;2199;2228;2233;2362;2367;2406;2411;2459;2459
1700399576450095.gadget2d_resized_512x512.png;class_0;1.0;polygon;y values;164;166;166;169;169;172;172;175;175;178;178;181;181;184;184;187;187;190;190;193;193;196;196;199;199;202;202;205;205;208;208;210;210;216;1283;1289;1289;1286;1286;1283;1283;1280;1280;1277;1277;1274;1274;1271;1271;1268;1268;1265;1265;1262;1262;1259;1259;1256;1256;1259;1259;1262;1262;1259;1259;1256;1256;1253;1253;1250;1250;1248;1248;1245;1245;1242;1242;1239;1239;1236;1236;1233;1233;1230;1230;1233;1233;1236;1236;164
1698132408627478.gadget2d_resized_512x512.png;class_0;1.0;polygon;x values;24;19;19;24;43;48;125;129;149;154;197;202;351;356;394;399;413;418;452;457;601;606;654;659;688;693;745;750;943;948;1005;1010;1034;1039;1087;1092;1280;1284;1371;1376;1443;1448;1592;1597;2338;2343;2459;2459;2367;2362;2334;2329;2324;2319;2290;2285;2088;2083;2040;2035;2016;2011;1953;1949;1737;1732;1708;1703;1689;1684;1665;1660;1333;1328;1222;1217;1145;1140;1039;1034
1698132408627478.gadget2d_resized_512x512.png;class_0;1.0;polygon;y values;70;73;1306;1309;1309;1312;1312;1315;1315;1318;1318;1321;1321;1324;1324;1327;1327;1330;1330;1333;1333;1335;1335;1338;1338;1341;1341;1344;1344;1347;1347;1350;1350;1353;1353;1356;1356;1359;1359;1362;1362;1365;1365;1368;1368;1371;1371;117;117;114;114;111;111;108;108;105;105;102;102;99;99;96;96;93;93;90;90;87;87;84;84;82;82;79;79;76;76;73;73;70
1698274077621782.gadget2d_resized_512x512.png;class_0;1.0;polygon;x values;24;19;19;28;182;187;245;250;279;283;341;346;466;471;514;519;543;548;587;591;731;736;779;784;813;818;880;885;1068;1073;1126;1130;1150;1155;1198;1203;1463;1467;1583;1588;1626;1631;2006;2011;2459;2459;2435;2430;2420;2415;2382;2377;2131;2127;2093;2088;2069;2064;2035;2030;1799;1795;1756;1751;1742;1737;1713;1708;1501;1496;1361;1357;1299;1294;1227;1222
1698274077621782.gadget2d_resized_512x512.png;class_0;1.0;polygon;y values;93;96;1327;1333;1333;1335;1335;1338;1338;1341;1341;1344;1344;1347;1347;1350;1350;1353;1353;1356;1356;1359;1359;1362;1362;1365;1365;1368;1368;1371;1371;1374;1374;1376;1376;1379;1379;1382;1382;1385;1385;1388;1388;1391;1391;137;137;134;134;131;131;128;128;125;125;123;123;120;120;117;117;114;114;111;111;108;108;105;105;102;102;99;99;96;96;93
1698013796084750.gadget2d_resized_512x512.png;class_0;1.0;polygon;x values;0;0;72;77;96;101;158;163;168;173;178;182;202;206;312;317;399;404;452;457;481;486;514;519;702;707;774;779;822;827;1164;1169;1284;1289;1617;1621;1694;1698;1886;1891;1977;1982;2088;2093;2247;2252;2281;2285;2444;2449;2459;2459;2449;2444;2435;2430;2411;2406;2329;2324;2290;2285;2266;2261;2257;2252;2237;2233;2040;2035;2011;2006;1992;1987;1958;1953;1799;1795;1751;1746;1703;1698;1641;1636;1520;1515;1419;1414;1395;1390;1361;1357;1174;1169;1164;1155;1145;1140;1106;1102;1082;1078;1068;1063;1039;1034;847;842;750;745;664;659;620;616;596;591;524;519;510;505;476;471;360;356;226;221
1698013796084750.gadget2d_resized_512x512.png;class_0;1.0;polygon;y values;187;1347;1347;1350;1350;1353;1353;1350;1350;1347;1347;1344;1344;1341;1341;1344;1344;1347;1347;1350;1350;1353;1353;1356;1356;1359;1359;1362;1362;1365;1365;1368;1368;1371;1371;1374;1374;1376;1376;1374;1374;1371;1371;1368;1368;1371;1371;1374;1374;1376;1376;216;216;219;219;222;222;225;225;222;222;219;219;216;216;213;213;210;210;208;208;205;205;202;202;199;199;196;196;193;193;190;190;193;193;196;196;193;193;190;190;187;187;190;190;196;196;199;199;196;196;193;193;190;190;187;187;190;190;187;187;190;190;193;193;196;196;193;193;190;190;187;187;190;190;187
1699851972972020.gadget2d_resized_512x512.png;class_0;1.0;polygon;x values;24;19;19;24;24;28;91;96;226;231;283;288;312;317;360;365;510;514;587;591;620;625;664;668;760;765;842;847;919;924;986;991;1164;1169;1227;1232;1265;1270;1328;1333;1617;1621;2194;2199;2372;2377;2459;2459;2415;2411;2377;2372;2338;2334;2189;2184;2127;2122;2093;2088;2040;2035;1751;1746;1703;1698;1679;1674;1650;1645;1559;1554;1251;1246;1212;1207;1116;1111
1699851972972020.gadget2d_resized_512x512.png;class_0;1.0;polygon;y values;93;96;1333;1335;1338;1341;1341;1344;1344;1347;1347;1350;1350;1353;1353;1356;1356;1359;1359;1362;1362;1365;1365;1368;1368;1371;1371;1374;1374;1376;1376;1379;1379;1382;1382;1385;1385;1388;1388;1391;1391;1394;1394;1397;1397;1400;1400;137;137;134;134;131;131;128;128;125;125;123;123;120;120;117;117;114;114;111;111;108;108;105;105;102;102;99;99;96;96;93
1699907527168218.gadget2d_resized_512x512.png;class_0;1.0;polygon;x values;466;462;452;447;447;442;442;437;437;433;433;428;428;423;423;418;418;413;413;409;409;413;413;418;418;423;423;428;428;433;433;437;437;442;442;447;447;452;452;457;457;466;466;476;476;481;481;486;486;490;490;519;519;529;529;534;534;539;539;543;543;548;548;553;553;558;558;563;563;567;567;572;572;577;577;582;582;587;587;582;582;572;567;563;553;548;529;524;486;481;471;466;457;437;437;433;433;418;413;399;389;385;360;356;341;336;332;327;312;308;259;255;226;221;206;202;163;158;43;43;38;38;43;43;48;129;134;245;250;288;293;312;317;341;346;409;413;437;442;457;462;476;481;510;514;534;539;548;553;567;572;620;625;640;644;659;664;673;678;702;707;717;721;731;736;745;750;770;774;784;789;794;798;813;818;832;837;856;866;875;880;899;904;924;928;933;938;943;948;967;972;986;991;996;1001;1015;1020;1039;1044;1053;1058;1063;1068;1078;1082;1097;1102;1111;1116;1126;1130;1140;1145;1164;1169;1174;1179;1183;1188;1203;1207;1217;1222;1236;1241;1251;1256;1270;1275;1294;1299;1318;1323;1333;1337;1352;1357;1371;1376;1395;1400;1405;1410;1429;1434;1458;1463;1487;1491;1506;1511;1525;1530;1559;1564;1592;1597;1617;1621;1641;1645;1698;1703;1732;1737;1751;1756;1775;1780;1833;1838;1886;1891;1905;1910;1944;1949;2040;2045;2098;2103;2146;2151;2247;2252;2459;2459;2430;2425;2415;2411;2382;2377;2271;2266;2228;2223;2213;2208;2189;2184;2122;2117;2093;2088;2079;2074;2059;2054;1968;1963;1944;1939;1934;1929;1910;1905;1838;1833;1819;1814;1804;1799;1785;1780;1746;1742;1722;1718;1713;1703;1689;1684;1674;1669;1665;1655;1645;1641;1626;1621;1607;1602;1597;1592;1568;1564;1535;1530;1525;1520;1520;1525;1568;1573;1621;1626;1641;1645;1684;1689;1698;1708;1674;1669;1592;1588;1477;1472;1419;1414
1699907527168218.gadget2d_resized_512x512.png;class_0;1.0;polygon;y values;23;26;26;29;32;35;46;49;58;61;64;67;73;76;82;84;111;114;137;140;158;161;166;169;172;175;178;181;184;187;190;193;199;202;222;225;240;243;249;251;260;266;269;275;281;284;287;290;292;295;298;316;319;325;328;331;333;336;339;342;345;348;351;354;357;360;366;369;377;380;389;392;404;407;413;416;421;424;430;433;436;442;442;445;445;448;448;451;451;448;448;445;445;433;427;424;418;410;410;401;401;398;398;395;395;392;392;389;389;386;386;383;383;380;380;377;377;375;375;377;380;1145;1148;1151;1154;1154;1157;1157;1160;1160;1163;1163;1166;1166;1168;1168;1171;1171;1174;1174;1177;1177;1180;1180;1183;1183;1186;1186;1189;1189;1192;1192;1195;1195;1198;1198;1201;1201;1204;1204;1207;1207;1209;1209;1212;1212;1215;1215;1218;1218;1221;1221;1224;1224;1227;1227;1230;1230;1236;1236;1239;1239;1242;1242;1245;1245;1248;1248;1250;1250;1253;1253;1256;1256;1259;1259;1262;1262;1265;1265;1268;1268;1271;1271;1274;1274;1277;1277;1280;1280;1283;1283;1286;1286;1289;1289;1291;1291;1294;1294;1297;1297;1300;1300;1303;1303;1306;1306;1309;1309;1312;1312;1315;1315;1318;1318;1321;1321;1324;1324;1327;1327;1330;1330;1333;1333;1335;1335;1338;1338;1341;1341;1344;1344;1347;1347;1350;1350;1353;1353;1356;1356;1359;1359;1362;1362;1365;1365;1368;1368;1371;1371;1374;1374;1376;1376;1379;1379;1382;1382;1385;1385;1388;1388;1391;1391;137;137;134;134;131;131;128;128;125;125;123;123;120;120;117;117;114;114;111;111;108;108;105;105;102;102;99;99;96;96;93;93;90;90;87;87;84;84;82;82;79;79;76;76;70;70;67;67;64;64;58;58;55;55;52;52;49;49;46;46;43;43;41;41;38;32;29;29;32;32;35;35;38;38;35;35;29;29;26;26;29;29;26;26;23
1700298734460273.gadget2d_resized_512x512.png;class_0;1.0;polygon;x values;2035;2030;1939;1934;1881;1876;1804;1799;1299;1294;1222;1217;1174;1169;1087;1082;813;808;765;760;745;741;702;697;423;418;389;385;370;365;322;317;62;57;19;14;0;0;14;19;173;178;327;332;697;702;1140;1145;1232;1236;1299;1304;1371;1376;1578;1583;1631;1636;1665;1669;1727;1732;1992;1997;2035;2040;2059;2064;2098;2103;2223;2228;2261;2266;2290;2295;2343;2348;2459;2459
1700298734460273.gadget2d_resized_512x512.png;class_0;1.0;polygon;y values;175;178;178;181;181;184;184;187;187;190;190;193;193;196;196;199;199;202;202;205;205;208;208;210;210;213;213;216;216;219;219;222;222;225;225;228;228;1303;1303;1300;1300;1297;1297;1300;1300;1297;1297;1294;1294;1291;1291;1289;1289;1286;1286;1283;1283;1280;1280;1277;1277;1274;1274;1271;1271;1268;1268;1265;1265;1262;1262;1259;1259;1256;1256;1253;1253;1250;1250;175
1698289049939532.gadget2d_resized_512x512.png;class_0;1.0;polygon;x values;24;19;19;24;24;33;38;96;101;274;279;336;341;365;370;423;428;548;553;596;601;630;635;678;683;919;924;1025;1029;1082;1087;1140;1145;1304;1309;1434;1438;1487;1491;1588;1592;2459;2459;2208;2204;2170;2165;2151;2146;2117;2112;1867;1862;1814;1809;1785;1780;1742;1737;1525;1520;1443;1438;1405;1400;1323;1318
1698289049939532.gadget2d_resized_512x512.png;class_0;1.0;polygon;y values;82;84;1321;1324;1327;1327;1330;1330;1333;1333;1335;1335;1338;1338;1341;1341;1344;1344;1347;1347;1350;1350;1353;1353;1356;1356;1359;1359;1362;1362;1365;1365;1368;1368;1371;1371;1374;1374;1376;1376;1379;1379;117;117;114;114;111;111;108;108;105;105;102;102;99;99;96;96;93;93;90;90;87;87;84;84;82
1699836056531941.gadget2d_resized_512x512.png;class_0;1.0;polygon;x values;1862;1857;1612;1607;1554;1549;1414;1410;1063;1058;976;972;948;943;899;895;510;505;466;462;447;442;409;404;231;226;192;187;173;168;129;125;24;19;19;24;851;856;1092;1097;1251;1256;1395;1400;1583;1588;1631;1636;1660;1665;1698;1703;1780;1785;1843;1848;1905;1910;1939;1944;2035;2040;2131;2136;2257;2261;2300;2305;2314;2319;2348;2353;2459;2459
1699836056531941.gadget2d_resized_512x512.png;class_0;1.0;polygon;y values;210;213;213;216;216;219;219;222;222;225;225;228;228;231;231;234;234;237;237;240;240;243;243;246;246;249;249;251;251;254;254;257;257;260;1318;1321;1321;1318;1318;1315;1315;1312;1312;1309;1309;1306;1306;1303;1303;1300;1300;1297;1297;1294;1294;1291;1291;1289;1289;1291;1291;1289;1289;1286;1286;1283;1283;1280;1280;1277;1277;1274;1274;210
1699811723143712.gadget2d_resized_512x512.png;class_0;1.0;polygon;x values;24;19;19;24;24;48;52;250;255;308;312;336;341;389;394;510;514;543;548;558;563;596;601;851;856;948;952;1001;1005;1068;1073;1212;1217;1328;1333;1371;1376;1438;1443;2439;2444;2459;2459;2454;2449;2228;2223;2199;2194;2180;2175;2146;2141;1876;1872;1848;1843;1828;1823;1780;1775;1515;1511;1414;1410;1371;1366;1299;1294
1699811723143712.gadget2d_resized_512x512.png;class_0;1.0;polygon;y values;82;84;1324;1327;1330;1330;1333;1333;1335;1335;1338;1338;1341;1341;1344;1344;1347;1347;1350;1350;1353;1353;1356;1356;1359;1359;1362;1362;1365;1365;1368;1368;1371;1371;1374;1374;1376;1376;1379;1379;1382;1382;120;120;117;117;114;114;111;111;108;108;105;105;102;102;99;99;96;96;93;93;90;90;87;87;84;84;82
1700351580015771.gadget2d_resized_512x512.png;class_0;1.0;polygon;x values;1891;1886;1771;1766;1631;1626;1506;1501;1116;1111;1039;1034;996;991;943;938;620;616;519;514;490;486;442;437;288;283;255;250;240;235;206;202;24;19;19;24;24;389;394;514;519;654;659;702;707;842;847;1222;1227;1323;1328;1381;1386;1472;1477;1713;1718;1780;1785;1809;1814;1872;1876;2050;2054;2103;2107;2136;2141;2199;2204;2406;2411;2459;2459
1700351580015771.gadget2d_resized_512x512.png;class_0;1.0;polygon;y values;164;166;166;169;169;172;172;175;175;178;178;181;181;184;184;187;187;190;190;193;193;196;196;199;199;202;202;205;205;208;208;210;210;213;1277;1280;1283;1283;1286;1286;1283;1283;1280;1280;1277;1277;1274;1274;1271;1271;1268;1268;1265;1265;1262;1262;1259;1259;1256;1256;1253;1253;1250;1250;1248;1248;1245;1245;1242;1242;1239;1239;1236;1236;164
1698711803976248.gadget2d_resized_512x512.png;class_0;1.0;polygon;x values;33;28;24;19;19;24;24;67;72;221;226;288;293;317;322;365;370;514;519;601;606;635;640;683;688;794;798;909;914;981;986;1063;1068;1193;1198;1265;1270;1304;1309;1357;1361;1660;1665;1804;1809;1958;1963;2136;2141;2295;2300;2338;2343;2459;2459;2444;2439;2266;2261;2208;2204;2180;2175;2136;2131;1905;1900;1862;1857;1823;1819;1737;1732;1679;1674;1564;1559;1448;1443;1289;1284;808;803;765;760;750;745;693;688;635;630;274;269
1698711803976248.gadget2d_resized_512x512.png;class_0;1.0;polygon;y values;82;84;84;87;1312;1315;1318;1318;1321;1321;1324;1324;1327;1327;1330;1330;1333;1333;1335;1335;1338;1338;1341;1341;1344;1344;1347;1347;1350;1350;1353;1353;1356;1356;1359;1359;1362;1362;1365;1365;1368;1368;1371;1371;1368;1368;1371;1371;1374;1374;1371;1371;1374;1374;131;131;128;128;125;125;123;123;120;120;117;117;114;114;111;111;108;108;105;105;102;102;99;99;96;96;93;93;90;90;87;87;84;84;82;82;84;84;82
1700285525700949.gadget2d_resized_512x512.png;class_0;1.0;polygon;x values;1390;1386;1313;1309;1280;1275;1217;1212;895;890;832;827;798;794;755;750;524;519;486;481;466;462;409;404;173;168;110;105;67;62;0;0;24;28;120;125;269;274;283;288;375;380;428;433;659;664;765;770;1222;1227;1313;1318;1371;1376;1467;1472;1645;1650;1718;1722;1751;1756;1814;1819;2016;2021;2054;2059;2088;2093;2146;2151;2285;2290;2338;2343;2372;2377;2420;2425;2459;2459
1700285525700949.gadget2d_resized_512x512.png;class_0;1.0;polygon;y values;175;178;178;181;181;184;184;187;187;190;190;193;193;196;196;199;199;202;202;205;205;208;208;210;210;213;213;216;216;219;219;1297;1297;1294;1294;1291;1291;1294;1294;1291;1291;1294;1294;1291;1291;1289;1289;1286;1286;1283;1283;1280;1280;1277;1277;1274;1274;1271;1271;1268;1268;1265;1265;1262;1262;1259;1259;1256;1256;1253;1253;1250;1250;1248;1248;1245;1245;1242;1242;1239;1239;175
1700353430037399.gadget2d_resized_512x512.png;class_0;1.0;polygon;x values;1602;1597;1530;1525;1487;1482;1410;1405;1097;1092;1005;1001;962;957;904;899;673;668;630;625;601;596;543;539;303;298;250;245;216;211;168;163;0;0;19;24;250;255;385;389;625;630;683;688;784;789;1207;1212;1299;1304;1357;1361;1458;1463;1645;1650;1708;1713;1742;1746;1809;1814;2002;2006;2040;2045;2059;2064;2117;2122;2295;2300;2353;2358;2377;2382;2415;2420;2459;2459
1700353430037399.gadget2d_resized_512x512.png;class_0;1.0;polygon;y values;175;178;178;181;181;184;184;187;187;190;190;193;193;196;196;199;199;202;202;205;205;208;208;210;210;213;213;216;216;219;219;222;222;1297;1297;1294;1294;1291;1291;1294;1294;1291;1291;1289;1289;1286;1286;1283;1283;1280;1280;1277;1277;1274;1274;1271;1271;1268;1268;1265;1265;1262;1262;1259;1259;1256;1256;1253;1253;1250;1250;1248;1248;1245;1245;1242;1242;1239;1239;175
1698172263496213.gadget2d_resized_512x512.png;class_0;1.0;polygon;x values;24;19;19;28;105;110;134;139;178;182;341;346;394;399;413;418;462;466;587;591;630;635;654;659;702;707;967;972;1025;1029;1058;1063;1121;1126;1275;1280;1357;1361;1390;1395;1463;1467;2079;2083;2338;2343;2415;2420;2459;2459;2406;2401;2353;2348;2334;2329;2295;2290;2079;2074;2054;2050;2030;2026;1997;1992;1761;1756;1718;1713;1698;1694;1650;1645;1400;1395;1299;1294;1256;1251;1169;1164
1698172263496213.gadget2d_resized_512x512.png;class_0;1.0;polygon;y values;82;84;1318;1324;1324;1327;1327;1330;1330;1333;1333;1335;1335;1338;1338;1341;1341;1344;1344;1347;1347;1350;1350;1353;1353;1356;1356;1359;1359;1362;1362;1365;1365;1368;1368;1371;1371;1374;1374;1376;1376;1379;1379;1382;1382;1385;1385;1388;1388;128;128;125;125;123;123;120;120;117;117;114;114;111;111;108;108;105;105;102;102;99;99;96;96;93;93;90;90;87;87;84;84;82
1700076147722527.gadget2d_resized_512x512.png;class_0;1.0;polygon;x values;24;19;19;24;24;28;101;105;168;173;303;308;380;385;409;413;462;466;659;664;717;721;741;745;774;779;861;866;967;972;996;1001;1053;1058;1183;1188;1260;1265;1294;1299;1371;1376;1934;1939;2276;2281;2362;2367;2459;2459;2449;2444;2218;2213;2180;2175;2170;2165;2136;2131;1929;1925;1886;1881;1862;1857;1814;1809;1607;1602;1549;1544;1515;1511;1458;1453;1039;1034;962;957;798;794;697;693
1700076147722527.gadget2d_resized_512x512.png;class_0;1.0;polygon;y values;93;96;1330;1333;1335;1338;1338;1341;1341;1344;1344;1347;1347;1350;1350;1353;1353;1356;1356;1359;1359;1362;1362;1365;1365;1368;1368;1371;1371;1374;1374;1376;1376;1379;1379;1382;1382;1385;1385;1388;1388;1391;1391;1394;1394;1397;1397;1400;1400;143;143;140;140;137;137;134;134;131;131;128;128;125;125;123;123;120;120;117;117;114;114;111;111;108;108;105;105;102;102;99;99;96;96;93
1698700979749061.gadget2d_resized_512x512.png;class_0;1.0;polygon;x values;24;19;19;24;24;28;67;72;240;245;303;308;332;336;389;394;519;524;577;582;606;611;664;668;784;789;875;880;943;948;1044;1049;1164;1169;1241;1246;1280;1284;1357;1361;1896;1900;2204;2208;2372;2377;2382;2387;2449;2454;2459;2459;2329;2324;2290;2285;2276;2271;2237;2233;2016;2011;1977;1973;1953;1949;1910;1905;1718;1713;1679;1674;1665;1660;1568;1564;1164;1159;1087;1082;1049;1044;962;957
1698700979749061.gadget2d_resized_512x512.png;class_0;1.0;polygon;y values;82;84;1321;1324;1327;1330;1330;1333;1333;1335;1335;1338;1338;1341;1341;1344;1344;1347;1347;1350;1350;1353;1353;1356;1356;1359;1359;1362;1362;1365;1365;1368;1368;1371;1371;1374;1374;1376;1376;1379;1379;1382;1382;1385;1385;1388;1388;1385;1385;1388;1388;128;128;125;125;123;123;120;120;117;117;114;114;111;111;108;108;105;105;102;102;99;99;96;96;93;93;90;90;87;87;84;84;82
1698079188488491.gadget2d_resized_512x512.png;class_0;1.0;polygon;x values;33;28;24;19;19;28;202;206;250;255;279;283;322;327;457;462;510;514;529;534;587;591;798;803;861;866;928;933;991;996;1159;1164;1222;1227;1270;1275;1366;1371;2290;2295;2459;2459;2444;2439;2425;2420;2391;2387;2367;2362;2334;2329;2319;2314;2285;2281;2122;2117;2098;2093;2088;2083;2054;2050;1722;1718;1679;1674;1669;1665;1636;1631;1410;1405;1275;1270;948;943;890;885;861;856;779;774;385;380;269;264
1698079188488491.gadget2d_resized_512x512.png;class_0;1.0;polygon;y values;105;108;108;111;1338;1344;1344;1347;1347;1350;1350;1353;1353;1356;1356;1359;1359;1362;1362;1365;1365;1368;1368;1371;1371;1374;1374;1376;1376;1379;1379;1382;1382;1385;1385;1388;1388;1391;1391;1394;1394;137;137;134;134;131;131;128;128;131;131;134;134;137;137;140;140;137;137;134;134;131;131;128;128;125;125;123;123;120;120;117;117;114;114;117;117;114;114;111;111;108;108;105;105;108;108;105
1700299067463305.gadget2d_resized_512x512.png;class_0;1.0;polygon;x values;1650;1645;1525;1520;1453;1448;1376;1371;1049;1044;981;976;948;943;899;895;606;601;558;553;534;529;490;486;283;279;226;221;202;197;158;154;0;0;4;9;673;678;755;760;827;832;1034;1039;1381;1386;1434;1438;1472;1477;1559;1564;1742;1746;1809;1814;1838;1843;1900;1905;2069;2074;2117;2122;2151;2156;2204;2208;2353;2358;2401;2406;2420;2425;2459;2459
1700299067463305.gadget2d_resized_512x512.png;class_0;1.0;polygon;y values;175;178;178;181;181;184;184;187;187;190;190;193;193;196;196;199;199;202;202;205;205;208;208;210;210;213;213;216;216;219;219;222;222;1300;1300;1297;1297;1294;1294;1291;1291;1289;1289;1286;1286;1283;1283;1280;1280;1277;1277;1274;1274;1271;1271;1268;1268;1265;1265;1262;1262;1259;1259;1256;1256;1253;1253;1250;1250;1248;1248;1245;1245;1242;1242;175
1699835900531570.gadget2d_resized_512x512.png;class_0;1.0;polygon;x values;2290;2285;1876;1872;1790;1785;1597;1592;1169;1164;1097;1092;1049;1044;986;981;654;649;519;514;490;486;442;437;279;274;245;240;226;221;187;182;24;19;19;24;24;255;259;433;437;572;577;750;755;1275;1280;1390;1395;1453;1458;1559;1564;1665;1669;1703;1708;1727;1732;1804;1809;2098;2103;2141;2146;2170;2175;2281;2285;2362;2367;2415;2420;2444;2449;2459;2459;2454;2449
1699835900531570.gadget2d_resized_512x512.png;class_0;1.0;polygon;y values;210;213;213;216;216;219;219;222;222;225;225;228;228;231;231;234;234;237;237;240;240;243;243;246;246;249;249;251;251;254;254;257;257;260;1309;1312;1315;1315;1312;1312;1309;1309;1312;1312;1309;1309;1306;1306;1303;1303;1300;1300;1297;1297;1294;1294;1291;1291;1289;1289;1286;1286;1283;1283;1280;1280;1277;1277;1274;1274;1271;1271;1268;1268;1271;1271;213;213;210
1700007584545576.gadget2d_resized_512x512.png;class_0;1.0;polygon;x values;2112;2107;2026;2021;1973;1968;1775;1771;1207;1203;1082;1078;1044;1039;1020;1015;1001;996;904;899;856;851;784;779;745;741;736;731;726;721;712;707;654;649;606;601;596;563;558;476;471;404;399;250;245;216;211;197;192;154;149;24;19;19;24;24;28;38;43;48;52;57;62;67;72;240;245;288;293;327;332;462;466;678;683;745;750;818;822;1001;1005;1044;1049;1111;1116;1212;1217;1251;1256;1289;1294;1323;1328;1371;1376;1636;1641;1756;1761;1814;1819;1896;1900;1958;1963;1987;1992;2079;2083;2261;2266;2334;2338;2372;2377;2459;2459;2449;2444;2257;2252;2199;2194
1700007584545576.gadget2d_resized_512x512.png;class_0;1.0;polygon;y values;281;284;284;287;287;290;290;292;292;295;295;292;292;290;290;287;287;284;284;287;287;290;290;292;292;295;295;298;298;301;301;304;304;307;307;310;307;307;310;310;313;313;316;316;319;319;322;322;325;325;328;328;331;1394;1397;1406;1409;1409;1406;1406;1403;1403;1400;1400;1397;1397;1400;1400;1403;1403;1400;1400;1403;1403;1406;1406;1409;1409;1412;1412;1409;1409;1412;1412;1409;1409;1406;1406;1403;1403;1400;1400;1397;1397;1394;1394;1397;1397;1394;1394;1391;1391;1388;1388;1385;1385;1382;1382;1379;1379;1376;1376;1374;1374;1371;1371;284;284;281;281;284;284;281
1700399590318426.gadget2d_resized_512x512.png;class_0;1.0;polygon;x values;28;19;19;28;202;206;269;274;308;312;360;365;558;563;616;620;635;640;673;678;794;798;880;885;948;952;1039;1044;1145;1150;1212;1217;1246;1251;1289;1294;1438;1443;1573;1578;1843;1848;2281;2285;2459;2459;2242;2237;2204;2199;2180;2175;2146;2141;1896;1891;1852;1848;1828;1823;1775;1771;1636;1631;1554;1549;1520;1515;1487;1482;1453;1448;1337;1333;976;972;909;904;861;856;832;827;741;736;635;630
1700399590318426.gadget2d_resized_512x512.png;class_0;1.0;polygon;y values;70;76;1327;1333;1333;1335;1335;1338;1338;1341;1341;1344;1344;1347;1347;1350;1350;1353;1353;1356;1356;1359;1359;1362;1362;1365;1365;1368;1368;1371;1371;1374;1374;1376;1376;1379;1379;1382;1382;1385;1385;1388;1388;1391;1391;117;117;114;114;111;111;108;108;105;105;102;102;99;99;96;96;93;93;90;90;87;87;84;84;82;82;79;79;82;82;79;79;76;76;73;73;76;76;73;73;70
1699815245217789.gadget2d_resized_512x512.png;class_0;1.0;polygon;x values;24;19;19;24;96;101;154;158;173;178;221;226;360;365;399;404;423;428;466;471;606;611;668;673;697;702;750;755;948;952;1010;1015;1044;1049;1097;1102;1309;1313;1366;1371;1405;1410;1515;1520;2204;2208;2459;2459;2362;2358;2334;2329;2319;2314;2290;2285;2088;2083;2050;2045;2021;2016;1973;1968;1732;1727;1698;1694;1679;1674;1650;1645;1414;1410;1256;1251;1212;1207;1155;1150
1699815245217789.gadget2d_resized_512x512.png;class_0;1.0;polygon;y values;93;96;1330;1333;1333;1335;1335;1338;1338;1341;1341;1344;1344;1347;1347;1350;1350;1353;1353;1356;1356;1359;1359;1362;1362;1365;1365;1368;1368;1371;1371;1374;1374;1376;1376;1379;1379;1382;1382;1385;1385;1388;1388;1391;1391;1394;1394;140;140;137;137;134;134;131;131;128;128;125;125;123;123;120;120;117;117;114;114;111;111;108;108;105;105;102;102;99;99;96;96;93
1699964583041284.gadget2d_resized_512x512.png;class_0;1.0;polygon;x values;741;736;726;721;721;717;712;707;697;693;668;664;630;625;519;514;288;283;235;231;206;202;158;154;24;19;19;24;24;28;33;38;370;375;505;510;774;779;1232;1236;1419;1424;1496;1501;1544;1549;1626;1631;1809;1814;1876;1881;1910;1915;1949;1953;2093;2098;2170;2175;2204;2208;2276;2281;2415;2420;2435;2439;2459;2459;2449;2444;2165;2160;2098;2093;2064;2059;1992;1987;1857;1852;1780;1775;1159;1155;1106;1102;1082;1078;1068;1063;1058;1053;1039;1034
1699964583041284.gadget2d_resized_512x512.png;class_0;1.0;polygon;y values;292;295;295;298;310;313;313;316;316;319;319;322;322;325;325;328;328;331;331;333;333;336;336;339;339;342;1403;1406;1409;1412;1412;1409;1409;1406;1406;1409;1409;1406;1406;1403;1403;1400;1400;1397;1397;1394;1394;1391;1391;1388;1388;1385;1385;1382;1382;1379;1379;1376;1376;1374;1374;1371;1371;1368;1368;1365;1365;1368;1368;295;295;292;292;295;295;298;298;301;301;304;304;301;301;304;304;307;307;304;304;301;301;298;298;295;295;292
1699054669978032.gadget2d_resized_512x512.png;class_0;1.0;polygon;x values;24;19;19;24;24;62;67;120;125;264;269;312;317;336;341;385;389;495;500;529;534;553;558;601;606;731;736;784;789;818;822;875;880;1082;1087;1121;1126;1135;1140;1159;1164;1467;1472;1588;1592;1636;1641;1694;1698;2011;2016;2054;2059;2074;2079;2112;2117;2175;2180;2247;2252;2459;2459;2266;2261;2237;2233;2223;2218;2204;2199;2016;2011;1973;1968;1949;1944;1910;1905;1732;1727;1708;1703;1694;1689;1669;1665;1491;1487;1410;1405;1376;1371;1323;1318
1699054669978032.gadget2d_resized_512x512.png;class_0;1.0;polygon;y values;117;120;1333;1335;1338;1338;1341;1341;1344;1344;1347;1347;1350;1350;1353;1353;1356;1356;1359;1359;1362;1362;1365;1365;1368;1368;1371;1371;1374;1374;1376;1376;1379;1379;1382;1382;1385;1385;1388;1388;1391;1391;1394;1394;1397;1397;1400;1400;1403;1403;1406;1406;1409;1409;1412;1412;1415;1415;1412;1412;1409;1409;164;164;161;161;158;158;155;155;152;152;149;149;146;146;143;143;140;140;137;137;134;134;131;131;128;128;125;125;123;123;120;120;117
1698177597606017.gadget2d_resized_512x512.png;class_0;1.0;polygon;x values;24;19;19;24;24;38;43;81;86;129;134;298;303;360;365;389;394;442;447;563;567;606;611;630;635;673;678;899;904;996;1001;1044;1049;1106;1111;1256;1260;1342;1347;1381;1386;1448;1453;1944;1949;2146;2151;2257;2261;2459;2459;2439;2435;2387;2382;2131;2127;2098;2093;2088;2083;2054;2050;1814;1809;1766;1761;1746;1742;1703;1698;1506;1501;1443;1438;1410;1405;1357;1352
1698177597606017.gadget2d_resized_512x512.png;class_0;1.0;polygon;y values;82;84;1318;1321;1324;1324;1327;1327;1330;1330;1333;1333;1335;1335;1338;1338;1341;1341;1344;1344;1347;1347;1350;1350;1353;1353;1356;1356;1359;1359;1362;1362;1365;1365;1368;1368;1371;1371;1374;1374;1376;1376;1379;1379;1382;1382;1385;1385;1388;1388;123;123;120;120;117;117;114;114;111;111;108;108;105;105;102;102;99;99;96;96;93;93;90;90;87;87;84;84;82
1697994598685226.gadget2d_resized_512x512.png;class_0;1.0;polygon;x values;0;0;4;9;115;120;144;149;197;202;317;322;365;370;394;399;433;437;534;539;577;582;596;601;640;644;933;938;1015;1020;1049;1053;1121;1126;1289;1294;1361;1366;1400;1405;1549;1554;2459;2459;2290;2285;2247;2242;2218;2213;2180;2175;1934;1929;1900;1896;1876;1872;1833;1828;1655;1650;1554;1549;1506;1501;1434;1429
1697994598685226.gadget2d_resized_512x512.png;class_0;1.0;polygon;y values;93;1338;1338;1335;1335;1338;1338;1341;1341;1344;1344;1347;1347;1350;1350;1353;1353;1356;1356;1359;1359;1362;1362;1365;1365;1368;1368;1371;1371;1374;1374;1376;1376;1379;1379;1382;1382;1385;1385;1388;1388;1391;1391;128;128;125;125;123;123;120;120;117;117;114;114;111;111;108;108;105;105;102;102;99;99;96;96;93
1700005602510136.gadget2d_resized_512x512.png;class_0;1.0;polygon;x values;741;736;726;726;721;721;707;693;688;668;664;640;635;601;596;332;327;288;283;269;264;231;226;24;19;19;24;24;28;57;62;394;399;524;529;548;553;664;668;707;712;851;856;1337;1342;1414;1419;1453;1458;1520;1525;1703;1708;1766;1771;1809;1814;1915;1920;2030;2035;2112;2117;2146;2151;2204;2208;2329;2334;2401;2406;2459;2459;2069;2064;2006;2002;1973;1968;1742;1737;1217;1212;1087;1082;1068;1063;1058;1049;1039;1034
1700005602510136.gadget2d_resized_512x512.png;class_0;1.0;polygon;y values;292;295;295;298;301;307;316;316;319;319;322;322;325;325;328;328;331;331;333;333;336;336;339;339;342;1403;1406;1409;1412;1412;1409;1409;1412;1412;1415;1415;1412;1412;1409;1409;1406;1406;1403;1403;1400;1400;1397;1397;1394;1394;1391;1391;1388;1388;1385;1385;1382;1382;1379;1379;1376;1376;1374;1374;1371;1371;1368;1368;1365;1365;1362;1362;292;292;295;295;298;298;301;301;304;304;307;307;304;304;301;301;295;295;292
1699815084212501.gadget2d_resized_512x512.png;class_0;1.0;polygon;x values;24;19;19;28;168;173;211;216;240;245;288;293;404;409;442;447;466;471;495;500;635;640;707;712;736;741;822;827;1049;1053;1102;1106;1130;1135;1179;1183;1434;1438;1549;1554;1617;1621;1718;1722;2459;2459;2420;2415;2401;2396;2367;2362;2156;2151;2122;2117;2098;2093;2059;2054;1833;1828;1795;1790;1771;1766;1742;1737;1597;1592;1511;1506;1434;1429;1323;1318
1699815084212501.gadget2d_resized_512x512.png;class_0;1.0;polygon;y values;93;96;1327;1333;1333;1335;1335;1338;1338;1341;1341;1344;1344;1347;1347;1350;1350;1353;1353;1356;1356;1359;1359;1362;1362;1365;1365;1368;1368;1371;1371;1374;1374;1376;1376;1379;1379;1382;1382;1385;1385;1388;1388;1391;1391;137;137;134;134;131;131;128;128;125;125;123;123;120;120;117;117;114;114;111;111;108;108;105;105;102;102;99;99;96;96;93
1699806108032661.gadget2d_resized_512x512.png;class_0;1.0;polygon;x values;24;19;19;24;24;67;72;211;216;259;264;283;288;322;327;490;495;519;524;539;543;567;572;726;731;808;813;851;856;914;919;1159;1164;1203;1207;1236;1241;1299;1304;1674;1679;1795;1799;1997;2002;2300;2305;2459;2459;2257;2252;2223;2218;2208;2204;2180;2175;1934;1929;1891;1886;1867;1862;1819;1814;1602;1597;1554;1549;1525;1520;1463;1458
1699806108032661.gadget2d_resized_512x512.png;class_0;1.0;polygon;y values;82;84;1312;1315;1318;1318;1321;1321;1324;1324;1327;1327;1330;1330;1333;1333;1335;1335;1338;1338;1341;1341;1344;1344;1347;1347;1350;1350;1353;1353;1356;1356;1359;1359;1362;1362;1365;1365;1368;1368;1371;1371;1374;1374;1376;1376;1379;1379;117;117;114;114;111;111;108;108;105;105;102;102;99;99;96;96;93;93;90;90;87;87;84;84;82
1698007206954200.gadget2d_resized_512x512.png;class_0;1.0;polygon;x values;24;19;19;24;129;134;178;182;206;211;259;264;418;423;471;476;490;495;534;539;673;678;717;721;736;741;774;779;1044;1049;1102;1106;1135;1140;1174;1179;1337;1342;1438;1443;1482;1487;1549;1554;2136;2141;2290;2295;2358;2362;2459;2459;2439;2435;2218;2213;2180;2175;2165;2160;2131;2127;1910;1905;1876;1872;1857;1852;1809;1804;1665;1660;1578;1573;1530;1525;1458;1453
1698007206954200.gadget2d_resized_512x512.png;class_0;1.0;polygon;y values;93;96;1318;1321;1321;1324;1324;1327;1327;1330;1330;1333;1333;1335;1335;1338;1338;1341;1341;1344;1344;1347;1347;1350;1350;1353;1353;1356;1356;1359;1359;1362;1362;1365;1365;1368;1368;1371;1371;1374;1374;1376;1376;1379;1379;1382;1382;1385;1385;1388;1388;131;131;128;128;125;125;123;123;120;120;117;117;114;114;111;111;108;108;105;105;102;102;99;99;96;96;93
1698013697082057.gadget2d_resized_512x512.png;class_0;1.0;polygon;x values;24;24;19;19;24;24;28;81;86;298;303;399;404;437;442;500;505;721;726;784;789;914;919;1044;1049;1333;1337;1645;1650;1742;1746;2459;2459;2449;2449;2454;2444;2439;2435;2319;2314;2247;2242;2218;2213;2189;2184;2131;2127;1968;1963;1915;1910;1910
1698013697082057.gadget2d_resized_512x512.png;class_0;1.0;polygon;y values;0;5;8;1250;1253;1256;1259;1259;1262;1262;1265;1265;1268;1268;1271;1271;1274;1274;1277;1277;1280;1280;1283;1283;1286;1286;1289;1289;1291;1291;1289;1289;0;0;11;14;20;20;23;23;20;20;17;17;14;14;11;11;8;8;5;5;2;0
1700399572450943.gadget2d_resized_512x512.png;class_0;1.0;polygon;x values;1564;1559;1438;1434;1376;1371;1284;1280;943;938;890;885;861;856;808;803;519;514;471;466;447;442;409;404;216;211;178;173;163;158;129;125;0;0;9;14;741;745;866;871;933;938;1097;1102;1357;1361;1448;1453;1496;1501;1564;1568;1804;1809;1867;1872;1900;1905;1973;1977;2131;2136;2184;2189;2213;2218;2261;2266;2459;2459
1700399572450943.gadget2d_resized_512x512.png;class_0;1.0;polygon;y values;164;166;166;169;169;172;172;175;175;178;178;181;181;184;184;187;187;190;190;193;193;196;196;199;199;202;202;205;205;208;208;210;210;1289;1289;1286;1286;1283;1283;1280;1280;1277;1277;1274;1274;1271;1271;1268;1268;1265;1265;1262;1262;1259;1259;1256;1256;1253;1253;1250;1250;1248;1248;1245;1245;1242;1242;1239;1239;164
1699941288865303.gadget2d_resized_512x512.png;class_0;1.0;polygon;x values;24;19;19;24;24;101;105;221;226;317;322;356;360;404;409;524;529;620;625;649;654;683;688;784;789;899;904;938;943;976;981;1130;1135;1217;1222;1260;1265;1313;1318;1448;1453;1549;1554;1578;1583;1641;1645;1751;1756;1867;1872;1920;1925;2002;2006;2069;2074;2324;2329;2459;2459;2338;2334;2285;2281;2257;2252;2223;2218;2026;2021;1973;1968;1939;1934;1886;1881;1708;1703;1631;1626;1588;1583;1540;1535;1443;1438;1361;1357;1212;1207;1116;1111;1058;1053;943;938
1699941288865303.gadget2d_resized_512x512.png;class_0;1.0;polygon;y values;82;84;1335;1338;1341;1341;1344;1344;1347;1347;1350;1350;1353;1353;1356;1356;1359;1359;1362;1362;1365;1365;1368;1368;1371;1371;1374;1374;1376;1376;1379;1379;1382;1382;1385;1385;1388;1388;1391;1391;1394;1394;1397;1397;1400;1400;1397;1397;1400;1400;1397;1397;1400;1400;1403;1403;1400;1400;1403;1403;128;128;125;125;123;123;120;120;117;117;114;114;111;111;108;108;105;105;102;102;99;99;96;96;93;93;90;90;93;93;90;90;87;87;84;84;82
1698177055593790.gadget2d_resized_512x512.png;class_0;1.0;polygon;x values;24;19;19;24;125;129;178;182;206;211;250;255;385;389;437;442;462;466;510;514;620;625;668;673;702;707;750;755;1010;1015;1078;1082;1106;1111;1169;1174;1381;1386;1549;1554;1597;1602;1843;1848;1876;1881;1958;1963;2459;2459;2444;2439;2401;2396;2377;2372;2338;2334;2098;2093;2059;2054;2035;2030;1997;1992;1775;1771;1742;1737;1718;1713;1684;1679;1429;1424;1284;1280;1241;1236;1174;1169
1698177055593790.gadget2d_resized_512x512.png;class_0;1.0;polygon;y values;93;96;1330;1333;1333;1335;1335;1338;1338;1341;1341;1344;1344;1347;1347;1350;1350;1353;1353;1356;1356;1359;1359;1362;1362;1365;1365;1368;1368;1371;1371;1374;1374;1376;1376;1379;1379;1382;1382;1385;1385;1388;1388;1391;1391;1388;1388;1391;1391;140;140;137;137;134;134;131;131;128;128;125;125;123;123;120;120;117;117;114;114;111;111;108;108;105;105;102;102;99;99;96;96;93
1698241468948218.gadget2d_resized_512x512.png;class_0;1.0;polygon;x values;24;19;19;24;24;28;72;77;134;139;322;327;389;394;437;442;596;601;693;697;726;731;750;755;784;789;933;938;1015;1020;1053;1058;1126;1130;1294;1299;1400;1405;1443;1448;1583;1588;2237;2242;2444;2449;2459;2459;2439;2435;2415;2411;2165;2160;2122;2117;2098;2093;2054;2050;1823;1819;1780;1775;1756;1751;1718;1713;1487;1482;1347;1342;1289;1284;1174;1169
1698241468948218.gadget2d_resized_512x512.png;class_0;1.0;polygon;y values;93;96;1318;1321;1324;1327;1327;1330;1330;1333;1333;1335;1335;1338;1338;1341;1341;1344;1344;1347;1347;1350;1350;1353;1353;1356;1356;1359;1359;1362;1362;1365;1365;1368;1368;1371;1371;1374;1374;1376;1376;1379;1379;1382;1382;1385;1385;134;134;131;131;128;128;125;125;123;123;120;120;117;117;114;114;111;111;108;108;105;105;102;102;99;99;96;96;93
1698051911901759.gadget2d_resized_512x512.png;class_0;1.0;polygon;x values;24;19;19;24;81;86;139;144;168;173;221;226;365;370;413;418;442;447;514;519;659;664;693;697;712;717;741;745;1073;1078;1130;1135;1159;1164;1241;1246;1443;1448;1568;1573;1645;1650;1756;1761;2459;2459;2247;2242;2213;2208;2194;2189;2165;2160;1910;1905;1872;1867;1852;1848;1804;1799;1602;1597;1554;1549;1525;1520;1472;1467
1698051911901759.gadget2d_resized_512x512.png;class_0;1.0;polygon;y values;82;84;1318;1321;1321;1324;1324;1327;1327;1330;1330;1333;1333;1335;1335;1338;1338;1341;1341;1344;1344;1347;1347;1350;1350;1353;1353;1356;1356;1359;1359;1362;1362;1365;1365;1368;1368;1371;1371;1374;1374;1376;1376;1379;1379;117;117;114;114;111;111;108;108;105;105;102;102;99;99;96;96;93;93;90;90;87;87;84;84;82
1699989047323371.gadget2d_resized_512x512.png;class_0;1.0;polygon;x values;2261;2257;2002;1997;1939;1934;1631;1626;1049;1044;1025;1020;1010;1005;895;890;837;832;779;774;741;736;731;726;721;717;707;702;582;577;495;490;462;457;409;404;197;192;139;134;115;110;67;62;0;0;19;24;385;389;524;529;644;649;721;726;1289;1294;1419;1424;1496;1501;1592;1597;1751;1756;1814;1819;1848;1852;1939;1944;2026;2030;2127;2131;2170;2175;2237;2242;2382;2387;2459;2459;2444;2439
1699989047323371.gadget2d_resized_512x512.png;class_0;1.0;polygon;y values;281;284;284;287;287;290;290;292;292;290;290;287;287;284;284;287;287;290;290;292;292;295;295;298;298;301;301;304;304;307;307;310;310;313;313;316;316;319;319;322;322;325;325;328;328;1394;1394;1391;1391;1394;1394;1397;1397;1394;1394;1391;1391;1388;1388;1385;1385;1382;1382;1379;1379;1376;1376;1374;1374;1371;1371;1368;1368;1365;1365;1362;1362;1359;1359;1356;1356;1353;1353;284;284;281
1699027078125222.gadget2d_resized_512x512.png;class_0;1.0;polygon;x values;24;19;19;24;28;33;115;120;139;144;187;192;336;341;399;404;428;433;481;486;601;606;659;664;683;688;736;741;928;933;1020;1025;1087;1092;1145;1150;1270;1275;1366;1371;1419;1424;1501;1506;2170;2175;2348;2353;2459;2459;2343;2338;2314;2310;2295;2290;2266;2261;2035;2030;1987;1982;1958;1953;1910;1905;1698;1694;1665;1660;1641;1636;1607;1602;1294;1289;1198;1193;1116;1111;1020;1015
1699027078125222.gadget2d_resized_512x512.png;class_0;1.0;polygon;y values;93;96;1318;1321;1321;1324;1324;1327;1327;1330;1330;1333;1333;1335;1335;1338;1338;1341;1341;1344;1344;1347;1347;1350;1350;1353;1353;1356;1356;1359;1359;1362;1362;1365;1365;1368;1368;1371;1371;1374;1374;1376;1376;1379;1379;1382;1382;1385;1385;140;140;137;137;134;134;131;131;128;128;125;125;123;123;120;120;117;117;114;114;111;111;108;108;105;105;102;102;99;99;96;96;93
1700018741664430.gadget2d_resized_512x512.png;class_0;1.0;polygon;x values;899;895;837;832;760;755;745;736;731;726;721;717;712;707;702;697;688;683;668;664;404;399;370;365;351;346;308;303;28;19;19;24;346;351;668;673;1251;1256;1328;1333;1400;1405;1515;1520;1679;1684;1742;1746;1785;1790;1862;1867;2054;2059;2122;2127;2151;2156;2194;2199;2324;2329;2382;2387;2415;2420;2459;2459;1540;1535;1400;1395;1333;1328;1256;1251;1097;1092;1068;1058;1053;1049;1044;1039;1025;1020;1015;1010
1700018741664430.gadget2d_resized_512x512.png;class_0;1.0;polygon;y values;284;287;287;290;290;292;292;298;298;301;301;304;304;307;307;310;310;313;313;316;316;319;319;322;322;325;325;328;328;333;1400;1403;1403;1406;1406;1403;1403;1400;1400;1397;1397;1394;1394;1391;1391;1388;1388;1385;1385;1382;1382;1379;1379;1376;1376;1374;1374;1371;1371;1368;1368;1365;1365;1362;1362;1359;1359;292;292;295;295;298;298;301;301;304;304;301;301;295;295;292;292;290;290;287;287;284
1698158790203225.gadget2d_resized_512x512.png;class_0;1.0;polygon;x values;24;19;19;24;24;173;178;226;231;245;250;288;293;442;447;490;495;514;519;563;567;697;702;741;745;765;770;822;827;1087;1092;1140;1145;1169;1174;1256;1260;1467;1472;1583;1588;1626;1631;1713;1718;2459;2459;2439;2435;2430;2367;2362;2343;2338;2300;2295;2093;2088;2054;2050;2035;2030;2002;1997;1795;1790;1746;1742;1718;1713;1669;1665;1410;1405;1337;1333;1299;1294;1222;1217
1698158790203225.gadget2d_resized_512x512.png;class_0;1.0;polygon;y values;82;84;1315;1318;1321;1321;1324;1324;1327;1327;1330;1330;1333;1333;1335;1335;1338;1338;1341;1341;1344;1344;1347;1347;1350;1350;1353;1353;1356;1356;1359;1359;1362;1362;1365;1365;1368;1368;1371;1371;1374;1374;1376;1376;1379;1379;125;125;128;125;125;123;123;120;120;117;117;114;114;111;111;108;108;105;105;102;102;99;99;96;96;93;93;90;90;87;87;84;84;82
1700297435446614.gadget2d_resized_512x512.png;class_0;1.0;polygon;x values;1718;1713;1617;1612;1559;1554;1453;1448;1102;1097;1015;1010;981;976;919;914;625;620;558;553;529;524;476;471;293;288;250;245;221;216;173;168;24;19;19;24;707;712;1010;1015;1092;1097;1207;1212;1458;1463;1511;1515;1549;1554;1636;1641;1819;1823;1881;1886;1925;1929;1997;2002;2141;2146;2189;2194;2213;2218;2257;2261;2459;2459
1700297435446614.gadget2d_resized_512x512.png;class_0;1.0;polygon;y values;175;178;178;181;181;184;184;187;187;190;190;193;193;196;196;199;199;202;202;205;205;208;208;210;210;213;213;216;216;219;219;222;222;225;1294;1297;1297;1294;1294;1291;1291;1289;1289;1286;1286;1283;1283;1280;1280;1277;1277;1274;1274;1271;1271;1268;1268;1265;1265;1262;1262;1259;1259;1256;1256;1253;1253;1250;1250;175
1698291824000716.gadget2d_resized_512x512.png;class_0;1.0;polygon;x values;24;19;19;24;24;28;33;62;67;139;144;288;293;346;351;375;380;442;447;582;587;640;644;673;678;712;717;890;895;952;957;986;991;1049;1053;1164;1169;1246;1251;1294;1299;1405;1410;2131;2136;2281;2285;2401;2406;2459;2459;2415;2411;2372;2367;2329;2324;2146;2141;2117;2112;2098;2093;2050;2045;1790;1785;1746;1742;1718;1713;1669;1665;1424;1419;1323;1318;1280;1275;1155;1150
1698291824000716.gadget2d_resized_512x512.png;class_0;1.0;polygon;y values;105;108;1333;1335;1338;1341;1338;1338;1341;1341;1344;1344;1347;1347;1350;1350;1353;1353;1356;1356;1359;1359;1362;1362;1365;1365;1368;1368;1371;1371;1374;1374;1376;1376;1379;1379;1382;1382;1385;1385;1388;1388;1391;1391;1394;1394;1397;1397;1394;1394;149;149;146;146;143;143;140;140;137;137;134;134;131;131;128;128;125;125;123;123;120;120;117;117;114;114;111;111;108;108;105
1698278782719503.gadget2d_resized_512x512.png;class_0;1.0;polygon;x values;24;19;19;28;154;158;216;221;250;255;308;312;433;437;476;481;500;505;534;539;683;688;745;750;779;784;851;856;1039;1044;1092;1097;1121;1126;1164;1169;1376;1381;1535;1540;1583;1588;1660;1665;2362;2367;2459;2459;2430;2425;2194;2189;2165;2160;2151;2146;2122;2117;1905;1900;1862;1857;1833;1828;1785;1780;1612;1607;1568;1564;1549;1544;1501;1496
1698278782719503.gadget2d_resized_512x512.png;class_0;1.0;polygon;y values;82;84;1327;1333;1333;1335;1335;1338;1338;1341;1341;1344;1344;1347;1347;1350;1350;1353;1353;1356;1356;1359;1359;1362;1362;1365;1365;1368;1368;1371;1371;1374;1374;1376;1376;1379;1379;1382;1382;1385;1385;1388;1388;1391;1391;1394;1394;120;120;117;117;114;114;111;111;108;108;105;105;102;102;99;99;96;96;93;93;90;90;87;87;84;84;82
1700356214067017.gadget2d_resized_512x512.png;class_0;1.0;polygon;x values;1515;1511;1429;1424;1390;1386;1328;1323;1010;1005;943;938;909;904;851;847;534;529;505;500;486;481;447;442;245;240;197;192;168;163;125;120;0;0;19;24;182;187;380;385;447;452;524;529;741;745;1183;1188;1289;1294;1347;1352;1434;1438;1607;1612;1674;1679;1713;1718;1780;1785;1987;1992;2021;2026;2045;2050;2093;2098;2228;2233;2290;2295;2324;2329;2391;2396;2459;2459
1700356214067017.gadget2d_resized_512x512.png;class_0;1.0;polygon;y values;175;178;178;181;181;184;184;187;187;190;190;193;193;196;196;199;199;202;202;205;205;208;208;210;210;213;213;216;216;219;219;222;222;1297;1297;1294;1294;1291;1291;1294;1294;1291;1291;1289;1289;1286;1286;1283;1283;1280;1280;1277;1277;1274;1274;1271;1271;1268;1268;1265;1265;1262;1262;1259;1259;1256;1256;1253;1253;1250;1250;1248;1248;1245;1245;1242;1242;1239;1239;175
1698176023571024.gadget2d_resized_512x512.png;class_0;1.0;polygon;x values;24;19;19;24;110;115;163;168;192;197;245;250;380;385;428;433;447;452;495;500;620;625;668;673;693;697;745;750;996;1001;1063;1068;1097;1102;1145;1150;1376;1381;1467;1472;1549;1554;1650;1655;2459;2459;2435;2430;2382;2377;2358;2353;2319;2314;2083;2079;2030;2026;2002;1997;1939;1934;1742;1737;1708;1703;1694;1689;1669;1665;1357;1352;1217;1212;1164;1159;1058;1053
1698176023571024.gadget2d_resized_512x512.png;class_0;1.0;polygon;y values;93;96;1330;1333;1333;1335;1335;1338;1338;1341;1341;1344;1344;1347;1347;1350;1350;1353;1353;1356;1356;1359;1359;1362;1362;1365;1365;1368;1368;1371;1371;1374;1374;1376;1376;1379;1379;1382;1382;1385;1385;1388;1388;1391;1391;140;140;137;137;134;134;131;131;128;128;125;125;123;123;120;120;117;117;114;114;111;111;108;108;105;105;102;102;99;99;96;96;93
1700006608225540.gadget2d_resized_512x512.png;class_0;1.0;polygon;x values;24;19;19;24;105;110;182;187;216;221;269;274;389;394;437;442;466;471;543;548;693;697;741;745;765;770;803;808;981;986;1053;1058;1082;1087;1130;1135;1236;1241;1313;1318;1395;1400;1501;1506;2098;2103;2285;2290;2439;2444;2459;2459;2387;2382;2184;2180;2151;2146;2136;2131;2103;2098;1857;1852;1799;1795;1766;1761;1708;1703;1535;1530;1386;1381;1342;1337;1289;1284;871;866;794;789;755;750;620;616;577;572;543;539
1700006608225540.gadget2d_resized_512x512.png;class_0;1.0;polygon;y values;93;96;1330;1333;1333;1335;1335;1338;1338;1341;1341;1344;1344;1347;1347;1350;1350;1353;1353;1356;1356;1359;1359;1362;1362;1365;1365;1368;1368;1371;1371;1374;1374;1376;1376;1379;1379;1382;1382;1385;1385;1388;1388;1391;1391;1394;1394;1397;1397;1400;1400;143;143;140;140;137;137;134;134;131;131;128;128;125;125;123;123;120;120;117;117;114;114;111;111;108;108;105;105;102;102;99;99;96;96;93;93;96;96;93
1698013793084513.gadget2d_resized_512x512.png;class_0;1.0;polygon;x values;24;19;19;28;110;115;149;154;216;221;437;442;514;519;548;553;630;635;928;933;1001;1005;1029;1034;1097;1102;1318;1323;1862;1867;2160;2165;2252;2257;2367;2372;2459;2459;2444;2439;2314;2310;2290;2285;2281;2276;2257;2252;2208;2204;2199;2194;2189;2184;2175;2170;2156;2151;2098;2093;2016;2011;1997;1992;1987;1982;1973;1968;1819;1814;1785;1780;1766;1761;1732;1727;1511;1506;1458;1453;1434;1429;1371;1366
1698013793084513.gadget2d_resized_512x512.png;class_0;1.0;polygon;y values;175;178;1341;1347;1347;1350;1350;1353;1353;1356;1356;1359;1359;1362;1362;1365;1365;1368;1368;1371;1371;1374;1374;1376;1376;1379;1379;1382;1382;1379;1379;1382;1382;1385;1385;1388;1388;213;213;210;210;208;208;205;205;202;202;199;199;202;202;205;205;208;208;210;210;213;213;210;210;208;208;205;205;202;202;199;199;196;196;193;193;190;190;187;187;184;184;181;181;178;178;175
1699812603165649.gadget2d_resized_512x512.png;class_0;1.0;polygon;x values;24;19;19;24;91;96;144;149;168;173;206;211;389;394;428;433;442;447;481;486;611;616;649;654;673;678;712;717;972;976;1039;1044;1078;1082;1135;1140;1381;1386;1458;1463;1496;1501;1578;1583;2358;2362;2425;2430;2435;2459;2459;2415;2411;2372;2367;2324;2319;2117;2112;2088;2083;2064;2059;2026;2021;1780;1775;1746;1742;1722;1718;1684;1679;1376;1371;1294;1289;1251;1246;1164;1159
1699812603165649.gadget2d_resized_512x512.png;class_0;1.0;polygon;y values;82;84;1318;1321;1321;1324;1324;1327;1327;1330;1330;1333;1333;1335;1335;1338;1338;1341;1341;1344;1344;1347;1347;1350;1350;1353;1353;1356;1356;1359;1359;1362;1362;1365;1365;1368;1368;1371;1371;1374;1374;1376;1376;1379;1379;1382;1382;1379;1382;1382;125;125;123;123;120;120;117;117;114;114;111;111;108;108;105;105;102;102;99;99;96;96;93;93;90;90;87;87;84;84;82
1698712839000125.gadget2d_resized_512x512.png;class_0;1.0;polygon;x values;28;19;19;28;192;197;250;255;279;283;317;322;418;423;481;486;514;519;563;567;741;745;789;794;818;822;885;890;1082;1087;1150;1155;1179;1183;1246;1251;1333;1337;1578;1583;1636;1641;1905;1910;2459;2459;2425;2420;2334;2329;2141;2136;2098;2093;2079;2074;2040;2035;1809;1804;1751;1746;1722;1718;1689;1684;1592;1588;1284;1280;1241;1236;1188;1183;818;813;755;750;717;712;587;582;553;548;490;486;216;211;91;86
1698712839000125.gadget2d_resized_512x512.png;class_0;1.0;polygon;y values;93;99;1327;1333;1333;1335;1335;1338;1338;1341;1341;1344;1344;1347;1347;1350;1350;1353;1353;1356;1356;1359;1359;1362;1362;1365;1365;1368;1368;1371;1371;1374;1374;1376;1376;1379;1379;1382;1382;1385;1385;1388;1388;1391;1391;146;146;143;143;140;140;137;137;134;134;131;131;128;128;125;125;123;123;120;120;117;117;114;114;111;111;108;108;105;105;102;102;99;99;96;96;99;99;102;102;99;99;96;96;93
1699986523811636.gadget2d_resized_512x512.png;class_0;1.0;polygon;x values;52;48;24;24;19;19;24;24;67;72;206;211;279;283;308;312;356;360;476;481;524;529;558;563;616;620;760;765;813;818;866;871;981;986;1097;1102;1159;1164;1198;1203;1251;1256;1458;1463;1583;1588;1823;1828;2021;2026;2459;2459;2387;2382;2338;2334;2329;2324;2300;2295;2127;2122;2079;2074;2059;2054;2011;2006;1722;1718;1679;1674;1669;1665;1641;1636;1554;1549;1304;1299;1275;1270;1212;1207;813;808;750;745;668;664;635;630;505;500;192;187
1699986523811636.gadget2d_resized_512x512.png;class_0;1.0;polygon;y values;82;84;84;90;93;1321;1324;1330;1330;1333;1333;1335;1335;1338;1338;1341;1341;1344;1344;1347;1347;1350;1350;1353;1353;1356;1356;1359;1359;1362;1362;1365;1365;1368;1368;1371;1371;1374;1374;1376;1376;1379;1379;1382;1382;1385;1385;1388;1388;1391;1391;140;140;137;137;134;134;131;131;128;128;125;125;123;123;120;120;117;117;114;114;111;111;108;108;105;105;102;102;99;99;96;96;93;93;90;90;87;87;84;84;87;87;84;84;82
1698265408469896.gadget2d_resized_512x512.png;class_0;1.0;polygon;x values;24;19;19;24;24;43;48;96;101;154;158;264;269;322;327;356;360;418;423;587;591;640;644;668;673;717;721;899;904;962;967;996;1001;1068;1073;1198;1203;1251;1256;1395;1400;1477;1482;2290;2295;2459;2459;2449;2444;2237;2233;2199;2194;2175;2170;2131;2127;1872;1867;1828;1823;1804;1799;1756;1751;1607;1602;1525;1520;1434;1429;1328;1323
1698265408469896.gadget2d_resized_512x512.png;class_0;1.0;polygon;y values;93;96;1330;1333;1335;1335;1338;1338;1341;1341;1344;1344;1347;1347;1350;1350;1353;1353;1356;1356;1359;1359;1362;1362;1365;1365;1368;1368;1371;1371;1374;1374;1376;1376;1379;1379;1382;1382;1385;1385;1388;1388;1391;1391;1394;1394;131;131;128;128;125;125;123;123;120;120;117;117;114;114;111;111;108;108;105;105;102;102;99;99;96;96;93
1698004215883483.gadget2d_resized_512x512.png;class_0;1.0;polygon;x values;24;19;19;24;24;28;86;91;144;149;298;303;341;346;365;370;404;409;577;582;649;654;693;697;750;755;895;899;967;972;1005;1010;1068;1073;1246;1251;1337;1342;1395;1400;1515;1520;2459;2459;2449;2444;2377;2372;2156;2151;2127;2122;2107;2103;2074;2069;1814;1809;1761;1756;1732;1727;1674;1669;1448;1443;1381;1376;1347;1342;1222;1217
1698004215883483.gadget2d_resized_512x512.png;class_0;1.0;polygon;y values;105;108;1330;1333;1335;1338;1338;1341;1341;1344;1344;1347;1347;1350;1350;1353;1353;1356;1356;1359;1359;1362;1362;1365;1365;1368;1368;1371;1371;1374;1374;1376;1376;1379;1379;1382;1382;1385;1385;1388;1388;1391;1391;146;146;143;143;140;140;137;137;134;134;131;131;128;128;125;125;123;123;120;120;117;117;114;114;111;111;108;108;105
1700429841330506.gadget2d_resized_512x512.png;class_0;1.0;polygon;x values;24;19;19;24;24;91;96;129;134;187;192;274;279;385;389;404;409;447;452;640;644;678;683;702;707;741;745;842;847;1010;1015;1058;1063;1102;1106;1159;1164;1241;1246;1342;1347;1501;1506;1809;1814;1852;1857;2093;2098;2319;2324;2459;2459;2425;2420;2199;2194;2165;2160;2141;2136;2107;2103;1843;1838;1790;1785;1751;1746;1689;1684;1544;1540;1477;1472;1443;1438;1294;1289;914;909;789;784;750;745;635;630
1700429841330506.gadget2d_resized_512x512.png;class_0;1.0;polygon;y values;70;73;1318;1321;1324;1324;1327;1327;1330;1330;1333;1333;1335;1335;1338;1338;1341;1341;1344;1344;1347;1347;1350;1350;1353;1353;1356;1356;1359;1359;1362;1362;1365;1365;1368;1368;1371;1371;1374;1374;1376;1376;1379;1379;1382;1382;1379;1379;1382;1382;1385;1385;120;120;117;117;114;114;111;111;108;108;105;105;102;102;99;99;96;96;93;93;90;90;87;87;84;84;82;82;79;79;76;76;73;73;70
1700321260696843.gadget2d_resized_512x512.png;class_0;1.0;polygon;x values;1939;1934;1838;1833;1771;1766;1645;1641;1246;1241;1179;1174;1140;1135;1029;1025;774;770;731;726;707;702;649;644;399;394;360;356;327;322;283;279;52;48;19;14;0;0;14;19;750;755;948;952;1140;1145;1207;1212;1467;1472;1544;1549;1588;1592;1665;1669;1828;1833;1891;1896;1925;1929;1982;1987;2136;2141;2180;2184;2208;2213;2261;2266;2459;2459;2454;2449
1700321260696843.gadget2d_resized_512x512.png;class_0;1.0;polygon;y values;175;178;178;181;181;184;184;187;187;190;190;193;193;196;196;199;199;202;202;205;205;208;208;210;210;213;213;216;216;219;219;222;222;225;225;228;228;1300;1300;1297;1297;1294;1294;1291;1291;1289;1289;1286;1286;1283;1283;1280;1280;1277;1277;1274;1274;1271;1271;1268;1268;1265;1265;1262;1262;1259;1259;1256;1256;1253;1253;1250;1250;178;178;175
1699787046634359.gadget2d_resized_512x512.png;class_0;1.0;polygon;x values;28;24;24;19;19;24;24;28;72;77;226;231;288;293;332;336;399;404;563;567;630;635;659;664;697;702;813;818;928;933;1001;1005;1068;1073;1159;1164;1260;1265;1309;1313;1424;1429;1698;1703;1790;1795;1910;1915;2271;2276;2444;2449;2459;2459;2420;2415;2175;2170;2122;2117;2098;2093;2059;2054;1799;1795;1746;1742;1718;1713;1684;1679;1597;1592;1342;1337;1275;1270;1217;1212;1193;1188;1155;1150;808;803
1699787046634359.gadget2d_resized_512x512.png;class_0;1.0;polygon;y values;79;82;84;87;1321;1324;1327;1330;1330;1333;1333;1335;1335;1338;1338;1341;1341;1344;1344;1347;1347;1350;1350;1353;1353;1356;1356;1359;1359;1362;1362;1365;1365;1368;1368;1371;1371;1374;1374;1376;1376;1379;1379;1382;1382;1379;1379;1382;1382;1385;1385;1388;1388;120;120;117;117;114;114;111;111;108;108;105;105;102;102;99;99;96;96;93;93;90;90;93;93;90;90;87;87;84;84;82;82;79
1698103082000098.gadget2d_resized_512x512.png;class_0;1.0;polygon;x values;24;19;19;24;24;192;197;240;245;269;274;332;336;476;481;519;524;548;553;587;591;745;750;827;832;904;909;1015;1020;1198;1203;1289;1294;1342;1347;1424;1429;2021;2026;2199;2204;2435;2439;2459;2459;2444;2439;2223;2218;2180;2175;2151;2146;2088;2083;1867;1862;1828;1823;1804;1799;1756;1751;1520;1515;1410;1405;1323;1318;1241;1236
1698103082000098.gadget2d_resized_512x512.png;class_0;1.0;polygon;y values;70;73;1303;1306;1309;1309;1312;1312;1315;1315;1318;1318;1321;1321;1324;1324;1327;1327;1330;1330;1333;1333;1335;1335;1338;1338;1341;1341;1344;1344;1347;1347;1350;1350;1353;1353;1356;1356;1359;1359;1362;1362;1365;1365;108;108;105;105;102;102;99;99;96;96;93;93;90;90;87;87;84;84;82;82;79;79;76;76;73;73;70
1698104960038360.gadget2d_resized_512x512.png;class_0;1.0;polygon;x values;24;19;19;24;86;91;163;168;187;192;245;250;399;404;457;462;481;486;529;534;688;693;741;745;760;765;808;813;1121;1126;1179;1183;1236;1241;1323;1328;2459;2459;2420;2415;2406;2401;2372;2367;2107;2103;2064;2059;2045;2040;1992;1987;1742;1737;1698;1694;1679;1674;1636;1631
1698104960038360.gadget2d_resized_512x512.png;class_0;1.0;polygon;y values;58;61;1294;1297;1297;1300;1300;1303;1303;1306;1306;1309;1309;1312;1312;1315;1315;1318;1318;1321;1321;1324;1324;1327;1327;1330;1330;1333;1333;1335;1335;1338;1338;1341;1341;1344;1344;90;90;87;87;84;84;82;82;79;79;76;76;73;73;70;70;67;67;64;64;61;61;58
1699804037986998.gadget2d_resized_512x512.png;class_0;1.0;polygon;x values;24;19;19;24;24;28;86;91;279;283;327;332;356;360;399;404;519;524;558;563;587;591;630;635;904;909;976;981;1010;1015;1073;1078;1246;1251;1333;1337;1381;1386;1477;1482;2266;2271;2459;2459;2454;2449;2233;2228;2204;2199;2189;2184;2160;2156;1910;1905;1872;1867;1852;1848;1809;1804;1568;1564;1511;1506;1477;1472;1414;1410
1699804037986998.gadget2d_resized_512x512.png;class_0;1.0;polygon;y values;82;84;1321;1324;1327;1330;1330;1333;1333;1335;1335;1338;1338;1341;1341;1344;1344;1347;1347;1350;1350;1353;1353;1356;1356;1359;1359;1362;1362;1365;1365;1368;1368;1371;1371;1374;1374;1376;1376;1379;1379;1382;1382;120;120;117;117;114;114;111;111;108;108;105;105;102;102;99;99;96;96;93;93;90;90;87;87;84;84;82
1699012660568738.gadget2d_resized_512x512.png;class_0;1.0;polygon;x values;28;19;19;24;96;101;173;178;206;211;255;259;394;399;447;452;481;486;548;553;707;712;765;770;784;789;827;832;1039;1044;1097;1102;1130;1135;1174;1179;1405;1410;1554;1559;1607;1612;1751;1756;2459;2459;2449;2444;2425;2420;2208;2204;2170;2165;2141;2136;2103;2098;1862;1857;1819;1814;1790;1785;1746;1742;1607;1602;1487;1482;1376;1371;1294;1289;813;808;683;678;601;596;539;534
1699012660568738.gadget2d_resized_512x512.png;class_0;1.0;polygon;y values;82;87;1330;1333;1333;1335;1335;1338;1338;1341;1341;1344;1344;1347;1347;1350;1350;1353;1353;1356;1356;1359;1359;1362;1362;1365;1365;1368;1368;1371;1371;1374;1374;1376;1376;1379;1379;1382;1382;1385;1385;1388;1388;1391;1391;134;134;131;131;128;128;125;125;123;123;120;120;117;117;114;114;111;111;108;108;105;105;102;102;99;99;96;96;93;93;90;90;87;87;84;84;82
1698272412587763.gadget2d_resized_512x512.png;class_0;1.0;polygon;x values;0;0;327;332;375;380;399;404;442;447;601;606;649;654;668;673;702;707;794;798;851;856;880;885;972;976;1010;1015;1087;1092;1227;1232;1371;1376;1429;1434;1515;1520;2035;2040;2136;2141;2213;2218;2459;2459;2435;2430;2401;2396;2382;2377;2353;2348;2131;2127;2093;2088;2069;2064;2026;2021;1799;1795;1761;1756;1751;1746;1722;1718;1525;1520;1333;1328;1294;1289;1241;1236
1698272412587763.gadget2d_resized_512x512.png;class_0;1.0;polygon;y values;93;1321;1321;1324;1324;1327;1327;1330;1330;1333;1333;1335;1335;1338;1338;1341;1341;1344;1344;1347;1347;1344;1344;1347;1347;1350;1350;1353;1353;1356;1356;1359;1359;1362;1362;1365;1365;1368;1368;1371;1371;1368;1368;1371;1371;140;140;137;137;134;134;131;131;128;128;125;125;123;123;120;120;117;117;114;114;111;111;108;108;105;105;102;102;99;99;96;96;93
1700341602914187.gadget2d_resized_512x512.png;class_0;1.0;polygon;x values;1828;1823;1742;1737;1645;1641;1544;1540;1169;1164;1097;1092;1044;1039;976;972;693;688;640;635;611;606;548;543;356;351;288;283;259;255;206;202;24;19;0;0;4;9;673;678;832;837;904;909;1130;1135;1414;1419;1487;1491;1525;1530;1612;1617;1795;1799;1852;1857;1886;1891;1963;1968;2098;2103;2156;2160;2175;2180;2218;2223;2401;2406;2459;2459
1700341602914187.gadget2d_resized_512x512.png;class_0;1.0;polygon;y values;175;178;178;181;181;184;184;187;187;190;190;193;193;196;196;199;199;202;202;205;205;208;208;210;210;213;213;216;216;219;219;222;222;225;225;1300;1300;1297;1297;1294;1294;1291;1291;1289;1289;1286;1286;1283;1283;1280;1280;1277;1277;1274;1274;1271;1271;1268;1268;1265;1265;1262;1262;1259;1259;1256;1256;1253;1253;1250;1250;1248;1248;175
1699059465083505.gadget2d_resized_512x512.png;class_0;1.0;polygon;x values;24;19;19;24;163;168;206;211;235;240;288;293;437;442;486;490;505;510;539;543;697;702;784;789;822;827;924;928;1130;1135;1203;1207;1236;1241;1318;1323;1573;1578;1771;1775;1934;1939;2160;2165;2459;2459;2266;2261;2218;2213;2194;2189;2146;2141;1934;1929;1900;1896;1876;1872;1838;1833;1674;1669;1568;1564;1520;1515;1443;1438
1699059465083505.gadget2d_resized_512x512.png;class_0;1.0;polygon;y values;70;73;1306;1309;1309;1312;1312;1315;1315;1318;1318;1321;1321;1324;1324;1327;1327;1330;1330;1333;1333;1335;1335;1338;1338;1341;1341;1344;1344;1347;1347;1350;1350;1353;1353;1356;1356;1359;1359;1362;1362;1365;1365;1368;1368;105;105;102;102;99;99;96;96;93;93;90;90;87;87;84;84;82;82;79;79;76;76;73;73;70
1698273010599483.gadget2d_resized_512x512.png;class_0;1.0;polygon;x values;24;19;19;24;24;192;197;226;231;288;293;308;312;327;332;356;360;490;495;529;534;635;640;707;712;736;741;779;784;880;885;948;952;1020;1025;1087;1092;1150;1155;1236;1241;1284;1289;1328;1333;1592;1597;1857;1862;1958;1963;2247;2252;2459;2459;2329;2324;2295;2290;2285;2281;2257;2252;2050;2045;2011;2006;1987;1982;1929;1925;1713;1708;1674;1669;1660;1655;1621;1617;1284;1280;1179;1174;1078;1073;981;976
1698273010599483.gadget2d_resized_512x512.png;class_0;1.0;polygon;y values;93;96;1318;1321;1327;1327;1330;1330;1327;1327;1330;1330;1333;1333;1335;1335;1338;1338;1341;1341;1344;1344;1347;1347;1350;1350;1353;1353;1356;1356;1359;1359;1362;1362;1365;1365;1368;1368;1371;1371;1374;1374;1376;1376;1379;1379;1382;1382;1385;1385;1388;1388;1391;1391;140;140;137;137;134;134;131;131;128;128;125;125;123;123;120;120;117;117;114;114;111;111;108;108;105;105;102;102;99;99;96;96;93
1699033497514371.gadget2d_resized_512x512.png;class_0;1.0;polygon;x values;0;0;9;14;120;125;173;178;202;206;250;255;413;418;471;476;495;500;548;553;678;683;731;736;750;755;794;798;1092;1097;1155;1159;1198;1203;1284;1289;1530;1535;1650;1655;1785;1790;2011;2016;2459;2459;2242;2237;2208;2204;2189;2184;2146;2141;1872;1867;1833;1828;1809;1804;1756;1751;1573;1568;1487;1482;1438;1434;1318;1313
1699033497514371.gadget2d_resized_512x512.png;class_0;1.0;polygon;y values;93;1324;1324;1321;1321;1324;1324;1327;1327;1330;1330;1333;1333;1335;1335;1338;1338;1341;1341;1344;1344;1347;1347;1350;1350;1353;1353;1356;1356;1359;1359;1362;1362;1365;1365;1368;1368;1371;1371;1374;1374;1376;1376;1379;1379;128;128;125;125;123;123;120;120;117;117;114;114;111;111;108;108;105;105;102;102;99;99;96;96;93
1698264070514459.gadget2d_resized_512x512.png;class_0;1.0;polygon;x values;24;19;19;24;91;96;144;149;168;173;211;216;394;399;447;452;476;481;519;524;630;635;673;678;697;702;736;741;981;986;1058;1063;1097;1102;1155;1159;1309;1313;1438;1443;1482;1487;1597;1602;2459;2459;2420;2415;2175;2170;2141;2136;2131;2127;2093;2088;1838;1833;1795;1790;1761;1756;1708;1703;1491;1487;1414;1410;1371;1366;1284;1280
1698264070514459.gadget2d_resized_512x512.png;class_0;1.0;polygon;y values;82;84;1318;1321;1321;1324;1324;1327;1327;1330;1330;1333;1333;1335;1335;1338;1338;1341;1341;1344;1344;1347;1347;1350;1350;1353;1353;1356;1356;1359;1359;1362;1362;1365;1365;1368;1368;1371;1371;1374;1374;1376;1376;1379;1379;120;120;117;117;114;114;111;111;108;108;105;105;102;102;99;99;96;96;93;93;90;90;87;87;84;84;82
1698079180488330.gadget2d_resized_512x512.png;class_0;1.0;polygon;x values;24;19;19;24;125;129;178;182;202;206;240;245;365;370;413;418;442;447;500;505;659;664;697;702;712;717;741;745;986;991;1053;1058;1087;1092;1130;1135;1347;1352;1472;1477;1679;1684;1713;1718;2180;2184;2334;2338;2439;2444;2459;2459;2454;2449;2391;2387;2223;2218;2208;2204;2199;2194;2184;2180;2131;2127;2112;2107;2103;2098;2088;2083;2059;2054;2035;2030;2016;2011;1987;1982;1958;1953;1949;1925;1920;1881;1876;1660;1655;1636;1631;1621;1617;1602;1597;1511;1506;1371;1366;1217;1212;1135;1130;1078;1073;996;991
1698079180488330.gadget2d_resized_512x512.png;class_0;1.0;polygon;y values;93;96;1318;1321;1321;1324;1324;1327;1327;1330;1330;1333;1333;1335;1335;1338;1338;1341;1341;1344;1344;1347;1347;1350;1350;1353;1353;1356;1356;1359;1359;1362;1362;1365;1365;1368;1368;1371;1371;1374;1374;1376;1376;1379;1379;1382;1382;1385;1385;1388;1388;146;146;143;143;140;140;137;137;134;134;131;131;128;128;125;125;123;123;120;120;117;117;114;114;117;117;120;120;123;123;125;123;123;120;120;117;117;114;114;111;111;108;108;105;105;102;102;105;105;102;102;99;99;96;96;93
1698296344097783.gadget2d_resized_512x512.png;class_0;1.0;polygon;x values;24;19;19;24;24;28;81;86;134;139;298;303;356;360;380;385;433;437;620;625;678;683;707;712;755;760;933;938;986;991;1020;1025;1092;1097;1318;1323;1419;1424;1477;1482;1578;1583;2281;2285;2459;2459;2285;2281;2242;2237;2213;2208;2175;2170;1992;1987;1953;1949;1934;1929;1896;1891;1674;1669;1607;1602;1564;1559;1487;1482
1698296344097783.gadget2d_resized_512x512.png;class_0;1.0;polygon;y values;70;73;1306;1309;1312;1315;1315;1318;1318;1321;1321;1324;1324;1327;1327;1330;1330;1333;1333;1335;1335;1338;1338;1341;1341;1344;1344;1347;1347;1350;1350;1353;1353;1356;1356;1359;1359;1362;1362;1365;1365;1368;1368;1371;1371;105;105;102;102;99;99;96;96;93;93;90;90;87;87;84;84;82;82;79;79;76;76;73;73;70
1700064446471542.gadget2d_resized_512x512.png;class_0;1.0;polygon;x values;24;19;19;28;120;125;144;149;187;192;336;341;399;404;423;428;462;466;640;644;702;707;726;731;760;765;866;871;976;981;1010;1015;1063;1068;1207;1212;1275;1280;1299;1304;1342;1347;1631;1636;1679;1684;1775;1780;2204;2208;2290;2295;2382;2387;2459;2459;2444;2439;2406;2401;2382;2377;2353;2348;2165;2160;2112;2107;2093;2088;2050;2045;1785;1780;1732;1727;1713;1708;1689;1684;1573;1568;1453;1448;1419;1414;1289;1284;842;837;789;784;765;760;717;712
1700064446471542.gadget2d_resized_512x512.png;class_0;1.0;polygon;y values;82;84;1330;1335;1335;1338;1338;1341;1341;1344;1344;1347;1347;1350;1350;1353;1353;1356;1356;1359;1359;1362;1362;1365;1365;1368;1368;1371;1371;1374;1374;1376;1376;1379;1379;1382;1382;1385;1385;1388;1388;1391;1391;1394;1394;1391;1391;1394;1394;1397;1397;1400;1400;1403;1403;140;140;137;137;134;134;131;131;128;128;125;125;123;123;120;120;117;117;114;114;111;111;108;108;105;105;102;102;99;99;96;96;93;93;90;90;87;87;84;84;82
1697994884690516.gadget2d_resized_512x512.png;class_0;1.0;polygon;x values;24;19;19;24;96;101;202;206;245;250;322;327;428;433;486;490;548;553;625;630;755;760;808;813;856;861;943;948;1068;1073;1130;1135;1164;1169;1212;1217;1438;1443;1515;1520;1559;1564;1588;1592;1631;1636;1795;1799;2459;2459;2290;2285;2252;2247;2233;2228;2194;2189;1953;1949;1925;1920;1910;1905;1872;1867;1679;1674;1612;1607;1583;1578;1520;1515
1697994884690516.gadget2d_resized_512x512.png;class_0;1.0;polygon;y values;93;96;1330;1333;1333;1335;1335;1338;1338;1341;1341;1344;1344;1347;1347;1350;1350;1353;1353;1356;1356;1359;1359;1362;1362;1365;1365;1368;1368;1371;1371;1374;1374;1376;1376;1379;1379;1382;1382;1385;1385;1388;1388;1385;1385;1388;1388;1391;1391;128;128;125;125;123;123;120;120;117;117;114;114;111;111;108;108;105;105;102;102;99;99;96;96;93
1698267942488126.gadget2d_resized_512x512.png;class_0;1.0;polygon;x values;24;19;19;28;197;202;250;255;279;283;336;341;466;471;510;514;529;534;567;572;702;707;750;755;774;779;847;851;1097;1102;1135;1140;1164;1169;1236;1241;1578;1583;1674;1679;1732;1737;1843;1848;1944;1949;2184;2189;2459;2459;2444;2439;2194;2189;2165;2160;2146;2141;2112;2107;1852;1848;1809;1804;1780;1775;1732;1727;1515;1511;1414;1410;1381;1376;1313;1309
1698267942488126.gadget2d_resized_512x512.png;class_0;1.0;polygon;y values;105;108;1338;1344;1344;1347;1347;1350;1350;1353;1353;1356;1356;1359;1359;1362;1362;1365;1365;1368;1368;1371;1371;1374;1374;1376;1376;1379;1379;1382;1382;1385;1385;1388;1388;1391;1391;1394;1394;1397;1397;1400;1400;1397;1397;1400;1400;1403;1403;143;143;140;140;137;137;134;134;131;131;128;128;125;125;123;123;120;120;117;117;114;114;111;111;108;108;105
1700387395306894.gadget2d_resized_512x512.png;class_0;1.0;polygon;x values;1328;1323;1265;1260;1232;1227;1164;1159;875;871;798;794;770;765;712;707;428;423;399;394;385;380;356;351;139;134;77;72;14;9;0;0;673;678;750;755;847;851;1135;1140;1357;1361;1438;1443;1487;1491;1554;1559;1795;1799;1848;1852;1872;1876;1949;1953;2098;2103;2170;2175;2199;2204;2252;2257;2444;2449;2459;2459
1700387395306894.gadget2d_resized_512x512.png;class_0;1.0;polygon;y values;175;178;178;181;181;184;184;187;187;190;190;193;193;196;196;199;199;202;202;205;205;208;208;210;210;213;213;216;216;219;219;1286;1286;1283;1283;1280;1280;1277;1277;1274;1274;1271;1271;1268;1268;1265;1265;1262;1262;1259;1259;1256;1256;1253;1253;1250;1250;1248;1248;1245;1245;1242;1242;1239;1239;1236;1236;175
1699794365786767.gadget2d_resized_512x512.png;class_0;1.0;polygon;x values;43;38;28;19;19;24;24;139;144;211;216;245;250;298;303;404;409;466;471;495;500;558;563;774;779;827;832;890;895;996;1001;1121;1126;1169;1174;1207;1212;1260;1265;1458;1463;1775;1780;1977;1982;2175;2180;2285;2290;2459;2459;2223;2218;2170;2165;2146;2141;2107;2103;1862;1857;1814;1809;1785;1780;1732;1727;1641;1636;1554;1549;1515;1511;1482;1477;1438;1434;1352;1347;856;851;750;745;707;702;519;514;332;327;192;187;67;62
1699794365786767.gadget2d_resized_512x512.png;class_0;1.0;polygon;y values;73;76;76;82;1327;1330;1333;1333;1335;1335;1338;1338;1341;1341;1344;1344;1347;1347;1350;1350;1353;1353;1356;1356;1359;1359;1362;1362;1365;1365;1368;1368;1371;1371;1374;1374;1376;1376;1379;1379;1382;1382;1385;1385;1382;1382;1385;1385;1388;1388;117;117;114;114;111;111;108;108;105;105;102;102;99;99;96;96;93;93;90;90;87;87;84;84;82;82;79;79;82;82;79;79;76;76;73;73;76;76;79;79;76;76;73
1698239059896770.gadget2d_resized_512x512.png;class_0;1.0;polygon;x values;24;19;19;24;77;81;129;134;158;163;211;216;365;370;409;413;437;442;490;495;635;640;678;683;702;707;736;741;928;933;1034;1039;1087;1092;1135;1140;1260;1265;1333;1337;1381;1386;1467;1472;1929;1934;2156;2160;2213;2218;2358;2362;2459;2459;2449;2444;2242;2237;2208;2204;2184;2180;2146;2141;1939;1934;1905;1900;1891;1886;1857;1852;1679;1674;1607;1602;1573;1568;1511;1506
1698239059896770.gadget2d_resized_512x512.png;class_0;1.0;polygon;y values;93;96;1318;1321;1321;1324;1324;1327;1327;1330;1330;1333;1333;1335;1335;1338;1338;1341;1341;1344;1344;1347;1347;1350;1350;1353;1353;1356;1356;1359;1359;1362;1362;1365;1365;1368;1368;1371;1371;1374;1374;1376;1376;1379;1379;1382;1382;1385;1385;1388;1388;1391;1391;131;131;128;128;125;125;123;123;120;120;117;117;114;114;111;111;108;108;105;105;102;102;99;99;96;96;93
1700418308712475.gadget2d_resized_512x512.png;class_0;1.0;polygon;x values;24;19;19;24;24;72;77;110;115;168;173;308;312;375;380;404;409;442;447;644;649;688;693;707;712;745;750;904;909;1005;1010;1058;1063;1121;1126;1193;1198;1284;1289;1342;1347;1419;1424;1655;1660;1790;1795;1852;1857;2247;2252;2319;2324;2439;2444;2459;2459;2261;2257;2223;2218;2213;2208;2184;2180;1905;1900;1862;1857;1838;1833;1785;1780;1607;1602;1540;1535;1520;1515;1491;1487;1463;1458;1352;1347;1015;1010;938;933;861;856;640;635
1700418308712475.gadget2d_resized_512x512.png;class_0;1.0;polygon;y values;70;73;1318;1321;1324;1324;1327;1327;1330;1330;1333;1333;1335;1335;1338;1338;1341;1341;1344;1344;1347;1347;1350;1350;1353;1353;1356;1356;1359;1359;1362;1362;1365;1365;1368;1368;1371;1371;1374;1374;1376;1376;1379;1379;1382;1382;1379;1379;1382;1382;1385;1385;1388;1388;1391;1391;117;117;114;114;111;111;108;108;105;105;102;102;99;99;96;96;93;93;90;90;87;87;84;84;82;82;79;79;82;82;79;79;76;76;73;73;70
1698175883567580.gadget2d_resized_512x512.png;class_0;1.0;polygon;x values;24;19;19;24;24;33;38;216;221;274;279;303;308;356;360;486;490;524;529;548;553;582;587;721;726;794;798;842;847;904;909;1116;1121;1164;1169;1193;1198;1256;1260;1554;1559;1636;1641;1708;1713;1973;1977;2459;2459;2420;2415;2406;2401;2372;2367;2146;2141;2107;2103;2093;2088;2050;2045;1790;1785;1751;1746;1732;1727;1708;1703;1491;1487;1347;1342;1309;1304;1246;1241
1698175883567580.gadget2d_resized_512x512.png;class_0;1.0;polygon;y values;93;96;1324;1327;1330;1330;1333;1333;1335;1335;1338;1338;1341;1341;1344;1344;1347;1347;1350;1350;1353;1353;1356;1356;1359;1359;1362;1362;1365;1365;1368;1368;1371;1371;1374;1374;1376;1376;1379;1379;1382;1382;1385;1385;1388;1388;1391;1391;137;137;134;134;131;131;128;128;125;125;123;123;120;120;117;117;114;114;111;111;108;108;105;105;102;102;99;99;96;96;93
1700399667188796.gadget2d_resized_512x512.png;class_0;1.0;polygon;x values;1881;1876;1655;1650;1535;1530;1284;1280;832;827;741;736;678;673;462;457;317;312;288;283;274;269;245;240;0;0;4;9;611;616;630;635;755;760;909;914;1198;1203;1511;1515;1617;1621;1756;1761;1833;1838;1987;1992;2045;2050;2074;2079;2131;2136;2300;2305;2391;2396;2459;2459;2444;2439
1700399667188796.gadget2d_resized_512x512.png;class_0;1.0;polygon;y values;152;155;155;158;158;161;161;164;164;166;166;169;169;172;172;175;175;178;178;181;181;184;184;187;187;1262;1262;1259;1259;1262;1262;1259;1259;1256;1256;1253;1253;1250;1250;1248;1248;1245;1245;1242;1242;1239;1239;1236;1236;1233;1233;1230;1230;1227;1227;1224;1224;1221;1221;155;155;152
1698285647863731.gadget2d_resized_512x512.png;class_0;1.0;polygon;x values;24;19;19;24;24;48;52;221;226;269;274;293;298;341;346;481;486;524;529;548;553;601;606;726;731;765;770;789;794;899;904;1130;1135;1174;1179;1227;1232;1313;1318;1568;1573;1669;1674;1713;1718;1833;1838;2459;2459;2439;2435;2425;2420;2401;2396;2165;2160;2103;2098;2074;2069;2021;2016;1809;1804;1775;1771;1761;1756;1742;1737;1568;1564;1429;1424;1361;1357;1251;1246
1698285647863731.gadget2d_resized_512x512.png;class_0;1.0;polygon;y values;70;73;1312;1315;1318;1318;1321;1321;1324;1324;1327;1327;1330;1330;1333;1333;1335;1335;1338;1338;1341;1341;1344;1344;1347;1347;1350;1350;1353;1353;1356;1356;1359;1359;1362;1362;1365;1365;1368;1368;1371;1371;1374;1374;1376;1376;1379;1379;114;114;111;111;108;108;105;105;102;102;99;99;96;96;93;93;90;90;87;87;84;84;82;82;79;79;76;76;73;73;70
1698223562561653.gadget2d_resized_512x512.png;class_0;1.0;polygon;x values;24;19;19;24;129;134;202;206;235;240;288;293;423;428;466;471;486;490;524;529;649;654;712;717;745;750;803;808;1015;1020;1082;1087;1111;1116;1159;1164;1347;1352;1443;1448;1511;1515;1612;1617;2459;2459;2415;2411;2170;2165;2136;2131;2122;2117;2083;2079;1833;1828;1795;1790;1771;1766;1713;1708;1506;1501;1448;1443;1419;1414;1366;1361
1698223562561653.gadget2d_resized_512x512.png;class_0;1.0;polygon;y values;105;108;1330;1333;1333;1335;1335;1338;1338;1341;1341;1344;1344;1347;1347;1350;1350;1353;1353;1356;1356;1359;1359;1362;1362;1365;1365;1368;1368;1371;1371;1374;1374;1376;1376;1379;1379;1382;1382;1385;1385;1388;1388;1391;1391;143;143;140;140;137;137;134;134;131;131;128;128;125;125;123;123;120;120;117;117;114;114;111;111;108;108;105
1698266449549485.gadget2d_resized_512x512.png;class_0;1.0;polygon;x values;24;19;19;28;173;178;240;245;269;274;322;327;452;457;500;505;519;524;553;558;726;731;779;784;808;813;933;938;1073;1078;1121;1126;1140;1145;1179;1183;1496;1501;1602;1607;1694;1698;2074;2079;2459;2459;2319;2314;2285;2281;2257;2252;2218;2213;2011;2006;1977;1973;1949;1944;1910;1905;1708;1703;1650;1645;1602;1597;1525;1520
1698266449549485.gadget2d_resized_512x512.png;class_0;1.0;polygon;y values;93;96;1327;1333;1333;1335;1335;1338;1338;1341;1341;1344;1344;1347;1347;1350;1350;1353;1353;1356;1356;1359;1359;1362;1362;1365;1365;1368;1368;1371;1371;1374;1374;1376;1376;1379;1379;1382;1382;1385;1385;1388;1388;1391;1391;128;128;125;125;123;123;120;120;117;117;114;114;111;111;108;108;105;105;102;102;99;99;96;96;93
1697986552515613.gadget2d_resized_512x512.png;class_0;1.0;polygon;x values;24;19;19;24;24;33;38;105;110;259;264;317;322;346;351;399;404;529;534;582;587;606;611;649;654;760;765;808;813;851;856;943;948;1140;1145;1203;1207;1236;1241;1299;1304;1621;1626;1756;1761;1876;1881;2098;2103;2459;2459;2401;2396;2180;2175;2151;2146;2136;2131;2103;2098;1848;1843;1804;1799;1780;1775;1722;1718;1515;1511;1448;1443;1414;1410;1357;1352
1697986552515613.gadget2d_resized_512x512.png;class_0;1.0;polygon;y values;105;108;1333;1335;1338;1338;1341;1341;1344;1344;1347;1347;1350;1350;1353;1353;1356;1356;1359;1359;1362;1362;1365;1365;1368;1368;1371;1371;1374;1374;1376;1376;1379;1379;1382;1382;1385;1385;1388;1388;1391;1391;1394;1394;1397;1397;1400;1400;1403;1403;143;143;140;140;137;137;134;134;131;131;128;128;125;125;123;123;120;120;117;117;114;114;111;111;108;108;105
1699835782527332.gadget2d_resized_512x512.png;class_0;1.0;polygon;x values;1463;1458;1347;1342;1294;1289;1217;1212;885;880;837;832;813;808;774;770;447;442;404;399;385;380;346;341;86;81;38;33;28;19;19;28;264;269;986;991;1203;1207;1284;1289;1381;1386;1592;1597;1636;1641;1660;1665;1694;1698;1785;1790;1857;1862;1958;1963;1977;1982;2050;2054;2136;2141;2285;2290;2314;2319;2329;2334;2362;2367;2459;2459
1699835782527332.gadget2d_resized_512x512.png;class_0;1.0;polygon;y values;234;237;237;240;240;243;243;246;246;249;249;251;251;254;254;257;257;260;260;263;263;266;266;269;269;272;272;275;275;281;1318;1324;1324;1321;1321;1318;1318;1315;1315;1312;1312;1309;1309;1306;1306;1303;1303;1300;1300;1297;1297;1294;1294;1291;1291;1294;1294;1291;1291;1289;1289;1286;1286;1283;1283;1280;1280;1277;1277;1274;1274;234
1697977806327240.gadget2d_resized_512x512.png;class_0;1.0;polygon;x values;24;19;19;28;202;206;226;231;240;245;259;264;510;514;558;563;625;630;702;707;909;914;976;981;1010;1015;1068;1073;1284;1289;1352;1357;1376;1381;1443;1448;1958;1963;2131;2136;2459;2459;2425;2420;2204;2199;2180;2175;2165;2160;2136;2131;1896;1891;1857;1852;1838;1833;1795;1790;1549;1544;1506;1501;1482;1477;1434;1429
1697977806327240.gadget2d_resized_512x512.png;class_0;1.0;polygon;y values;35;38;1315;1321;1321;1324;1324;1327;1327;1330;1330;1333;1333;1335;1335;1338;1338;1341;1341;1344;1344;1347;1347;1350;1350;1353;1353;1356;1356;1359;1359;1362;1362;1365;1365;1368;1368;1371;1371;1374;1374;73;73;70;70;67;67;64;64;61;61;58;58;55;55;52;52;49;49;46;46;43;43;41;41;38;38;35
1700006864523257.gadget2d_resized_512x512.png;class_0;1.0;polygon;x values;2362;2358;1400;1395;1193;1188;1164;1159;1039;1034;1020;1015;919;914;880;875;827;822;736;731;712;707;702;697;668;664;389;385;298;293;283;279;240;235;0;0;668;673;774;779;914;919;1251;1256;1482;1487;1549;1554;1588;1592;1650;1655;1843;1848;1934;1939;1958;1963;1997;2002;2199;2204;2242;2247;2266;2271;2314;2319;2459;2459
1700006864523257.gadget2d_resized_512x512.png;class_0;1.0;polygon;y values;278;281;281;284;284;287;287;290;290;287;287;284;284;287;287;290;290;292;292;295;295;298;298;301;301;304;304;307;307;310;310;313;313;316;316;1391;1391;1388;1388;1385;1385;1382;1382;1379;1379;1376;1376;1374;1374;1371;1371;1368;1368;1365;1365;1362;1362;1359;1359;1356;1356;1353;1353;1350;1350;1347;1347;1344;1344;278
1698712852000628.gadget2d_resized_512x512.png;class_0;1.0;polygon;x values;986;981;972;967;967;962;952;948;0;0;9;14;134;139;216;221;250;255;298;303;447;452;558;563;591;596;635;640;741;745;789;794;827;832;909;914;1121;1126;1198;1203;1241;1246;1318;1323;1438;1443;1645;1650;1814;1819;1843;1848;1973;1977;2141;2146;2151;2151;2156;2156;2151;2151;2146;2146;2141;2141;2136;2136;2131;2131;2127;2127;2117;2117;2112;2112;2107;2107;2103;2103;2098;2098;2093;2093;2088;2088;2083;2083;2079;2079;2074;2074;2069;2069;2064;2064;2059;2059;2050;2050;2045;2045;2040;2040;2035;2035;2030;2030;2026;2026;2016;2016;2011;2011;2002;2002;1997;1997;1987;1987;1982;1982;1977;1977;1973;1973;1968;1968;1977;1977;2021;2021;2026;2030;2069;2074;2088;2093;2117;2122;2156;2160;2180;2184;2204;2208;2247;2252;2257;2257;2266;2271;2314;2314;2319;2319;2324;2324;2319;2319;2314;2314;2305;2300;2285;2281;2218;2213;2199;2194;2184;2180;2175;2170;2160;2156;2088;2083;2040;2035;2021;2016;2006;2002;1982;1977;1968;1963;1958;1939;1934;1925;1915;1910;1905;1896;1891;1881;1876;1872;1867;1862;1828;1823
1698712852000628.gadget2d_resized_512x512.png;class_0;1.0;polygon;y values;70;73;73;76;87;90;90;93;93;1324;1324;1321;1321;1324;1324;1327;1327;1330;1330;1333;1333;1335;1335;1338;1338;1341;1341;1344;1344;1347;1347;1350;1350;1353;1353;1356;1356;1359;1359;1362;1362;1365;1365;1368;1368;1371;1371;1374;1374;1371;1371;1374;1374;1376;1376;1374;1374;1371;1368;1356;1353;1344;1341;1335;1333;1330;1327;1318;1315;1306;1303;1300;1294;1286;1283;1277;1274;1271;1268;1262;1259;1256;1253;1250;1248;1245;1242;1239;1236;1233;1230;1227;1224;1221;1218;1215;1212;1209;1204;1201;1198;1195;1192;1189;1186;1180;1177;1171;1168;1163;1157;1154;1151;1145;1139;1136;1133;1130;1125;1122;1119;1113;1110;1107;1104;1095;1092;1057;1051;1048;1022;1019;1016;1016;993;993;984;984;969;969;949;949;937;937;925;925;902;902;899;896;890;890;864;861;858;852;849;169;166;155;152;149;149;146;146;143;143;140;140;137;137;134;134;131;131;128;128;125;125;123;123;120;120;117;117;114;114;111;111;99;99;93;93;90;90;84;84;79;79;76;76;73;73;70
1698251497164629.gadget2d_resized_512x512.png;class_0;1.0;polygon;x values;24;19;19;24;24;168;173;226;231;255;259;312;317;442;447;486;490;510;514;548;553;683;688;745;750;770;774;851;856;1044;1049;1097;1102;1126;1130;1174;1179;1366;1371;1511;1515;1568;1573;1785;1790;2459;2459;2449;2444;2233;2228;2208;2204;2189;2184;2165;2160;1900;1896;1862;1857;1833;1828;1790;1785;1617;1612;1573;1568;1554;1549;1511;1506;1015;1010;909;904;856;851;712;707
1698251497164629.gadget2d_resized_512x512.png;class_0;1.0;polygon;y values;93;96;1327;1330;1333;1333;1335;1335;1338;1338;1341;1341;1344;1344;1347;1347;1350;1350;1353;1353;1356;1356;1359;1359;1362;1362;1365;1365;1368;1368;1371;1371;1374;1374;1376;1376;1379;1379;1382;1382;1385;1385;1388;1388;1391;1391;143;143;140;140;137;137;134;134;131;131;128;128;125;125;123;123;120;120;117;117;114;114;111;111;108;108;105;105;102;102;99;99;96;96;93
1700391895358929.gadget2d_resized_512x512.png;class_0;1.0;polygon;x values;1453;1448;1347;1342;1284;1280;1179;1174;871;866;808;803;779;774;736;731;442;437;404;399;389;385;336;332;101;96;48;43;19;14;0;0;24;28;856;861;1121;1126;1207;1212;1337;1342;1588;1592;1645;1650;1684;1689;1771;1775;1973;1977;2026;2030;2054;2059;2103;2107;2329;2334;2372;2377;2396;2401;2459;2459
1700391895358929.gadget2d_resized_512x512.png;class_0;1.0;polygon;y values;164;166;166;169;169;172;172;175;175;178;178;181;181;184;184;187;187;190;190;193;193;196;196;199;199;202;202;205;205;208;208;1277;1277;1274;1274;1271;1271;1268;1268;1265;1265;1262;1262;1259;1259;1256;1256;1253;1253;1250;1250;1248;1248;1245;1245;1242;1242;1239;1239;1236;1236;1233;1233;1230;1230;164
1700305806533174.gadget2d_resized_512x512.png;class_0;1.0;polygon;x values;1222;1217;1159;1155;1116;1111;1025;1020;721;717;659;654;563;558;486;481;375;370;336;332;322;317;288;283;28;24;0;0;9;14;750;755;880;885;957;962;1207;1212;1458;1463;1535;1540;1568;1573;1631;1636;1876;1881;1929;1934;1958;1963;2016;2021;2131;2136;2199;2204;2228;2233;2281;2285;2459;2459
1700305806533174.gadget2d_resized_512x512.png;class_0;1.0;polygon;y values;175;178;178;181;181;184;184;187;187;190;190;193;193;196;196;199;199;202;202;205;205;208;208;210;210;213;213;1289;1289;1286;1286;1283;1283;1280;1280;1277;1277;1274;1274;1271;1271;1268;1268;1265;1265;1262;1262;1259;1259;1256;1256;1253;1253;1250;1250;1248;1248;1245;1245;1242;1242;1239;1239;175
1697617194585313.gadget2d_resized_512x512.png;class_0;1.0;polygon;x values;24;19;19;28;163;168;221;226;250;255;312;317;447;452;505;510;534;539;587;591;726;731;770;774;794;798;875;880;1053;1058;1116;1121;1145;1150;1203;1207;1434;1438;1559;1564;1660;1665;1843;1848;2459;2459;2367;2362;2338;2334;2295;2290;2083;2079;2050;2045;2030;2026;1992;1987;1766;1761;1722;1718;1703;1698;1650;1645;1410;1405;1318;1313;1284;1280;1203;1198
1697617194585313.gadget2d_resized_512x512.png;class_0;1.0;polygon;y values;82;84;1327;1333;1333;1335;1335;1338;1338;1341;1341;1344;1344;1347;1347;1350;1350;1353;1353;1356;1356;1359;1359;1362;1362;1365;1365;1368;1368;1371;1371;1374;1374;1376;1376;1379;1379;1382;1382;1385;1385;1388;1388;1391;1391;125;125;123;123;120;120;117;117;114;114;111;111;108;108;105;105;102;102;99;99;96;96;93;93;90;90;87;87;84;84;82
1700408816364953.gadget2d_resized_512x512.png;class_0;1.0;polygon;x values;2165;2160;1872;1867;1804;1799;1655;1650;1130;1126;1058;1053;1005;1001;928;924;601;596;558;553;534;529;486;481;279;274;221;216;197;192;144;139;0;0;19;24;356;360;442;447;1145;1150;1251;1256;1313;1318;1410;1414;1669;1674;1737;1742;1775;1780;1852;1857;2035;2040;2088;2093;2112;2117;2175;2180;2367;2372;2420;2425;2459;2459;2435;2430
1700408816364953.gadget2d_resized_512x512.png;class_0;1.0;polygon;y values;152;155;155;158;158;161;161;164;164;166;166;169;169;172;172;175;175;178;178;181;181;184;184;187;187;190;190;193;193;196;196;199;199;1277;1277;1274;1274;1277;1277;1274;1274;1271;1271;1268;1268;1265;1265;1262;1262;1259;1259;1256;1256;1253;1253;1250;1250;1248;1248;1245;1245;1242;1242;1239;1239;1236;1236;1233;1233;155;155;152
1698698084674049.gadget2d_resized_512x512.png;class_0;1.0;polygon;x values;24;19;19;24;24;33;38;216;221;274;279;303;308;365;370;505;510;548;553;577;582;620;625;765;770;822;827;880;885;1010;1015;1159;1164;1222;1227;1260;1265;1342;1347;1621;1626;1823;1828;1900;1905;2271;2276;2459;2459;2439;2435;2430;2382;2377;2319;2314;2093;2088;2059;2054;2040;2035;1992;1987;1746;1742;1698;1694;1674;1669;1636;1631;1337;1333;1236;1232;1198;1193;1126;1121
1698698084674049.gadget2d_resized_512x512.png;class_0;1.0;polygon;y values;82;84;1324;1327;1330;1330;1333;1333;1335;1335;1338;1338;1341;1341;1344;1344;1347;1347;1350;1350;1353;1353;1356;1356;1359;1359;1362;1362;1365;1365;1368;1368;1371;1371;1374;1374;1376;1376;1379;1379;1382;1382;1379;1379;1382;1382;1385;1385;123;123;125;123;123;120;120;117;117;114;114;111;111;108;108;105;105;102;102;99;99;96;96;93;93;90;90;87;87;84;84;82
1698710844957958.gadget2d_resized_512x512.png;class_0;1.0;polygon;x values;28;19;19;28;120;125;144;149;197;202;341;346;413;418;442;447;481;486;664;668;755;760;779;784;822;827;1010;1015;1078;1082;1106;1111;1145;1150;1256;1260;1328;1333;1361;1366;1381;1386;1395;1405;1410;1414;1424;1429;2459;2459;2295;2290;2233;2228;2208;2204;2170;2165;1920;1915;1881;1876;1862;1857;1804;1799;1645;1641;1573;1568;1540;1535;1506;1501;1434;1429;1366;1361;962;957;803;798;770;765;654;649;572;567;505;500;336;332;173;168
1698710844957958.gadget2d_resized_512x512.png;class_0;1.0;polygon;y values;70;76;1306;1312;1312;1315;1315;1318;1318;1321;1321;1324;1324;1327;1327;1330;1330;1333;1333;1335;1335;1338;1338;1341;1341;1344;1344;1347;1347;1350;1350;1353;1353;1356;1356;1359;1359;1362;1362;1365;1365;1368;1368;1374;1374;1376;1376;1379;1379;117;117;114;114;111;111;108;108;105;105;102;102;99;99;96;96;93;93;90;90;87;87;84;84;82;82;79;79;82;82;79;79;76;76;73;73;70;70;73;73;70;70;73;73;70
1698277223689564.gadget2d_resized_512x512.png;class_0;1.0;polygon;x values;24;19;19;24;125;129;178;182;206;211;250;255;404;409;462;466;486;490;534;539;668;673;721;726;745;750;794;798;1049;1053;1111;1116;1140;1145;1203;1207;1381;1386;1472;1477;1506;1511;1588;1592;2439;2444;2459;2459;2372;2367;2329;2324;2310;2305;2266;2261;2069;2064;2040;2035;2026;2021;1992;1987;1746;1742;1708;1703;1684;1679;1641;1636;1361;1357;1280;1275;1236;1232;1145;1140
1698277223689564.gadget2d_resized_512x512.png;class_0;1.0;polygon;y values;82;84;1318;1321;1321;1324;1324;1327;1327;1330;1330;1333;1333;1335;1335;1338;1338;1341;1341;1344;1344;1347;1347;1350;1350;1353;1353;1356;1356;1359;1359;1362;1362;1365;1365;1368;1368;1371;1371;1374;1374;1376;1376;1379;1379;1382;1382;128;128;125;125;123;123;120;120;117;117;114;114;111;111;108;108;105;105;102;102;99;99;96;96;93;93;90;90;87;87;84;84;82
1698115486258324.gadget2d_resized_512x512.png;class_0;1.0;polygon;x values;24;19;19;28;202;206;259;264;283;288;332;336;514;519;591;596;630;635;693;697;784;789;866;871;933;938;1039;1044;1251;1256;1333;1337;1390;1395;1482;1487;2281;2285;2459;2459;2367;2362;2334;2329;2319;2314;2290;2285;2079;2074;2040;2035;2021;2016;1973;1968;1742;1737;1703;1698;1679;1674;1650;1645;1390;1386;1232;1227;1174;1169;1053;1049
1698115486258324.gadget2d_resized_512x512.png;class_0;1.0;polygon;y values;70;73;1315;1321;1321;1324;1324;1327;1327;1330;1330;1333;1333;1335;1335;1338;1338;1341;1341;1344;1344;1347;1347;1350;1350;1353;1353;1356;1356;1359;1359;1362;1362;1365;1365;1368;1368;1371;1371;117;117;114;114;111;111;108;108;105;105;102;102;99;99;96;96;93;93;90;90;87;87;84;84;82;82;79;79;76;76;73;73;70
1698678521287171.gadget2d_resized_512x512.png;class_0;1.0;polygon;x values;24;19;19;28;197;202;255;259;288;293;336;341;471;476;524;529;558;563;625;630;750;755;813;818;861;866;943;948;1150;1155;1232;1236;1284;1289;1366;1371;1617;1621;1982;1987;2059;2064;2194;2199;2290;2295;2459;2459;2338;2334;2305;2300;2290;2285;2252;2247;2011;2006;1973;1968;1944;1939;1900;1896;1684;1679;1621;1617;1583;1578;1506;1501
1698678521287171.gadget2d_resized_512x512.png;class_0;1.0;polygon;y values;93;96;1315;1321;1321;1324;1324;1327;1327;1330;1330;1333;1333;1335;1335;1338;1338;1341;1341;1344;1344;1347;1347;1350;1350;1353;1353;1356;1356;1359;1359;1362;1362;1365;1365;1368;1368;1371;1371;1374;1374;1376;1376;1379;1379;1376;1376;128;128;125;125;123;123;120;120;117;117;114;114;111;111;108;108;105;105;102;102;99;99;96;96;93
1698054130941304.gadget2d_resized_512x512.png;class_0;1.0;polygon;x values;24;19;19;28;206;211;264;269;293;298;346;351;519;524;572;577;601;606;654;659;760;765;827;832;933;938;1025;1029;1188;1193;1265;1270;1318;1323;1467;1472;2175;2180;2444;2449;2459;2459;2305;2300;2271;2266;2252;2247;2218;2213;2016;2011;1963;1958;1934;1929;1876;1872;1645;1641;1602;1597;1583;1578;1544;1540
1698054130941304.gadget2d_resized_512x512.png;class_0;1.0;polygon;y values;82;84;1315;1321;1321;1324;1324;1327;1327;1330;1330;1333;1333;1335;1335;1338;1338;1341;1341;1344;1344;1347;1347;1350;1350;1353;1353;1356;1356;1359;1359;1362;1362;1365;1365;1368;1368;1371;1371;1374;1374;117;117;114;114;111;111;108;108;105;105;102;102;99;99;96;96;93;93;90;90;87;87;84;84;82
1699039601647386.gadget2d_resized_512x512.png;class_0;1.0;polygon;x values;24;19;19;24;24;38;43;91;96;264;269;322;327;351;356;409;413;553;558;591;596;616;620;644;649;856;861;957;962;1010;1015;1087;1092;1270;1275;1366;1371;1419;1424;1520;1525;1973;1977;2194;2199;2310;2314;2459;2459;2449;2444;2237;2233;2194;2189;2170;2165;2127;2122;1920;1915;1891;1886;1867;1862;1833;1828;1641;1636;1549;1544;1487;1482;1371;1366
1699039601647386.gadget2d_resized_512x512.png;class_0;1.0;polygon;y values;70;73;1297;1300;1303;1303;1306;1306;1309;1309;1312;1312;1315;1315;1318;1318;1321;1321;1324;1324;1327;1327;1330;1330;1333;1333;1335;1335;1338;1338;1341;1341;1344;1344;1347;1347;1350;1350;1353;1353;1356;1356;1359;1359;1362;1362;1365;1365;108;108;105;105;102;102;99;99;96;96;93;93;90;90;87;87;84;84;82;82;79;79;76;76;73;73;70
1698176648585197.gadget2d_resized_512x512.png;class_0;1.0;polygon;x values;24;19;19;24;144;149;206;211;240;245;303;308;409;413;457;462;476;481;514;519;625;630;712;717;741;745;808;813;1020;1025;1082;1087;1116;1121;1174;1179;1390;1395;1597;1602;1689;1694;1949;1953;2459;2459;2435;2430;2420;2415;2391;2387;2180;2175;2141;2136;2122;2117;2079;2074;1838;1833;1799;1795;1775;1771;1746;1742;1554;1549;1438;1434;1376;1371;1289;1284
1698176648585197.gadget2d_resized_512x512.png;class_0;1.0;polygon;y values;93;96;1330;1333;1333;1335;1335;1338;1338;1341;1341;1344;1344;1347;1347;1350;1350;1353;1353;1356;1356;1359;1359;1362;1362;1365;1365;1368;1368;1371;1371;1374;1374;1376;1376;1379;1379;1382;1382;1385;1385;1388;1388;1391;1391;137;137;134;134;131;131;128;128;125;125;123;123;120;120;117;117;114;114;111;111;108;108;105;105;102;102;99;99;96;96;93
1699910421230571.gadget2d_resized_512x512.png;class_0;1.0;polygon;x values;24;19;19;28;96;101;134;139;182;187;317;322;389;394;418;423;466;471;591;596;644;649;673;678;717;721;899;904;976;981;1039;1044;1102;1106;1169;1174;1251;1256;1294;1299;1376;1381;1573;1578;2079;2083;2218;2223;2459;2459;2276;2271;2223;2218;2208;2204;2175;2170;1934;1929;1881;1876;1857;1852;1795;1790;1650;1645;1578;1573;1549;1544;1515;1511;1472;1467;1318;1313;1111;1106;991;986;933;928;760;755
1699910421230571.gadget2d_resized_512x512.png;class_0;1.0;polygon;y values;70;73;1318;1324;1324;1327;1327;1330;1330;1333;1333;1335;1335;1338;1338;1341;1341;1344;1344;1347;1347;1350;1350;1353;1353;1356;1356;1359;1359;1362;1362;1365;1365;1368;1368;1371;1371;1374;1374;1376;1376;1379;1379;1382;1382;1385;1385;1388;1388;117;117;114;114;111;111;108;108;105;105;102;102;99;99;96;96;93;93;90;90;87;87;84;84;82;82;79;79;82;82;79;79;76;76;73;73;70
1700321604697974.gadget2d_resized_512x512.png;class_0;1.0;polygon;x values;567;563;534;529;519;514;24;24;19;19;28;192;197;283;288;322;327;370;375;577;582;644;649;668;673;712;717;827;832;933;938;996;1001;1082;1087;1246;1251;1318;1323;1429;1434;1525;1530;2459;2459;2449;2444;2348;2343;2295;2290;2276;2271;2228;2223;2011;2006;1944;1939;1920;1915;1886;1881;1756;1751;1732;1727;1718;1713;1713;1708;1703;1578;1573;1419;1414;1405;1400;1333;1328;1280;1275;875;871;827;822;813;808;784;779
1700321604697974.gadget2d_resized_512x512.png;class_0;1.0;polygon;y values;11;14;14;17;17;20;20;23;26;1268;1274;1274;1277;1277;1280;1280;1283;1283;1286;1286;1289;1289;1291;1291;1294;1294;1297;1297;1300;1300;1303;1303;1306;1306;1309;1309;1312;1312;1315;1315;1318;1318;1321;1321;55;55;58;58;55;55;52;52;49;49;46;46;43;43;41;41;38;38;35;35;32;32;29;29;26;17;17;14;14;17;17;14;14;17;17;20;20;23;23;20;20;17;17;14;14;11
1698273216603455.gadget2d_resized_512x512.png;class_0;1.0;polygon;x values;24;19;19;24;28;33;231;235;288;293;322;327;370;375;481;486;524;529;553;558;591;596;745;750;798;803;856;861;948;952;1087;1092;1140;1145;1169;1174;1222;1227;1482;1487;1602;1607;1689;1694;1963;1968;2459;2459;2435;2430;2425;2420;2391;2387;2160;2156;2107;2103;2088;2083;2045;2040;1819;1814;1780;1775;1761;1756;1737;1732;1530;1525;1376;1371;1318;1313;1222;1217
1698273216603455.gadget2d_resized_512x512.png;class_0;1.0;polygon;y values;93;96;1327;1330;1330;1333;1333;1335;1335;1338;1338;1341;1341;1344;1344;1347;1347;1350;1350;1353;1353;1356;1356;1359;1359;1362;1362;1365;1365;1368;1368;1371;1371;1374;1374;1376;1376;1379;1379;1382;1382;1385;1385;1388;1388;1391;1391;137;137;134;134;131;131;128;128;125;125;123;123;120;120;117;117;114;114;111;111;108;108;105;105;102;102;99;99;96;96;93
1700321934704168.gadget2d_resized_512x512.png;class_0;1.0;polygon;x values;1530;1525;1395;1390;1333;1328;1256;1251;914;909;871;866;847;842;798;794;486;481;437;433;413;409;380;375;202;197;168;163;149;144;110;105;24;19;19;28;163;168;385;389;616;620;957;962;1111;1116;1212;1217;1333;1337;1573;1578;1626;1631;1660;1665;1737;1742;1934;1939;1977;1982;2002;2006;2059;2064;2247;2252;2290;2295;2314;2319;2358;2362;2459;2459
1700321934704168.gadget2d_resized_512x512.png;class_0;1.0;polygon;y values;187;190;190;193;193;196;196;199;199;202;202;205;205;208;208;210;210;213;213;216;216;219;219;222;222;225;225;228;228;231;231;234;234;237;1294;1300;1300;1297;1297;1300;1300;1297;1297;1294;1294;1291;1291;1289;1289;1286;1286;1283;1283;1280;1280;1277;1277;1274;1274;1271;1271;1268;1268;1265;1265;1262;1262;1259;1259;1256;1256;1253;1253;1250;1250;187
1698673114175287.gadget2d_resized_512x512.png;class_0;1.0;polygon;x values;24;19;19;24;24;28;101;105;269;274;317;322;336;341;385;389;519;524;591;596;625;630;688;693;818;822;909;914;948;952;1039;1044;1207;1212;1284;1289;1337;1342;1443;1448;1732;1737;2112;2117;2329;2334;2459;2459;2218;2213;2184;2180;2170;2165;2136;2131;1857;1852;1819;1814;1795;1790;1751;1746;1511;1506;1443;1438;1414;1410;1361;1357
1698673114175287.gadget2d_resized_512x512.png;class_0;1.0;polygon;y values;82;84;1309;1312;1315;1318;1318;1321;1321;1324;1324;1327;1327;1330;1330;1333;1333;1335;1335;1338;1338;1341;1341;1344;1344;1347;1347;1350;1350;1353;1353;1356;1356;1359;1359;1362;1362;1365;1365;1368;1368;1371;1371;1374;1374;1371;1371;117;117;114;114;111;111;108;108;105;105;102;102;99;99;96;96;93;93;90;90;87;87;84;84;82
1698024856317019.gadget2d_resized_512x512.png;class_0;1.0;polygon;x values;24;19;19;24;86;91;163;168;187;192;245;250;365;370;418;423;447;452;495;500;625;630;688;693;717;721;760;765;957;962;1015;1020;1049;1053;1097;1102;1289;1294;1395;1400;1453;1458;1540;1544;2285;2290;2439;2444;2459;2459;2454;2449;2425;2420;2199;2194;2160;2156;2136;2131;2093;2088;1896;1891;1857;1852;1833;1828;1785;1780;1636;1631;1554;1549;1511;1506;1405;1400
1698024856317019.gadget2d_resized_512x512.png;class_0;1.0;polygon;y values;93;96;1330;1333;1333;1335;1335;1338;1338;1341;1341;1344;1344;1347;1347;1350;1350;1353;1353;1356;1356;1359;1359;1362;1362;1365;1365;1368;1368;1371;1371;1374;1374;1376;1376;1379;1379;1382;1382;1385;1385;1388;1388;1391;1391;1394;1394;1397;1397;134;134;131;131;128;128;125;125;123;123;120;120;117;117;114;114;111;111;108;108;105;105;102;102;99;99;96;96;93
1700302019494966.gadget2d_resized_512x512.png;class_0;1.0;polygon;x values;1669;1665;1583;1578;1520;1515;1438;1434;1121;1116;1053;1049;1010;1005;943;938;688;683;640;635;620;616;558;553;336;332;293;288;269;264;216;211;19;14;0;0;4;9;707;712;842;847;933;938;1092;1097;1414;1419;1477;1482;1511;1515;1568;1573;1766;1771;1819;1823;1848;1852;1910;1915;2083;2088;2131;2136;2160;2165;2204;2208;2353;2358;2401;2406;2430;2435;2439;2444;2459;2459
1700302019494966.gadget2d_resized_512x512.png;class_0;1.0;polygon;y values;175;178;178;181;181;184;184;187;187;190;190;193;193;196;196;199;199;202;202;205;205;208;208;210;210;213;213;216;216;219;219;222;222;225;225;1300;1300;1297;1297;1294;1294;1291;1291;1289;1289;1286;1286;1283;1283;1280;1280;1277;1277;1274;1274;1271;1271;1268;1268;1265;1265;1262;1262;1259;1259;1256;1256;1253;1253;1250;1250;1248;1248;1245;1245;1242;1242;1245;1245;175
1700070556600668.gadget2d_resized_512x512.png;class_0;1.0;polygon;x values;24;19;19;24;24;105;110;149;154;211;216;336;341;399;404;428;433;476;481;668;673;726;731;750;755;784;789;938;943;1010;1015;1044;1049;1097;1102;1217;1222;1323;1328;1395;1400;1535;1540;2050;2054;2444;2449;2459;2459;2362;2358;2324;2319;2310;2305;2285;2281;2103;2098;2050;2045;2016;2011;1944;1939;1684;1679;1645;1641;1626;1621;1597;1592;1309;1304;1203;1198;1164;1159;1044;1039
1700070556600668.gadget2d_resized_512x512.png;class_0;1.0;polygon;y values;93;96;1330;1333;1335;1335;1338;1338;1341;1341;1344;1344;1347;1347;1350;1350;1353;1353;1356;1356;1359;1359;1362;1362;1365;1365;1368;1368;1371;1371;1374;1374;1376;1376;1379;1379;1382;1382;1385;1385;1388;1388;1391;1391;1394;1394;1397;1397;140;140;137;137;134;134;131;131;128;128;125;125;123;123;120;120;117;117;114;114;111;111;108;108;105;105;102;102;99;99;96;96;93
1698022617271177.gadget2d_resized_512x512.png;class_0;1.0;polygon;x values;24;19;19;24;24;28;81;86;235;240;298;303;332;336;399;404;519;524;563;567;591;596;644;649;765;770;832;837;885;890;972;976;1102;1106;1164;1169;1198;1203;1260;1265;1501;1506;1612;1617;1703;1708;2021;2026;2459;2459;2387;2382;2338;2334;2319;2314;2285;2281;2107;2103;2079;2074;2059;2054;2016;2011;1775;1771;1742;1737;1713;1708;1674;1669;1443;1438;1381;1376;1347;1342;1260;1256
1698022617271177.gadget2d_resized_512x512.png;class_0;1.0;polygon;y values;82;84;1321;1324;1327;1330;1330;1333;1333;1335;1335;1338;1338;1341;1341;1344;1344;1347;1347;1350;1350;1353;1353;1356;1356;1359;1359;1362;1362;1365;1365;1368;1368;1371;1371;1374;1374;1376;1376;1379;1379;1382;1382;1385;1385;1388;1388;1391;1391;128;128;125;125;123;123;120;120;117;117;114;114;111;111;108;108;105;105;102;102;99;99;96;96;93;93;90;90;87;87;84;84;82
1698114518238975.gadget2d_resized_512x512.png;class_0;1.0;polygon;x values;24;19;19;24;24;52;57;221;226;288;293;317;322;360;365;514;519;582;587;611;616;668;673;808;813;875;880;919;924;1005;1010;1193;1198;1284;1289;1357;1361;1472;1477;2079;2083;2334;2338;2420;2425;2435;2439;2459;2459;2367;2362;2334;2329;2319;2314;2281;2276;2026;2021;1963;1958;1929;1925;1881;1876;1694;1689;1660;1655;1641;1636;1607;1602;1246;1241;1106;1102;1053;1049;962;957
1698114518238975.gadget2d_resized_512x512.png;class_0;1.0;polygon;y values;70;73;1312;1315;1318;1318;1321;1321;1324;1324;1327;1327;1330;1330;1333;1333;1335;1335;1338;1338;1341;1341;1344;1344;1347;1347;1350;1350;1353;1353;1356;1356;1359;1359;1362;1362;1365;1365;1368;1368;1371;1371;1374;1374;1371;1371;1374;1374;117;117;114;114;111;111;108;108;105;105;102;102;99;99;96;96;93;93;90;90;87;87;84;84;82;82;79;79;76;76;73;73;70
1698228893675781.gadget2d_resized_512x512.png;class_0;1.0;polygon;x values;24;19;19;24;38;43;134;139;163;168;211;216;356;360;394;399;418;423;466;471;601;606;673;678;702;707;745;750;957;962;1020;1025;1049;1053;1097;1102;1289;1294;1395;1400;1458;1463;1559;1564;2334;2338;2459;2459;2406;2401;2160;2156;2131;2127;2107;2103;2074;2069;1833;1828;1790;1785;1756;1751;1703;1698;1482;1477;1414;1410;1386;1381;1318;1313
1698228893675781.gadget2d_resized_512x512.png;class_0;1.0;polygon;y values;105;108;1330;1333;1333;1335;1335;1338;1338;1341;1341;1344;1344;1347;1347;1350;1350;1353;1353;1356;1356;1359;1359;1362;1362;1365;1365;1368;1368;1371;1371;1374;1374;1376;1376;1379;1379;1382;1382;1385;1385;1388;1388;1391;1391;1394;1394;143;143;140;140;137;137;134;134;131;131;128;128;125;125;123;123;120;120;117;117;114;114;111;111;108;108;105
1700396924418705.gadget2d_resized_512x512.png;class_0;1.0;polygon;x values;1973;1968;1785;1780;1631;1626;1496;1491;1097;1092;1015;1010;976;972;914;909;582;577;510;505;481;476;437;433;283;279;250;245;235;231;202;197;24;19;19;24;688;693;789;794;875;880;1135;1140;1357;1361;1443;1448;1520;1525;1588;1592;1799;1804;1862;1867;1896;1900;1958;1963;2103;2107;2170;2175;2199;2204;2242;2247;2439;2444;2459;2459
1700396924418705.gadget2d_resized_512x512.png;class_0;1.0;polygon;y values;164;166;166;169;169;172;172;175;175;178;178;181;181;184;184;187;187;190;190;193;193;196;196;199;199;202;202;205;205;208;208;210;210;213;1283;1286;1286;1283;1283;1280;1280;1277;1277;1274;1274;1271;1271;1268;1268;1265;1265;1262;1262;1259;1259;1256;1256;1253;1253;1250;1250;1248;1248;1245;1245;1242;1242;1239;1239;1236;1236;164
1700308175552005.gadget2d_resized_512x512.png;class_0;1.0;polygon;x values;1872;1867;1780;1775;1684;1679;1583;1578;1207;1203;1130;1126;1082;1078;1001;996;741;736;683;678;654;649;591;587;375;370;317;312;293;288;240;235;14;9;0;0;4;9;678;683;813;818;895;899;1140;1145;1414;1419;1477;1482;1515;1520;1607;1612;1814;1819;1886;1891;1920;1925;1977;1982;2112;2117;2160;2165;2184;2189;2242;2247;2391;2396;2459;2459
1700308175552005.gadget2d_resized_512x512.png;class_0;1.0;polygon;y values;175;178;178;181;181;184;184;187;187;190;190;193;193;196;196;199;199;202;202;205;205;208;208;210;210;213;213;216;216;219;219;222;222;225;225;1300;1300;1297;1297;1294;1294;1291;1291;1289;1289;1286;1286;1283;1283;1280;1280;1277;1277;1274;1274;1271;1271;1268;1268;1265;1265;1262;1262;1259;1259;1256;1256;1253;1253;1250;1250;1248;1248;175
1698286718886868.gadget2d_resized_512x512.png;class_0;1.0;polygon;x values;24;19;19;24;24;57;62;91;96;134;139;322;327;385;389;409;413;457;462;558;563;596;601;630;635;683;688;880;885;996;1001;1049;1053;1116;1121;1246;1251;1357;1361;1410;1414;1496;1501;2021;2026;2228;2233;2281;2285;2435;2439;2459;2459;2401;2396;2170;2165;2141;2136;2127;2122;2093;2088;1823;1819;1780;1775;1761;1756;1722;1718;1540;1535;1487;1482;1453;1448;1376;1371
1698286718886868.gadget2d_resized_512x512.png;class_0;1.0;polygon;y values;82;84;1318;1321;1324;1324;1327;1327;1330;1330;1333;1333;1335;1335;1338;1338;1341;1341;1344;1344;1347;1347;1350;1350;1353;1353;1356;1356;1359;1359;1362;1362;1365;1365;1368;1368;1371;1371;1374;1374;1376;1376;1379;1379;1382;1382;1385;1385;1388;1388;1391;1391;120;120;117;117;114;114;111;111;108;108;105;105;102;102;99;99;96;96;93;93;90;90;87;87;84;84;82
1698656438822399.gadget2d_resized_512x512.png;class_0;1.0;polygon;x values;24;19;19;24;105;110;163;168;182;187;235;240;375;380;418;423;442;447;481;486;668;673;741;745;765;770;818;822;1015;1020;1073;1078;1111;1116;1183;1188;1390;1395;1482;1487;1564;1568;1679;1684;2459;2459;2353;2348;2324;2319;2305;2300;2276;2271;2040;2035;1992;1987;1968;1963;1920;1915;1698;1694;1665;1660;1641;1636;1607;1602;1246;1241;1044;1039;991;986;885;880
1698656438822399.gadget2d_resized_512x512.png;class_0;1.0;polygon;y values;70;73;1306;1309;1309;1312;1312;1315;1315;1318;1318;1321;1321;1324;1324;1327;1327;1330;1330;1333;1333;1335;1335;1338;1338;1341;1341;1344;1344;1347;1347;1350;1350;1353;1353;1356;1356;1359;1359;1362;1362;1365;1365;1368;1368;117;117;114;114;111;111;108;108;105;105;102;102;99;99;96;96;93;93;90;90;87;87;84;84;82;82;79;79;76;76;73;73;70
1698223101550970.gadget2d_resized_512x512.png;class_0;1.0;polygon;x values;24;19;19;24;33;38;120;125;158;163;221;226;356;360;399;404;433;437;481;486;591;596;635;640;659;664;688;693;952;957;1010;1015;1049;1053;1121;1126;1294;1299;1390;1395;1434;1438;1525;1530;2358;2362;2411;2415;2444;2449;2459;2459;2290;2285;2242;2237;2213;2208;2165;2160;1949;1944;1910;1905;1891;1886;1843;1838;1617;1612;1549;1544;1511;1506;1410;1405
1698223101550970.gadget2d_resized_512x512.png;class_0;1.0;polygon;y values;117;120;1341;1344;1344;1347;1347;1350;1350;1353;1353;1356;1356;1359;1359;1362;1362;1365;1365;1368;1368;1371;1371;1374;1374;1376;1376;1379;1379;1382;1382;1385;1385;1388;1388;1391;1391;1394;1394;1397;1397;1400;1400;1403;1403;1406;1406;1403;1403;1406;1406;152;152;149;149;146;146;143;143;140;140;137;137;134;134;131;131;128;128;125;125;123;123;120;120;117
1697985254488449.gadget2d_resized_512x512.png;class_0;1.0;polygon;x values;0;0;144;149;206;211;240;245;308;312;452;457;505;510;539;543;601;606;717;721;750;755;779;784;871;875;1111;1116;1169;1174;1256;1260;1323;1328;1501;1506;1578;1583;1621;1626;1771;1775;2459;2459;2314;2310;2281;2276;2257;2252;2218;2213;2021;2016;1977;1973;1949;1944;1900;1896;1674;1669;1631;1626;1602;1597;1568;1564;1212;1207;1063;1058;996;991;885;880
1697985254488449.gadget2d_resized_512x512.png;class_0;1.0;polygon;y values;70;1321;1321;1324;1324;1327;1327;1330;1330;1333;1333;1335;1335;1338;1338;1341;1341;1344;1344;1347;1347;1350;1350;1353;1353;1356;1356;1359;1359;1362;1362;1365;1365;1368;1368;1371;1371;1374;1374;1376;1376;1379;1379;117;117;114;114;111;111;108;108;105;105;102;102;99;99;96;96;93;93;90;90;87;87;84;84;82;82;79;79;76;76;73;73;70
1700013288600664.gadget2d_resized_512x512.png;class_0;1.0;polygon;x values;741;736;731;721;721;702;630;625;539;534;510;505;466;462;255;250;206;202;178;173;134;129;24;19;19;28;447;452;616;620;856;861;1256;1260;1342;1347;1414;1419;1592;1597;1650;1655;1674;1679;1732;1737;1929;1934;1963;1968;1977;1982;2088;2093;2247;2252;2281;2285;2300;2305;2358;2362;2459;2459;2045;2040;1997;1992;1973;1968;1703;1698;1087;1082;1068;1058;1049;1044
1700013288600664.gadget2d_resized_512x512.png;class_0;1.0;polygon;y values;292;295;295;301;304;316;316;319;319;322;322;325;325;328;328;331;331;333;333;336;336;339;339;342;1409;1415;1415;1417;1417;1415;1415;1412;1412;1409;1409;1406;1406;1403;1403;1400;1400;1397;1397;1394;1394;1391;1391;1388;1388;1385;1385;1382;1382;1379;1379;1376;1376;1374;1374;1371;1371;1368;1368;292;292;295;295;298;298;301;301;304;304;301;301;295;295;292
1698110740152738.gadget2d_resized_512x512.png;class_0;1.0;polygon;x values;24;19;19;28;182;187;240;245;279;283;336;341;490;495;543;548;572;577;620;625;779;784;909;914;976;981;1073;1078;1256;1260;1347;1352;1395;1400;1472;1477;2141;2146;2459;2459;2377;2372;2334;2329;2310;2305;2257;2252;2069;2064;2040;2035;2026;2021;1987;1982;1756;1751;1703;1698;1669;1665;1607;1602
1698110740152738.gadget2d_resized_512x512.png;class_0;1.0;polygon;y values;70;73;1303;1309;1309;1312;1312;1315;1315;1318;1318;1321;1321;1324;1324;1327;1327;1330;1330;1333;1333;1335;1335;1338;1338;1341;1341;1344;1344;1347;1347;1350;1350;1353;1353;1356;1356;1359;1359;105;105;102;102;99;99;96;96;93;93;90;90;87;87;84;84;82;82;79;79;76;76;73;73;70
1698223157552441.gadget2d_resized_512x512.png;class_0;1.0;polygon;x values;24;19;19;24;24;28;33;86;91;255;259;317;322;351;356;409;413;543;548;591;596;616;620;654;659;784;789;880;885;914;919;1005;1010;1155;1159;1236;1241;1270;1275;1333;1337;1583;1588;1751;1756;1939;1944;2175;2180;2459;2459;2420;2415;2184;2180;2151;2146;2131;2127;2098;2093;1838;1833;1799;1795;1775;1771;1732;1727;1564;1559;1515;1511;1491;1487;1443;1438;1020;1015;909;904;861;856;741;736
1698223157552441.gadget2d_resized_512x512.png;class_0;1.0;polygon;y values;93;96;1321;1324;1327;1327;1330;1330;1333;1333;1335;1335;1338;1338;1341;1341;1344;1344;1347;1347;1350;1350;1353;1353;1356;1356;1359;1359;1362;1362;1365;1365;1368;1368;1371;1371;1374;1374;1376;1376;1379;1379;1382;1382;1385;1385;1388;1388;1391;1391;143;143;140;140;137;137;134;134;131;131;128;128;125;125;123;123;120;120;117;117;114;114;111;111;108;108;105;105;102;102;99;99;96;96;93
1698672917171172.gadget2d_resized_512x512.png;class_0;1.0;polygon;x values;24;19;19;28;101;105;129;134;173;178;327;332;399;404;428;433;486;490;630;635;673;678;702;707;745;750;1039;1044;1116;1121;1150;1155;1212;1217;1390;1395;1458;1463;1487;1491;1718;1722;2459;2459;2257;2252;2223;2218;2208;2204;2175;2170;1896;1891;1852;1848;1828;1823;1785;1780;1564;1559;1515;1511;1491;1487;1443;1438
1698672917171172.gadget2d_resized_512x512.png;class_0;1.0;polygon;y values;82;84;1318;1324;1324;1327;1327;1330;1330;1333;1333;1335;1335;1338;1338;1341;1341;1344;1344;1347;1347;1350;1350;1353;1353;1356;1356;1359;1359;1362;1362;1365;1365;1368;1368;1371;1371;1374;1374;1376;1376;1379;1379;117;117;114;114;111;111;108;108;105;105;102;102;99;99;96;96;93;93;90;90;87;87;84;84;82
1699812308155294.gadget2d_resized_512x512.png;class_0;1.0;polygon;x values;24;19;19;28;77;81;129;134;283;288;322;327;346;351;380;385;529;534;563;567;587;591;635;640;842;847;919;924;957;962;1034;1039;1260;1265;1323;1328;1361;1366;1463;1467;2444;2449;2459;2459;2285;2281;2242;2237;2218;2213;2180;2175;1915;1910;1872;1867;1848;1843;1809;1804;1660;1655;1568;1564;1496;1491;1381;1376
1699812308155294.gadget2d_resized_512x512.png;class_0;1.0;polygon;y values;93;96;1333;1338;1338;1341;1341;1344;1344;1347;1347;1350;1350;1353;1353;1356;1356;1359;1359;1362;1362;1365;1365;1368;1368;1371;1371;1374;1374;1376;1376;1379;1379;1382;1382;1385;1385;1388;1388;1391;1391;1394;1394;128;128;125;125;123;123;120;120;117;117;114;114;111;111;108;108;105;105;102;102;99;99;96;96;93
1699881733083728.gadget2d_resized_512x512.png;class_0;1.0;polygon;x values;2329;2324;2088;2083;1799;1795;1641;1636;1193;1188;1145;1140;1116;1111;1025;1020;688;683;654;649;635;630;553;548;303;298;269;264;250;245;206;202;24;19;19;24;24;101;105;182;187;206;211;399;404;418;423;606;611;664;668;707;712;885;890;1280;1284;1361;1366;1414;1419;1525;1530;1665;1669;1708;1713;1742;1746;1828;1833;2079;2083;2107;2112;2131;2136;2189;2194;2338;2343;2382;2387;2411;2415;2449;2454;2459;2459;2449;2444
1699881733083728.gadget2d_resized_512x512.png;class_0;1.0;polygon;y values;187;190;190;193;193;196;196;199;199;202;202;205;205;208;208;210;210;213;213;216;216;219;219;222;222;225;225;228;228;231;231;234;234;237;1312;1315;1318;1318;1315;1315;1318;1318;1315;1315;1318;1318;1315;1315;1318;1318;1315;1315;1312;1312;1309;1309;1306;1306;1303;1303;1300;1300;1297;1297;1294;1294;1291;1291;1289;1289;1286;1286;1283;1283;1280;1280;1277;1277;1274;1274;1271;1271;1268;1268;1265;1265;1268;1268;190;190;187
1698062421122778.gadget2d_resized_512x512.png;class_0;1.0;polygon;x values;24;19;19;24;24;28;86;91;134;139;283;288;332;336;360;365;404;409;548;553;601;606;630;635;673;678;789;794;866;871;909;914;986;991;1155;1159;1227;1232;1265;1270;1323;1328;1708;1713;1949;1953;1958;1963;1977;1982;2088;2093;2213;2218;2459;2459;2449;2444;2223;2218;2194;2189;2180;2175;2156;2151;1872;1867;1833;1828;1809;1804;1756;1751;1568;1564;1525;1520;1496;1491;1438;1434
1698062421122778.gadget2d_resized_512x512.png;class_0;1.0;polygon;y values;105;108;1330;1333;1335;1338;1338;1341;1341;1344;1344;1347;1347;1350;1350;1353;1353;1356;1356;1359;1359;1362;1362;1365;1365;1368;1368;1371;1371;1374;1374;1376;1376;1379;1379;1382;1382;1385;1385;1388;1388;1391;1391;1394;1394;1397;1397;1394;1394;1397;1397;1400;1400;1403;1403;143;143;140;140;137;137;134;134;131;131;128;128;125;125;123;123;120;120;117;117;114;114;111;111;108;108;105
1700385342277773.gadget2d_resized_512x512.png;class_0;1.0;polygon;x values;1867;1862;1775;1771;1645;1641;1482;1477;1159;1155;1097;1092;1034;1029;976;972;688;683;625;620;558;553;486;481;336;332;293;288;279;274;245;240;28;19;19;24;837;842;981;986;1082;1087;1256;1260;1448;1453;1525;1530;1568;1573;1660;1665;1872;1876;1920;1925;1944;1949;2016;2021;2136;2141;2184;2189;2213;2218;2257;2261;2459;2459
1700385342277773.gadget2d_resized_512x512.png;class_0;1.0;polygon;y values;164;166;166;169;169;172;172;175;175;178;178;181;181;184;184;187;187;190;190;193;193;196;196;199;199;202;202;205;205;208;208;210;210;216;1283;1286;1286;1283;1283;1280;1280;1277;1277;1274;1274;1271;1271;1268;1268;1265;1265;1262;1262;1259;1259;1256;1256;1253;1253;1250;1250;1248;1248;1245;1245;1242;1242;1239;1239;164
1699918107386529.gadget2d_resized_512x512.png;class_0;1.0;polygon;x values;202;197;48;43;24;24;19;19;28;139;144;202;206;245;250;298;303;442;447;500;505;519;524;577;582;721;726;789;794;875;880;938;943;1102;1106;1164;1169;1198;1203;1256;1260;1482;1487;1636;1641;1795;1799;2074;2079;2459;2459;2425;2420;2391;2387;2329;2324;2184;2180;2136;2131;2103;2098;2050;2045;1771;1766;1718;1713;1703;1698;1679;1674;1641;1636;1515;1511;1434;1429;1212;1207;827;822;784;779;760;755;630;625;596;591;466;462;433;428
1699918107386529.gadget2d_resized_512x512.png;class_0;1.0;polygon;y values;61;64;64;67;67;70;73;1303;1309;1309;1312;1312;1315;1315;1318;1318;1321;1321;1324;1324;1327;1327;1330;1330;1333;1333;1335;1335;1338;1338;1341;1341;1344;1344;1347;1347;1350;1350;1353;1353;1356;1356;1359;1359;1362;1362;1365;1365;1368;1368;114;114;111;111;108;108;105;105;102;102;99;99;96;96;93;93;90;90;87;87;84;84;82;82;79;79;76;76;73;73;70;70;67;67;64;64;61;61;64;64;67;67;64;64;61
1698079224489425.gadget2d_resized_512x512.png;class_0;1.0;polygon;x values;601;596;543;539;471;466;24;19;19;24;226;231;317;322;380;385;543;548;736;741;779;784;822;827;986;991;1212;1217;1318;1323;1405;1410;1544;1549;1958;1963;2050;2054;2439;2444;2459;2459;2449;2444;2425;2420;2184;2180;2141;2136;2127;2122;2088;2083;1963;1958;1944;1939;1934;1929;1920;1915;1905;1900;1896;1891;1886;1881;1876;1872;1857;1852;1843;1838;1828;1823;1737;1732;1732;1737;1737;1732;1727;1722;1554;1549;1511;1506;1405;1400;904;899;813;808;770;765
1698079224489425.gadget2d_resized_512x512.png;class_0;1.0;polygon;y values;84;87;87;90;90;93;93;96;1330;1333;1333;1335;1335;1338;1338;1341;1341;1344;1344;1347;1347;1350;1350;1353;1353;1356;1356;1359;1359;1362;1362;1365;1365;1368;1368;1371;1371;1374;1374;1376;1376;134;134;131;131;128;128;125;125;123;123;120;120;117;117;114;114;111;111;108;108;105;105;102;102;99;99;96;96;93;93;90;90;87;87;84;84;87;90;93;96;99;99;102;102;99;99;96;96;93;93;90;90;87;87;84
1700330669882977.gadget2d_resized_512x512.png;class_0;1.0;polygon;x values;28;19;19;24;86;91;168;173;202;206;250;255;399;404;462;466;500;505;601;606;741;745;779;784;803;808;856;861;1111;1116;1183;1188;1241;1246;1304;1309;1525;1530;1814;1819;2213;2218;2439;2444;2459;2459;2228;2223;2184;2180;2165;2160;2122;2117;1828;1823;1775;1771;1746;1742;1718;1713;1698;1694;1669;1665;1631;1626;1299;1294;1183;1179;1049;1044
1700330669882977.gadget2d_resized_512x512.png;class_0;1.0;polygon;y values;23;29;1271;1274;1274;1277;1277;1280;1280;1283;1283;1286;1286;1289;1289;1291;1291;1294;1294;1297;1297;1300;1300;1303;1303;1306;1306;1309;1309;1312;1312;1315;1315;1318;1318;1321;1321;1324;1324;1321;1321;1324;1324;1327;1327;58;58;55;55;52;52;49;49;46;46;43;43;41;41;38;38;35;35;32;32;29;29;26;26;29;29;26;26;23
1699915839336551.gadget2d_resized_512x512.png;class_0;1.0;polygon;x values;28;19;19;28;192;197;259;264;298;303;341;346;481;486;577;582;611;616;654;659;755;760;794;798;832;837;924;928;1106;1111;1183;1188;1222;1227;1275;1280;1371;1376;1544;1549;1636;1641;1862;1867;2459;2459;2435;2430;2266;2261;2194;2189;2165;2160;2107;2103;1896;1891;1862;1857;1833;1828;1746;1742;1679;1674;1612;1607;1568;1564;1520;1515;1092;1087;1029;1025;957;952;856;851;822;818;789;784
1699915839336551.gadget2d_resized_512x512.png;class_0;1.0;polygon;y values;58;64;1315;1321;1321;1324;1324;1327;1327;1330;1330;1333;1333;1335;1335;1338;1338;1341;1341;1344;1344;1347;1347;1350;1350;1353;1353;1356;1356;1359;1359;1362;1362;1365;1365;1368;1368;1371;1371;1374;1374;1376;1376;1379;1379;108;108;105;105;102;102;99;99;96;96;93;93;90;90;87;87;84;84;82;82;79;79;76;76;73;73;70;70;67;67;64;64;67;67;64;64;61;61;58
1700341141907925.gadget2d_resized_512x512.png;class_0;1.0;polygon;x values;2372;2367;2271;2266;2233;2228;2170;2165;1588;1583;1482;1477;1410;1405;1328;1323;924;919;832;827;789;784;741;736;409;404;370;365;346;341;298;293;28;19;19;28;43;48;293;298;447;452;563;567;591;596;1188;1193;1294;1299;1347;1352;1424;1429;1491;1496;1564;1568;1665;1669;1669;1665;1665;1660;1660;1655;1655;1650;1650;1669;1679;1684;1742;1746;1751;1761;1761;1766;1766;1771;1771;1790;1795;1799;1809;1814;1823;1828;1838;1852;1857;1862;1872;1876;1891;1896;1900;1905;1905;1900;1900;1896;1896;1891;1891;1886;1886;1881;1881;1876;1876;1872;1872;1867;1867;1862;1862;1857;1857;1862;1862;1867;1867;1876;1881;1886;1891;1896;1905;1910;1925;1929;1934;1939;1958;1963;1968;1973;1977;1987;1992;1997;2002;2006;2011;2040;2045;2050;2054;2064;2069;2074;2079;2083;2088;2093;2098;2107;2122;2127;2136;2141;2151;2156;2160;2165;2180;2184;2208;2213;2223;2228;2237;2242;2257;2261;2324;2329;2377;2382;2396;2401;2459;2459;2435;2430
1700341141907925.gadget2d_resized_512x512.png;class_0;1.0;polygon;y values;164;166;166;169;169;172;172;175;175;178;178;181;181;184;184;187;187;190;190;193;193;196;196;199;199;202;202;205;205;208;208;210;210;216;1283;1289;1289;1286;1286;1289;1289;1286;1286;1289;1289;1286;1286;1283;1283;1280;1280;1277;1277;1274;1274;1271;1271;1274;1274;1271;1248;1245;1239;1236;1230;1227;1209;1207;1195;1183;1183;1180;1180;1177;1177;1171;1168;1166;1163;1160;1154;1142;1142;1139;1139;1136;1136;1133;1133;1125;1125;1122;1122;1119;1119;1122;1122;1125;1142;1145;1154;1157;1171;1174;1192;1195;1204;1207;1212;1215;1218;1221;1227;1230;1239;1242;1283;1286;1297;1300;1315;1318;1321;1327;1327;1330;1330;1333;1333;1335;1335;1338;1338;1335;1335;1333;1333;1330;1330;1324;1324;1321;1321;1318;1318;1300;1300;1297;1297;1291;1291;1289;1289;1286;1286;1283;1283;1277;1277;1274;1274;1271;1271;1268;1268;1265;1265;1262;1262;1259;1259;1256;1256;1253;1253;1250;1250;1248;1248;1245;1245;1242;1242;166;166;164
1697977772326120.gadget2d_resized_512x512.png;class_0;1.0;polygon;x values;24;19;19;28;178;182;264;269;317;322;385;389;490;495;625;630;664;668;712;717;808;813;899;904;948;952;1025;1029;1126;1130;1174;1179;1232;1236;1289;1294;1636;1641;2074;2079;2184;2189;2459;2459;2329;2324;2305;2300;2295;2290;2271;2266;2016;2011;1963;1958;1939;1934;1896;1891;1713;1708;1669;1665;1650;1645;1607;1602
1697977772326120.gadget2d_resized_512x512.png;class_0;1.0;polygon;y values;58;61;1327;1333;1333;1335;1335;1338;1338;1341;1341;1344;1344;1347;1347;1350;1350;1353;1353;1356;1356;1359;1359;1362;1362;1365;1365;1368;1368;1371;1371;1374;1374;1376;1376;1379;1379;1382;1382;1385;1385;1388;1388;93;93;90;90;87;87;84;84;82;82;79;79;76;76;73;73;70;70;67;67;64;64;61;61;58
1700291158382892.gadget2d_resized_512x512.png;class_0;1.0;polygon;x values;1727;1722;1607;1602;1554;1549;1453;1448;1111;1106;1010;1005;972;967;909;904;678;673;630;625;601;596;524;519;298;293;250;245;221;216;173;168;0;0;14;19;206;211;433;437;591;596;818;822;972;976;1289;1294;1506;1511;1564;1568;1612;1617;1732;1737;1881;1886;1944;1949;1982;1987;2045;2050;2117;2122;2170;2175;2204;2208;2257;2261;2382;2387;2459;2459
1700291158382892.gadget2d_resized_512x512.png;class_0;1.0;polygon;y values;175;178;178;181;181;184;184;187;187;190;190;193;193;196;196;199;199;202;202;205;205;208;208;210;210;213;213;216;216;219;219;222;222;1300;1300;1297;1297;1294;1294;1291;1291;1294;1294;1291;1291;1289;1289;1286;1286;1283;1283;1280;1280;1277;1277;1274;1274;1271;1271;1268;1268;1265;1265;1262;1262;1259;1259;1256;1256;1253;1253;1250;1250;1248;1248;175
1699855319038373.gadget2d_resized_512x512.png;class_0;1.0;polygon;x values;24;19;19;24;24;28;91;96;139;144;274;279;341;346;370;375;413;418;553;558;664;668;702;707;745;750;933;938;1010;1015;1049;1053;1116;1121;1318;1323;1410;1414;1463;1467;1554;1559;2300;2305;2459;2459;2391;2387;2165;2160;2122;2117;2103;2098;2069;2064;1848;1843;1804;1799;1785;1780;1751;1746;1689;1684;1559;1554;1511;1506;1400;1395;1294;1289;1203;1198
1699855319038373.gadget2d_resized_512x512.png;class_0;1.0;polygon;y values;58;61;1306;1309;1312;1315;1315;1318;1318;1321;1321;1324;1324;1327;1327;1330;1330;1333;1333;1335;1335;1338;1338;1341;1341;1344;1344;1347;1347;1350;1350;1353;1353;1356;1356;1359;1359;1362;1362;1365;1365;1368;1368;1371;1371;96;96;93;93;90;90;87;87;84;84;82;82;79;79;76;76;73;73;70;70;67;67;64;64;67;67;64;64;61;61;58
1698166169367106.gadget2d_resized_512x512.png;class_0;1.0;polygon;x values;24;19;19;24;134;139;187;192;211;216;269;274;404;409;442;447;466;471;505;510;635;640;707;712;736;741;813;818;1015;1020;1082;1087;1116;1121;1159;1164;1328;1333;1482;1487;1554;1559;1732;1737;2459;2459;2439;2435;2425;2420;2401;2396;2189;2184;2141;2136;2117;2112;2069;2064;1819;1814;1785;1780;1766;1761;1742;1737;1559;1554;1424;1419;1357;1352;1284;1280
1698166169367106.gadget2d_resized_512x512.png;class_0;1.0;polygon;y values;93;96;1330;1333;1333;1335;1335;1338;1338;1341;1341;1344;1344;1347;1347;1350;1350;1353;1353;1356;1356;1359;1359;1362;1362;1365;1365;1368;1368;1371;1371;1374;1374;1376;1376;1379;1379;1382;1382;1385;1385;1388;1388;1391;1391;137;137;134;134;131;131;128;128;125;125;123;123;120;120;117;117;114;114;111;111;108;108;105;105;102;102;99;99;96;96;93
1699989046327092.gadget2d_resized_512x512.png;class_0;1.0;polygon;x values;2334;2329;2021;2016;1963;1958;1665;1660;1140;1135;1102;1097;1049;1044;1025;1020;1010;1005;895;890;842;837;779;774;741;736;731;726;721;717;707;702;620;616;510;505;466;462;413;409;211;206;158;154;134;129;91;86;0;0;19;24;356;360;466;471;548;553;625;630;664;668;745;750;1318;1323;1429;1434;1511;1515;1602;1607;1771;1775;1828;1833;1867;1872;1944;1949;2040;2045;2141;2146;2180;2184;2247;2252;2406;2411;2459;2459;2435;2430
1699989046327092.gadget2d_resized_512x512.png;class_0;1.0;polygon;y values;281;284;284;287;287;290;290;292;292;295;295;292;292;290;290;287;287;284;284;287;287;290;290;292;292;295;295;298;298;301;301;304;304;307;307;310;310;313;313;316;316;319;319;322;322;325;325;328;328;1394;1394;1391;1391;1394;1394;1397;1397;1400;1400;1397;1397;1394;1394;1391;1391;1388;1388;1385;1385;1382;1382;1379;1379;1376;1376;1374;1374;1371;1371;1368;1368;1365;1365;1362;1362;1359;1359;1356;1356;1353;1353;284;284;281
1699804995007421.gadget2d_resized_512x512.png;class_0;1.0;polygon;x values;24;19;19;28;96;101;129;134;173;178;312;317;356;360;375;380;409;413;577;582;625;630;644;649;693;697;986;991;1044;1049;1068;1073;1126;1130;1429;1434;1520;1525;1564;1568;1703;1708;2459;2459;2334;2329;2295;2290;2276;2271;2223;2218;2016;2011;1982;1977;1968;1963;1934;1929;1713;1708;1665;1660;1621;1617;1554;1549
1699804995007421.gadget2d_resized_512x512.png;class_0;1.0;polygon;y values;70;73;1306;1312;1312;1315;1315;1318;1318;1321;1321;1324;1324;1327;1327;1330;1330;1333;1333;1335;1335;1338;1338;1341;1341;1344;1344;1347;1347;1350;1350;1353;1353;1356;1356;1359;1359;1362;1362;1365;1365;1368;1368;105;105;102;102;99;99;96;96;93;93;90;90;87;87;84;84;82;82;79;79;76;76;73;73;70
1700294565421302.gadget2d_resized_512x512.png;class_0;1.0;polygon;x values;1520;1515;1414;1410;1371;1366;1309;1304;981;976;928;924;904;899;851;847;611;606;563;558;534;529;481;476;255;250;211;206;192;187;144;139;0;0;192;197;635;640;702;707;784;789;1232;1236;1361;1366;1414;1419;1496;1501;1674;1679;1737;1742;1766;1771;1828;1833;2040;2045;2088;2093;2112;2117;2160;2165;2319;2324;2358;2362;2377;2382;2459;2459
1700294565421302.gadget2d_resized_512x512.png;class_0;1.0;polygon;y values;175;178;178;181;181;184;184;187;187;190;190;193;193;196;196;199;199;202;202;205;205;208;208;210;210;213;213;216;216;219;219;222;222;1309;1309;1306;1306;1303;1303;1300;1300;1297;1297;1294;1294;1291;1291;1289;1289;1286;1286;1283;1283;1280;1280;1277;1277;1274;1274;1271;1271;1268;1268;1265;1265;1262;1262;1259;1259;1256;1256;1253;1253;175
1698159334217526.gadget2d_resized_512x512.png;class_0;1.0;polygon;x values;24;19;19;24;24;38;43;96;101;269;274;322;327;356;360;409;413;529;534;572;577;596;601;640;644;866;871;967;972;1010;1015;1092;1097;1236;1241;1318;1323;1361;1366;1429;1434;1944;1949;1992;1997;2074;2079;2252;2257;2358;2362;2459;2459;2425;2420;2170;2165;2136;2131;2122;2117;2088;2083;1848;1843;1809;1804;1790;1785;1746;1742;1501;1496;1443;1438;1410;1405;1337;1333
1698159334217526.gadget2d_resized_512x512.png;class_0;1.0;polygon;y values;82;84;1321;1324;1327;1327;1330;1330;1333;1333;1335;1335;1338;1338;1341;1341;1344;1344;1347;1347;1350;1350;1353;1353;1356;1356;1359;1359;1362;1362;1365;1365;1368;1368;1371;1371;1374;1374;1376;1376;1379;1379;1382;1382;1379;1379;1382;1382;1385;1385;1388;1388;120;120;117;117;114;114;111;111;108;108;105;105;102;102;99;99;96;96;93;93;90;90;87;87;84;84;82
1697977796327141.gadget2d_resized_512x512.png;class_0;1.0;polygon;x values;24;19;19;28;77;81;178;182;245;250;365;370;404;409;433;437;519;524;702;707;750;755;774;779;832;837;1029;1034;1078;1082;1097;1102;1135;1140;1337;1342;1390;1395;1458;1463;1515;1520;1617;1621;1751;1756;2459;2459;2218;2213;2189;2184;2175;2170;2141;2136;1910;1905;1872;1867;1852;1848;1819;1814;1665;1660;1540;1535;1487;1482;1361;1357
1697977796327141.gadget2d_resized_512x512.png;class_0;1.0;polygon;y values;46;49;1330;1335;1335;1338;1338;1341;1341;1344;1344;1347;1347;1350;1350;1353;1353;1356;1356;1359;1359;1362;1362;1365;1365;1368;1368;1371;1371;1374;1374;1376;1376;1379;1379;1382;1382;1385;1385;1382;1382;1385;1385;1388;1388;1391;1391;82;82;79;79;76;76;73;73;70;70;67;67;64;64;61;61;58;58;55;55;52;52;49;49;46
1698127959530986.gadget2d_resized_512x512.png;class_0;1.0;polygon;x values;24;19;19;28;187;192;235;240;255;259;303;308;466;471;514;519;543;548;596;601;741;745;789;794;837;842;919;924;1159;1164;1222;1227;1275;1280;1357;1361;1669;1674;1934;1939;2016;2021;2194;2199;2459;2459;2449;2444;2420;2415;2401;2396;2358;2353;2127;2122;2079;2074;2054;2050;2011;2006;1823;1819;1780;1775;1756;1751;1713;1708;1333;1328;1217;1212;1183;1179;1073;1068
1698127959530986.gadget2d_resized_512x512.png;class_0;1.0;polygon;y values;70;73;1315;1321;1321;1324;1324;1327;1327;1330;1330;1333;1333;1335;1335;1338;1338;1341;1341;1344;1344;1347;1347;1350;1350;1353;1353;1356;1356;1359;1359;1362;1362;1365;1365;1368;1368;1371;1371;1374;1374;1376;1376;1379;1379;117;117;114;114;111;111;108;108;105;105;102;102;99;99;96;96;93;93;90;90;87;87;84;84;82;82;79;79;76;76;73;73;70
1698709726939218.gadget2d_resized_512x512.png;class_0;1.0;polygon;x values;28;24;24;19;19;24;24;28;101;105;255;259;322;327;360;365;404;409;548;553;606;611;630;635;664;668;818;822;904;909;952;957;1049;1053;1155;1159;1265;1270;1318;1323;1386;1390;2069;2074;2449;2454;2459;2459;2266;2261;2218;2213;2194;2189;2151;2146;1915;1910;1848;1843;1780;1775;1732;1727;1674;1669;1520;1515;1390;1386;1289;1284;808;803;760;755;741;736;514;510;505;500
1698709726939218.gadget2d_resized_512x512.png;class_0;1.0;polygon;y values;84;87;90;93;1321;1324;1327;1330;1330;1333;1333;1335;1335;1338;1338;1341;1341;1344;1344;1347;1347;1350;1350;1353;1353;1356;1356;1359;1359;1362;1362;1365;1365;1368;1368;1371;1371;1374;1374;1376;1376;1379;1379;1382;1382;1385;1385;128;128;125;125;123;123;120;120;117;117;114;114;111;111;108;108;105;105;102;102;99;99;96;96;93;93;90;90;87;87;84;84;87;87;84
1699808913087312.gadget2d_resized_512x512.png;class_0;1.0;polygon;x values;24;19;19;24;77;81;134;139;158;163;197;202;370;375;428;433;447;452;495;500;591;596;644;649;668;673;702;707;991;996;1068;1073;1116;1121;1169;1174;1371;1376;1472;1477;1515;1520;1568;1573;2435;2439;2459;2459;2228;2223;2194;2189;2175;2170;2136;2131;1886;1881;1838;1833;1819;1814;1761;1756;1554;1549;1487;1482;1453;1448;1381;1376
1699808913087312.gadget2d_resized_512x512.png;class_0;1.0;polygon;y values;82;84;1318;1321;1321;1324;1324;1327;1327;1330;1330;1333;1333;1335;1335;1338;1338;1341;1341;1344;1344;1347;1347;1350;1350;1353;1353;1356;1356;1359;1359;1362;1362;1365;1365;1368;1368;1371;1371;1374;1374;1376;1376;1379;1379;1382;1382;117;117;114;114;111;111;108;108;105;105;102;102;99;99;96;96;93;93;90;90;87;87;84;84;82
1697740479233958.gadget2d_resized_512x512.png;class_0;1.0;polygon;x values;28;19;19;24;24;158;163;226;231;255;259;312;317;442;447;519;524;567;572;630;635;750;755;789;794;822;827;895;899;1068;1073;1135;1140;1169;1174;1212;1217;1347;1352;1463;1467;1506;1511;1592;1597;1746;1751;2026;2030;2459;2459;2444;2439;2213;2208;2170;2165;2146;2141;2107;2103;1838;1833;1756;1751;1732;1727;1703;1698;1592;1588;1337;1333;1289;1284;1217;1212;779;774;688;683;611;606;534;529
1697740479233958.gadget2d_resized_512x512.png;class_0;1.0;polygon;y values;82;87;1327;1330;1333;1333;1335;1335;1338;1338;1341;1341;1344;1344;1347;1347;1350;1350;1353;1353;1356;1356;1359;1359;1362;1362;1365;1365;1368;1368;1371;1371;1374;1374;1376;1376;1379;1379;1382;1382;1385;1385;1388;1388;1385;1385;1388;1388;1391;1391;131;131;128;128;125;125;123;123;120;120;117;117;114;114;111;111;108;108;105;105;102;102;99;99;96;96;93;93;90;90;87;87;84;84;82
1698306192310961.gadget2d_resized_512x512.png;class_0;1.0;polygon;x values;24;19;19;28;182;187;240;245;264;269;317;322;466;471;514;519;543;548;616;620;741;745;784;789;813;818;909;914;1106;1111;1169;1174;1212;1217;1284;1289;1544;1549;1674;1679;1775;1780;2002;2006;2459;2459;2362;2358;2334;2329;2319;2314;2290;2285;2083;2079;2030;2026;2006;2002;1958;1953;1751;1746;1713;1708;1703;1698;1674;1669;1414;1410;1289;1284;1222;1217;1087;1082
1698306192310961.gadget2d_resized_512x512.png;class_0;1.0;polygon;y values;70;73;1315;1321;1321;1324;1324;1327;1327;1330;1330;1333;1333;1335;1335;1338;1338;1341;1341;1344;1344;1347;1347;1350;1350;1353;1353;1356;1356;1359;1359;1362;1362;1365;1365;1368;1368;1371;1371;1374;1374;1376;1376;1379;1379;117;117;114;114;111;111;108;108;105;105;102;102;99;99;96;96;93;93;90;90;87;87;84;84;82;82;79;79;76;76;73;73;70
1699946507970758.gadget2d_resized_512x512.png;class_0;1.0;polygon;x values;24;19;19;24;24;96;101;139;144;211;216;332;336;389;394;409;413;452;457;644;649;707;712;731;736;765;770;856;861;972;976;1005;1010;1058;1063;1174;1179;1256;1260;1309;1313;1390;1395;1641;1645;2122;2127;2189;2194;2300;2305;2459;2459;2261;2257;2223;2218;2208;2204;2175;2170;1953;1949;1910;1905;1886;1881;1838;1833;1636;1631;1564;1559;1535;1530;1496;1491;1284;1280;1145;1140;1058;1053;943;938
1699946507970758.gadget2d_resized_512x512.png;class_0;1.0;polygon;y values;93;96;1330;1333;1335;1335;1338;1338;1341;1341;1344;1344;1347;1347;1350;1350;1353;1353;1356;1356;1359;1359;1362;1362;1365;1365;1368;1368;1371;1371;1374;1374;1376;1376;1379;1379;1382;1382;1385;1385;1388;1388;1391;1391;1394;1394;1397;1397;1400;1400;1403;1403;140;140;137;137;134;134;131;131;128;128;125;125;123;123;120;120;117;117;114;114;111;111;108;108;105;105;102;102;99;99;96;96;93
1699968901112610.gadget2d_resized_512x512.png;class_0;1.0;polygon;x values;736;731;721;717;721;721;726;726;707;678;673;409;404;380;375;356;351;308;303;33;28;24;24;19;19;24;1010;1015;1309;1313;1366;1371;1443;1448;1645;1650;1689;1694;1708;1713;1751;1756;1910;1915;1953;1958;1973;1977;2021;2026;2242;2247;2285;2290;2310;2314;2372;2377;2459;2459;2439;2435;2247;2242;2127;2122;2064;2059;1997;1992;1280;1275;1183;1179;1102;1097;1087;1082;1073;1068;1063;1053;1039;1034
1699968901112610.gadget2d_resized_512x512.png;class_0;1.0;polygon;y values;292;295;295;298;301;304;307;313;325;325;328;328;331;331;333;333;336;336;339;339;342;342;345;348;1412;1415;1415;1412;1412;1409;1409;1406;1406;1403;1403;1400;1400;1397;1397;1394;1394;1391;1391;1388;1388;1385;1385;1382;1382;1379;1379;1376;1376;1374;1374;1371;1371;1368;1368;295;295;292;292;295;295;298;298;301;301;304;304;307;307;310;310;307;307;304;304;301;301;295;295;292
1699008133470280.gadget2d_resized_512x512.png;class_0;1.0;polygon;x values;24;19;19;28;48;52;110;115;269;274;327;332;356;360;409;413;543;548;620;625;644;649;688;693;822;827;933;938;986;991;1082;1087;1179;1183;1280;1284;1337;1342;1434;1438;2093;2098;2319;2324;2425;2430;2435;2439;2459;2459;2324;2319;2281;2276;2257;2252;2218;2213;1987;1982;1944;1939;1920;1915;1881;1876;1689;1684;1612;1607;1568;1564;1506;1501;1130;1126;1058;1053;1015;1010;890;885
1699008133470280.gadget2d_resized_512x512.png;class_0;1.0;polygon;y values;82;84;1321;1327;1327;1330;1330;1333;1333;1335;1335;1338;1338;1341;1341;1344;1344;1347;1347;1350;1350;1353;1353;1356;1356;1359;1359;1362;1362;1365;1365;1368;1368;1371;1371;1374;1374;1376;1376;1379;1379;1382;1382;1385;1385;1382;1382;1385;1385;128;128;125;125;123;123;120;120;117;117;114;114;111;111;108;108;105;105;102;102;99;99;96;96;93;93;90;90;87;87;84;84;82
1698293066027214.gadget2d_resized_512x512.png;class_0;1.0;polygon;x values;24;19;19;24;101;105;173;178;202;206;255;259;389;394;433;437;462;466;505;510;620;625;678;683;702;707;750;755;986;991;1049;1053;1078;1082;1126;1130;1318;1323;1410;1414;1467;1472;1568;1573;2338;2343;2459;2459;2415;2411;2180;2175;2146;2141;2131;2127;2098;2093;1848;1843;1799;1795;1771;1766;1718;1713;1506;1501;1434;1429;1395;1390;1323;1318
1698293066027214.gadget2d_resized_512x512.png;class_0;1.0;polygon;y values;82;84;1330;1333;1333;1335;1335;1338;1338;1341;1341;1344;1344;1347;1347;1350;1350;1353;1353;1356;1356;1359;1359;1362;1362;1365;1365;1368;1368;1371;1371;1374;1374;1376;1376;1379;1379;1382;1382;1385;1385;1388;1388;1391;1391;1394;1394;120;120;117;117;114;114;111;111;108;108;105;105;102;102;99;99;96;96;93;93;90;90;87;87;84;84;82
1700314301544734.gadget2d_resized_512x512.png;class_0;1.0;polygon;x values;24;19;19;28;173;178;221;226;283;288;428;433;500;505;591;596;644;649;770;774;818;822;856;861;981;986;1140;1145;1227;1232;1284;1289;1472;1477;2194;2199;2459;2459;2343;2338;2295;2290;2271;2266;2223;2218;1997;1992;1939;1934;1905;1900;1867;1862;1722;1718;1665;1660;1612;1607;1487;1482
1700314301544734.gadget2d_resized_512x512.png;class_0;1.0;polygon;y values;23;26;1271;1277;1277;1280;1280;1283;1283;1286;1286;1289;1289;1291;1291;1294;1294;1297;1297;1300;1300;1303;1303;1306;1306;1309;1309;1312;1312;1315;1315;1318;1318;1321;1321;1324;1324;58;58;55;55;52;52;49;49;46;46;43;43;41;41;38;38;35;35;32;32;29;29;26;26;23
1698176539582263.gadget2d_resized_512x512.png;class_0;1.0;polygon;x values;24;19;19;28;187;192;235;240;259;264;317;322;447;452;490;495;514;519;548;553;673;678;750;755;779;784;842;847;1049;1053;1102;1106;1126;1130;1174;1179;1410;1414;1520;1525;1578;1583;1665;1669;2329;2334;2459;2459;2444;2439;2415;2411;2156;2151;2112;2107;2093;2088;2050;2045;1814;1809;1771;1766;1751;1746;1722;1718;1559;1554;1448;1443;1371;1366;1289;1284
1698176539582263.gadget2d_resized_512x512.png;class_0;1.0;polygon;y values;93;96;1327;1333;1333;1335;1335;1338;1338;1341;1341;1344;1344;1347;1347;1350;1350;1353;1353;1356;1356;1359;1359;1362;1362;1365;1365;1368;1368;1371;1371;1374;1374;1376;1376;1379;1379;1382;1382;1385;1385;1388;1388;1391;1391;1394;1394;134;134;131;131;128;128;125;125;123;123;120;120;117;117;114;114;111;111;108;108;105;105;102;102;99;99;96;96;93
1700408782513059.gadget2d_resized_512x512.png;class_0;1.0;polygon;x values;24;19;19;24;24;28;105;110;240;245;317;322;346;351;399;404;606;611;668;673;697;702;736;741;827;832;914;919;948;952;1020;1025;1183;1188;1256;1260;1323;1328;1438;1443;2098;2103;2324;2329;2387;2391;2449;2454;2459;2459;2430;2425;2218;2213;2170;2165;2141;2136;2093;2088;1843;1838;1790;1785;1761;1756;1722;1718;1626;1621;1463;1458;1361;1357;1270;1265
1700408782513059.gadget2d_resized_512x512.png;class_0;1.0;polygon;y values;93;96;1333;1335;1338;1341;1341;1344;1344;1347;1347;1350;1350;1353;1353;1356;1356;1359;1359;1362;1362;1365;1365;1368;1368;1371;1371;1374;1374;1376;1376;1379;1379;1382;1382;1385;1385;1388;1388;1391;1391;1394;1394;1397;1397;1394;1394;1397;1397;131;131;128;128;125;125;123;123;120;120;117;117;114;114;111;111;108;108;105;105;102;102;99;99;96;96;93
1700408073497284.gadget2d_resized_512x512.png;class_0;1.0;polygon;x values;24;19;19;24;43;48;139;144;173;178;226;231;370;375;428;433;452;457;495;500;664;668;736;741;755;760;794;798;1001;1005;1082;1087;1116;1121;1164;1169;1299;1304;1414;1419;1482;1487;1645;1650;2459;2459;2338;2334;2295;2290;2271;2266;2228;2223;1992;1987;1944;1939;1920;1915;1881;1876;1698;1694;1641;1636;1607;1602;1554;1549;1116;1111;1053;1049;1015;1010;909;904
1700408073497284.gadget2d_resized_512x512.png;class_0;1.0;polygon;y values;82;84;1330;1333;1333;1335;1335;1338;1338;1341;1341;1344;1344;1347;1347;1350;1350;1353;1353;1356;1356;1359;1359;1362;1362;1365;1365;1368;1368;1371;1371;1374;1374;1376;1376;1379;1379;1382;1382;1385;1385;1388;1388;1391;1391;128;128;125;125;123;123;120;120;117;117;114;114;111;111;108;108;105;105;102;102;99;99;96;96;93;93;90;90;87;87;84;84;82
1697612787493403.gadget2d_resized_512x512.png;class_0;1.0;polygon;x values;24;19;19;28;178;182;231;235;255;259;308;312;437;442;486;490;510;514;553;558;712;717;750;755;774;779;822;827;1078;1082;1135;1140;1164;1169;1212;1217;1501;1506;1597;1602;1698;1703;2146;2151;2459;2459;2228;2223;2199;2194;2180;2175;2146;2141;1876;1872;1838;1833;1814;1809;1751;1746;1515;1511;1463;1458;1438;1434;1395;1390
1697612787493403.gadget2d_resized_512x512.png;class_0;1.0;polygon;y values;105;108;1338;1344;1344;1347;1347;1350;1350;1353;1353;1356;1356;1359;1359;1362;1362;1365;1365;1368;1368;1371;1371;1374;1374;1376;1376;1379;1379;1382;1382;1385;1385;1388;1388;1391;1391;1394;1394;1397;1397;1400;1400;1403;1403;140;140;137;137;134;134;131;131;128;128;125;125;123;123;120;120;117;117;114;114;111;111;108;108;105
1700402040712806.gadget2d_resized_512x512.png;class_0;1.0;polygon;x values;1718;1713;1559;1554;1453;1448;1376;1371;1005;1001;952;948;933;928;880;875;548;543;490;486;466;462;423;418;231;226;202;197;182;178;154;149;24;19;19;24;837;842;1063;1068;1212;1217;1284;1289;1511;1515;1564;1568;1597;1602;1669;1674;1925;1929;1973;1977;2002;2006;2054;2059;2194;2199;2247;2252;2281;2285;2329;2334;2459;2459
1700402040712806.gadget2d_resized_512x512.png;class_0;1.0;polygon;y values;164;166;166;169;169;172;172;175;175;178;178;181;181;184;184;187;187;190;190;193;193;196;196;199;199;202;202;205;205;208;208;210;210;213;1283;1286;1286;1283;1283;1280;1280;1277;1277;1274;1274;1271;1271;1268;1268;1265;1265;1262;1262;1259;1259;1256;1256;1253;1253;1250;1250;1248;1248;1245;1245;1242;1242;1239;1239;164
1700325578744185.gadget2d_resized_512x512.png;class_0;1.0;polygon;x values;1597;1592;1520;1515;1487;1482;1410;1405;1063;1058;967;962;943;938;899;895;630;625;591;587;572;567;519;514;293;288;245;240;221;216;173;168;0;0;9;14;688;693;813;818;952;957;1256;1260;1438;1443;1515;1520;1554;1559;1631;1636;1804;1809;1857;1862;1891;1896;1973;1977;2103;2107;2156;2160;2180;2184;2228;2233;2406;2411;2459;2459
1700325578744185.gadget2d_resized_512x512.png;class_0;1.0;polygon;y values;175;178;178;181;181;184;184;187;187;190;190;193;193;196;196;199;199;202;202;205;205;208;208;210;210;213;213;216;216;219;219;222;222;1300;1300;1297;1297;1294;1294;1291;1291;1289;1289;1286;1286;1283;1283;1280;1280;1277;1277;1274;1274;1271;1271;1268;1268;1265;1265;1262;1262;1259;1259;1256;1256;1253;1253;1250;1250;1248;1248;175
1699814132191336.gadget2d_resized_512x512.png;class_0;1.0;polygon;x values;24;19;19;24;149;154;206;211;240;245;293;298;437;442;476;481;500;505;534;539;717;721;794;798;827;832;890;895;1082;1087;1145;1150;1188;1193;1275;1280;1597;1602;1915;1920;1977;1982;2170;2175;2459;2459;2329;2324;2295;2290;2281;2276;2237;2233;1953;1949;1920;1915;1900;1896;1862;1857;1703;1698;1660;1655;1612;1607;1511;1506
1699814132191336.gadget2d_resized_512x512.png;class_0;1.0;polygon;y values;93;96;1330;1333;1333;1335;1335;1338;1338;1341;1341;1344;1344;1347;1347;1350;1350;1353;1353;1356;1356;1359;1359;1362;1362;1365;1365;1368;1368;1371;1371;1374;1374;1376;1376;1379;1379;1382;1382;1385;1385;1388;1388;1391;1391;128;128;125;125;123;123;120;120;117;117;114;114;111;111;108;108;105;105;102;102;99;99;96;96;93
1698134677677009.gadget2d_resized_512x512.png;class_0;1.0;polygon;x values;24;19;19;28;187;192;245;250;279;283;346;351;490;495;539;543;558;563;596;601;770;774;842;847;885;890;1020;1025;1174;1179;1256;1260;1294;1299;1371;1376;1684;1689;2050;2054;2218;2223;2459;2459;2425;2420;2348;2343;2131;2127;2103;2098;2088;2083;2054;2050;1804;1799;1756;1751;1722;1718;1674;1669;1438;1434;1342;1337;1294;1289;1183;1179
1698134677677009.gadget2d_resized_512x512.png;class_0;1.0;polygon;y values;58;61;1303;1309;1309;1312;1312;1315;1315;1318;1318;1321;1321;1324;1324;1327;1327;1330;1330;1333;1333;1335;1335;1338;1338;1341;1341;1344;1344;1347;1347;1350;1350;1353;1353;1356;1356;1359;1359;1362;1362;1365;1365;99;99;96;96;93;93;90;90;87;87;84;84;82;82;79;79;76;76;73;73;70;70;67;67;64;64;61;61;58
1700019118671057.gadget2d_resized_512x512.png;class_0;1.0;polygon;x values;904;899;822;818;750;745;741;736;731;731;721;717;702;693;688;563;558;519;514;500;495;457;452;206;202;129;125;52;48;24;24;19;19;24;24;370;375;462;466;558;563;664;668;717;721;861;866;1390;1395;1467;1472;1506;1511;1578;1583;1761;1766;1857;1862;1900;1905;1963;1968;2107;2112;2156;2160;2175;2180;2218;2223;2387;2391;2459;2459;1992;1987;1949;1944;1915;1910;1790;1785;1737;1732;1626;1621;1078;1073;1063;1039;1029;1025
1700019118671057.gadget2d_resized_512x512.png;class_0;1.0;polygon;y values;284;287;287;290;290;292;292;295;295;298;304;304;313;313;316;316;319;319;322;322;325;325;328;328;331;331;333;333;336;336;339;342;1403;1406;1409;1409;1412;1412;1415;1415;1412;1412;1409;1409;1406;1406;1403;1403;1400;1400;1397;1397;1394;1394;1391;1391;1388;1388;1385;1385;1382;1382;1379;1379;1376;1376;1374;1374;1371;1371;1368;1368;1365;1365;292;292;295;295;298;298;295;295;298;298;301;301;304;304;301;301;287;287;284
1700411585396263.gadget2d_resized_512x512.png;class_0;1.0;polygon;x values;1256;1251;1193;1188;1159;1155;1082;1078;770;765;707;702;678;673;543;539;399;394;360;356;332;327;293;288;28;24;0;0;9;14;19;24;62;67;418;423;524;529;630;635;1092;1097;1217;1222;1284;1289;1390;1395;1540;1544;1626;1631;1669;1674;1746;1751;1982;1987;2021;2026;2045;2050;2098;2103;2242;2247;2319;2324;2358;2362;2411;2415;2459;2459
1700411585396263.gadget2d_resized_512x512.png;class_0;1.0;polygon;y values;175;178;178;181;181;184;184;187;187;190;190;193;193;196;196;199;199;202;202;205;205;208;208;210;210;213;213;1297;1297;1294;1294;1291;1291;1289;1289;1286;1286;1289;1289;1286;1286;1283;1283;1280;1280;1277;1277;1274;1274;1271;1271;1268;1268;1265;1265;1262;1262;1259;1259;1256;1256;1253;1253;1250;1250;1248;1248;1245;1245;1242;1242;1239;1239;175
1698167205390694.gadget2d_resized_512x512.png;class_0;1.0;polygon;x values;24;19;19;24;67;72;125;129;154;158;211;216;389;394;437;442;466;471;505;510;635;640;683;688;702;707;741;745;981;986;1049;1053;1087;1092;1140;1145;1318;1323;1419;1424;1472;1477;1549;1554;2218;2223;2459;2459;2425;2420;2367;2362;2103;2098;2069;2064;2054;2050;2016;2011;1780;1775;1742;1737;1718;1713;1679;1674;1419;1414;1342;1337;1294;1289;1207;1203
1698167205390694.gadget2d_resized_512x512.png;class_0;1.0;polygon;y values;82;84;1318;1321;1321;1324;1324;1327;1327;1330;1330;1333;1333;1335;1335;1338;1338;1341;1341;1344;1344;1347;1347;1350;1350;1353;1353;1356;1356;1359;1359;1362;1362;1365;1365;1368;1368;1371;1371;1374;1374;1376;1376;1379;1379;1382;1382;123;123;120;120;117;117;114;114;111;111;108;108;105;105;102;102;99;99;96;96;93;93;90;90;87;87;84;84;82
1698237339858568.gadget2d_resized_512x512.png;class_0;1.0;polygon;x values;28;19;19;24;57;62;91;96;110;115;134;139;437;442;490;495;514;519;553;558;707;712;837;842;871;875;924;928;1323;1328;1583;1588;1795;1799;1982;1987;2069;2074;2131;2136;2194;2199;2459;2459;2439;2435;2237;2233;2199;2194;2175;2170;1997;1992;1655;1650;1617;1612;1597;1592;1554;1549
1698237339858568.gadget2d_resized_512x512.png;class_0;1.0;polygon;y values;128;134;1388;1391;1391;1394;1394;1397;1397;1400;1400;1403;1403;1406;1406;1409;1409;1412;1412;1415;1415;1417;1417;1420;1420;1423;1423;1426;1426;1429;1429;1432;1432;1435;1435;1432;1432;1435;1435;1432;1432;1429;1429;155;155;152;152;149;149;146;146;143;143;140;140;137;137;134;134;131;131;128
1698278418712365.gadget2d_resized_512x512.png;class_0;1.0;polygon;x values;24;19;19;24;24;52;57;86;91;134;139;283;288;336;341;365;370;423;428;543;548;587;591;606;611;644;649;875;880;972;976;1020;1025;1082;1087;1236;1241;1313;1318;1357;1361;1438;1443;2054;2059;2261;2266;2435;2439;2459;2459;2314;2310;2276;2271;2252;2247;2213;2208;2002;1997;1958;1953;1939;1934;1896;1891;1698;1694;1636;1631;1597;1592;1525;1520
1698278418712365.gadget2d_resized_512x512.png;class_0;1.0;polygon;y values;93;96;1318;1321;1324;1324;1327;1327;1330;1330;1333;1333;1335;1335;1338;1338;1341;1341;1344;1344;1347;1347;1350;1350;1353;1353;1356;1356;1359;1359;1362;1362;1365;1365;1368;1368;1371;1371;1374;1374;1376;1376;1379;1379;1382;1382;1385;1385;1388;1388;128;128;125;125;123;123;120;120;117;117;114;114;111;111;108;108;105;105;102;102;99;99;96;96;93
1699989039323368.gadget2d_resized_512x512.png;class_0;1.0;polygon;x values;952;948;871;866;832;827;789;784;731;726;717;712;707;702;678;673;437;433;404;399;389;385;351;346;38;33;0;0;14;19;1280;1284;1390;1395;1434;1438;1506;1511;1684;1689;1737;1742;1766;1771;1843;1848;2103;2107;2156;2160;2175;2180;2218;2223;2377;2382;2425;2430;2459;2459;1453;1448;1337;1333;1294;1289;1212;1207;1073;1068;1039;1034;1025;1020;976;972
1699989039323368.gadget2d_resized_512x512.png;class_0;1.0;polygon;y values;281;284;284;287;287;290;290;292;292;295;295;298;298;301;301;304;304;307;307;310;310;313;313;316;316;319;319;1394;1394;1391;1391;1388;1388;1385;1385;1382;1382;1379;1379;1376;1376;1374;1374;1371;1371;1368;1368;1365;1365;1362;1362;1359;1359;1356;1356;1353;1353;1350;1350;281;281;284;284;287;287;290;290;292;292;290;290;287;287;284;284;281
1699769463269844.gadget2d_resized_512x512.png;class_0;1.0;polygon;x values;24;24;19;19;24;24;52;57;115;120;240;245;317;322;351;356;404;409;606;611;649;654;673;678;717;721;866;871;1010;1015;1102;1106;1169;1174;1265;1270;1323;1328;1376;1381;1713;1718;2141;2146;2233;2237;2334;2338;2420;2425;2459;2459;2242;2237;2184;2180;2165;2160;2127;2122;1862;1857;1799;1795;1761;1756;1713;1708;1597;1592;1448;1443;1309;1304;1294;1289;1227;1222;1169;1164;803;798;745;741;572;567;235;231;163;158
1699769463269844.gadget2d_resized_512x512.png;class_0;1.0;polygon;y values;73;79;82;1321;1324;1327;1327;1330;1330;1333;1333;1335;1335;1338;1338;1341;1341;1344;1344;1347;1347;1350;1350;1353;1353;1356;1356;1359;1359;1362;1362;1365;1365;1368;1368;1371;1371;1374;1374;1376;1376;1379;1379;1376;1376;1374;1374;1376;1376;1379;1379;117;117;114;114;111;111;108;108;105;105;102;102;99;99;96;96;93;93;90;90;87;87;90;90;87;87;84;84;82;82;79;79;76;76;79;79;76;76;73
1698998693262972.gadget2d_resized_512x512.png;class_0;1.0;polygon;x values;168;163;115;110;101;101;96;96;86;86;81;77;67;48;28;28;24;24;19;19;24;24;28;81;86;235;240;308;312;341;346;399;404;510;514;563;567;591;596;635;640;774;779;866;871;938;943;1010;1015;1145;1150;1207;1212;1260;1265;1376;1381;1679;1684;1819;1823;1900;1905;2343;2348;2459;2459;2353;2348;2295;2290;2261;2257;2213;2208;1973;1968;1934;1929;1915;1910;1881;1876;1669;1665;1583;1578;1535;1530;1472;1467;1010;1005;933;928;803;798;717;712
1698998693262972.gadget2d_resized_512x512.png;class_0;1.0;polygon;y values;128;131;131;134;134;184;187;190;196;199;202;202;208;208;219;228;231;310;313;1344;1347;1350;1353;1353;1356;1356;1359;1359;1362;1362;1365;1365;1368;1368;1371;1371;1374;1374;1376;1376;1379;1379;1382;1382;1385;1385;1388;1388;1391;1391;1394;1394;1397;1397;1400;1400;1403;1403;1406;1406;1403;1403;1406;1406;1409;1409;175;175;172;172;169;169;166;166;164;164;161;161;158;158;155;155;152;152;149;149;146;146;143;143;140;140;137;137;134;134;131;131;128
1698267377476888.gadget2d_resized_512x512.png;class_0;1.0;polygon;x values;24;19;19;24;72;77;149;154;182;187;245;250;356;360;399;404;437;442;500;505;654;659;712;717;745;750;789;794;976;981;1034;1039;1068;1073;1130;1135;1280;1284;1361;1366;1400;1405;1448;1453;2064;2069;2444;2449;2459;2459;2362;2358;2334;2329;2324;2319;2295;2290;2093;2088;2050;2045;2021;2016;1958;1953;1727;1722;1698;1694;1679;1674;1650;1645;1361;1357;1280;1275;1232;1227;1164;1159
1698267377476888.gadget2d_resized_512x512.png;class_0;1.0;polygon;y values;93;96;1330;1333;1333;1335;1335;1338;1338;1341;1341;1344;1344;1347;1347;1350;1350;1353;1353;1356;1356;1359;1359;1362;1362;1365;1365;1368;1368;1371;1371;1374;1374;1376;1376;1379;1379;1382;1382;1385;1385;1388;1388;1391;1391;1394;1394;1397;1397;140;140;137;137;134;134;131;131;128;128;125;125;123;123;120;120;117;117;114;114;111;111;108;108;105;105;102;102;99;99;96;96;93
1700387388305628.gadget2d_resized_512x512.png;class_0;1.0;polygon;x values;1328;1323;1260;1256;1217;1212;1159;1155;875;871;822;818;784;779;726;721;442;437;413;409;399;394;360;356;154;149;62;57;0;0;19;24;832;837;924;928;1063;1068;1241;1246;1414;1419;1506;1511;1554;1559;1621;1626;1833;1838;1886;1891;1920;1925;1987;1992;2131;2136;2204;2208;2237;2242;2290;2295;2459;2459
1700387388305628.gadget2d_resized_512x512.png;class_0;1.0;polygon;y values;175;178;178;181;181;184;184;187;187;190;190;193;193;196;196;199;199;202;202;205;205;208;208;210;210;213;213;216;216;1289;1289;1286;1286;1283;1283;1280;1280;1277;1277;1274;1274;1271;1271;1268;1268;1265;1265;1262;1262;1259;1259;1256;1256;1253;1253;1250;1250;1248;1248;1245;1245;1242;1242;1239;1239;175
1698644173561240.gadget2d_resized_512x512.png;class_0;1.0;polygon;x values;24;19;19;28;168;173;231;235;264;269;322;327;476;481;524;529;548;553;596;601;745;750;794;798;832;837;986;991;1140;1145;1203;1207;1246;1251;1323;1328;1607;1612;1790;1795;1968;1973;2305;2310;2401;2406;2444;2449;2459;2459;2281;2276;2237;2233;2213;2208;2170;2165;1944;1939;1905;1900;1886;1881;1848;1843;1650;1645;1568;1564;1525;1520;1453;1448
1698644173561240.gadget2d_resized_512x512.png;class_0;1.0;polygon;y values;70;73;1303;1309;1309;1312;1312;1315;1315;1318;1318;1321;1321;1324;1324;1327;1327;1330;1330;1333;1333;1335;1335;1338;1338;1341;1341;1344;1344;1347;1347;1350;1350;1353;1353;1356;1356;1359;1359;1362;1362;1365;1365;1368;1368;1365;1365;1368;1368;105;105;102;102;99;99;96;96;93;93;90;90;87;87;84;84;82;82;79;79;76;76;73;73;70
1698684812416467.gadget2d_resized_512x512.png;class_0;1.0;polygon;x values;24;19;19;24;24;48;52;206;211;274;279;298;303;351;356;486;490;543;548;587;591;649;654;755;760;794;798;827;832;919;924;1111;1116;1164;1169;1203;1207;1280;1284;1501;1506;1631;1636;1751;1756;2098;2103;2459;2459;2406;2401;2338;2334;2141;2136;2117;2112;2098;2093;2059;2054;1775;1771;1737;1732;1713;1708;1669;1665;1424;1419;1361;1357;1313;1309;1222;1217
1698684812416467.gadget2d_resized_512x512.png;class_0;1.0;polygon;y values;82;84;1312;1315;1318;1318;1321;1321;1324;1324;1327;1327;1330;1330;1333;1333;1335;1335;1338;1338;1341;1341;1344;1344;1347;1347;1350;1350;1353;1353;1356;1356;1359;1359;1362;1362;1365;1365;1368;1368;1371;1371;1374;1374;1376;1376;1379;1379;123;123;120;120;117;117;114;114;111;111;108;108;105;105;102;102;99;99;96;96;93;93;90;90;87;87;84;84;82
1698010441014067.gadget2d_resized_512x512.png;class_0;1.0;polygon;x values;24;19;19;24;24;28;105;110;269;274;322;327;351;356;399;404;548;553;606;611;635;640;688;693;842;847;928;933;972;976;1029;1034;1183;1188;1246;1251;1284;1289;1337;1342;2242;2247;2459;2459;2444;2439;2175;2170;2141;2136;2127;2122;2088;2083;1819;1814;1775;1771;1751;1746;1713;1708;1448;1443;1390;1386;1357;1352;1183;1179
1698010441014067.gadget2d_resized_512x512.png;class_0;1.0;polygon;y values;82;84;1333;1335;1338;1341;1341;1344;1344;1347;1347;1350;1350;1353;1353;1356;1356;1359;1359;1362;1362;1365;1365;1368;1368;1371;1371;1374;1374;1376;1376;1379;1379;1382;1382;1385;1385;1388;1388;1391;1391;1394;1394;120;120;117;117;114;114;111;111;108;108;105;105;102;102;99;99;96;96;93;93;90;90;87;87;84;84;82
1700017666650854.gadget2d_resized_512x512.png;class_0;1.0;polygon;x values;895;890;765;760;741;721;721;707;697;693;572;567;519;514;495;490;452;447;202;197;129;125;77;72;24;24;19;19;24;24;616;620;625;741;745;1270;1275;1366;1371;1429;1434;1515;1520;1669;1674;1751;1756;1799;1804;1862;1867;1973;1977;2016;2021;2069;2074;2165;2170;2295;2300;2362;2367;2401;2406;2459;2459;1958;1953;1905;1900;1708;1703;1602;1597;1544;1540;1434;1429;1082;1078;1063;1044;1039;1034;1025;1020
1700017666650854.gadget2d_resized_512x512.png;class_0;1.0;polygon;y values;284;287;287;290;290;301;304;313;313;316;316;319;319;322;322;325;325;328;328;331;331;333;333;336;336;339;342;1400;1403;1406;1406;1409;1406;1406;1403;1403;1400;1400;1397;1397;1394;1394;1391;1391;1388;1388;1385;1385;1382;1382;1379;1379;1376;1376;1374;1374;1371;1371;1368;1368;1365;1365;1362;1362;1359;1359;292;292;295;295;292;292;295;295;298;298;301;301;304;304;301;301;290;290;287;287;284
1699850657704278.gadget2d_resized_512x512.png;class_0;1.0;polygon;x values;2329;2324;2098;2093;2054;2050;2016;2011;1920;1915;1713;1708;1251;1246;1203;1198;1169;1164;1102;1097;755;750;702;697;673;668;519;514;360;356;322;317;303;298;274;269;28;19;19;24;962;967;1174;1179;1294;1299;1429;1434;1549;1554;1597;1602;1631;1636;1674;1679;1785;1790;1833;1838;1867;1872;1929;1934;2035;2040;2107;2112;2204;2208;2285;2290;2314;2319;2367;2372;2459;2459;2425;2420
1699850657704278.gadget2d_resized_512x512.png;class_0;1.0;polygon;y values;187;190;190;193;193;196;196;193;193;196;196;199;199;202;202;205;205;208;208;210;210;213;213;216;216;219;219;222;222;225;225;228;228;231;231;234;234;240;1306;1309;1309;1306;1306;1303;1303;1300;1300;1297;1297;1294;1294;1291;1291;1289;1289;1286;1286;1283;1283;1280;1280;1277;1277;1280;1280;1277;1277;1274;1274;1271;1271;1268;1268;1265;1265;1262;1262;190;190;187
1700364647164676.gadget2d_resized_512x512.png;class_0;1.0;polygon;x values;1390;1386;1299;1294;1256;1251;1203;1198;895;890;837;832;803;798;755;750;481;476;447;442;433;428;394;389;163;158;91;86;33;28;0;0;19;24;192;197;380;385;447;452;640;644;741;745;1217;1222;1323;1328;1400;1405;1487;1491;1631;1636;1698;1703;1737;1742;1833;1838;2016;2021;2059;2064;2088;2093;2136;2141;2285;2290;2353;2358;2382;2387;2415;2420;2459;2459
1700364647164676.gadget2d_resized_512x512.png;class_0;1.0;polygon;y values;175;178;178;181;181;184;184;187;187;190;190;193;193;196;196;199;199;202;202;205;205;208;208;210;210;213;213;216;216;219;219;1297;1297;1294;1294;1291;1291;1294;1294;1291;1291;1289;1289;1286;1286;1283;1283;1280;1280;1277;1277;1274;1274;1271;1271;1268;1268;1265;1265;1262;1262;1259;1259;1256;1256;1253;1253;1250;1250;1248;1248;1245;1245;1242;1242;1239;1239;175
1697978106333850.gadget2d_resized_512x512.png;class_0;1.0;polygon;x values;380;375;322;317;298;308;312;317;322;327;336;341;346;351;365;365;375;375;380;380;385;385;389;389;394;394;389;389;385;385;380;380;375;375;356;346;341;327;322;303;298;255;250;139;134;120;120;115;115;120;120;125;134;139;158;158;163;163;168;168;173;173;178;178;182;182;197;197;216;221;226;235;240;245;255;259;264;274;279;298;303;322;327;346;351;380;385;394;399;404;418;423;437;442;447;452;457;466;471;476;481;505;510;553;558;635;640;678;683;721;726;803;808;856;861;904;909;943;948;957;962;967;981;981;976;976;981;981;991;1001;1005;1010;1029;1029;1039;1039;1044;1044;1039;1039;1034;1034;1029;1029;1025;1025;1020;1020;1005;1001;996;952;948;924;919;909;904;890;885;866;861;842;837;832;832;813;808;803;798;770;765;755;750;736;731;721;717;712;707;702;697;693;668;664;630;625;616;611;601;591;587;582;572;563;563;558;558;553;553;548;548;553;553;558;558;563;563;567;577;582;596;601;625;625;630;630;635;635;644;659;673;673;678;707;707;712;712;726;726;731;731;755;760;765;933;938;967;972;976;981;996;1001;2459;2459;2425;2420;2228;2223;1910;1905;1852;1848;1809;1804;1636;1631;1294;1289;1275;1270;1265;1260;1260;1256;1251;1232;1227
1697978106333850.gadget2d_resized_512x512.png;class_0;1.0;polygon;y values;105;108;108;111;111;111;114;114;117;117;123;123;125;125;134;137;143;146;149;152;155;161;164;169;172;190;193;199;202;205;208;210;213;216;228;228;231;231;234;234;237;237;240;240;237;237;243;246;916;919;928;931;925;925;914;911;908;905;902;899;896;893;890;887;884;881;873;870;858;858;855;855;852;852;846;846;843;843;840;840;837;837;834;834;832;832;829;829;826;826;817;817;808;808;805;805;802;802;799;799;796;796;793;793;791;791;793;793;796;796;799;799;802;802;799;799;796;796;799;799;802;802;811;826;829;861;864;870;875;875;878;878;890;893;899;902;905;908;911;914;916;928;931;946;949;955;958;960;969;969;972;972;975;975;972;972;975;975;978;978;975;975;978;978;981;993;993;996;996;1013;1013;1019;1019;1028;1028;1034;1034;1037;1037;1040;1040;1042;1042;1045;1045;1048;1048;1051;1051;1057;1057;1060;1060;1066;1069;1072;1078;1081;1139;1142;1151;1154;1183;1186;1207;1209;1224;1227;1227;1224;1224;1221;1236;1239;1242;1245;1248;1250;1256;1256;1265;1268;1268;1286;1289;1291;1294;1303;1306;1309;1315;1330;1330;1333;1333;1335;1335;1338;1338;1341;1341;1344;1344;146;146;143;143;140;140;137;137;134;134;131;131;128;128;125;125;123;123;120;111;111;108;108;105
1698321379617477.gadget2d_resized_512x512.png;class_0;1.0;polygon;x values;24;19;19;28;192;197;235;240;255;259;303;308;447;452;500;505;519;524;558;563;707;712;770;774;818;822;919;924;1097;1102;1150;1155;1174;1179;1251;1256;1597;1602;1775;1780;1872;1876;1997;2002;2459;2459;2411;2406;2160;2156;2131;2127;2117;2112;2088;2083;1838;1833;1795;1790;1771;1766;1713;1708;1491;1487;1438;1434;1410;1405;1352;1347
1698321379617477.gadget2d_resized_512x512.png;class_0;1.0;polygon;y values;82;84;1315;1321;1321;1324;1324;1327;1327;1330;1330;1333;1333;1335;1335;1338;1338;1341;1341;1344;1344;1347;1347;1350;1350;1353;1353;1356;1356;1359;1359;1362;1362;1365;1365;1368;1368;1371;1371;1374;1374;1376;1376;1379;1379;120;120;117;117;114;114;111;111;108;108;105;105;102;102;99;99;96;96;93;93;90;90;87;87;84;84;82
1699818247281894.gadget2d_resized_512x512.png;class_0;1.0;polygon;x values;24;19;19;28;163;168;226;231;250;255;293;298;428;433;476;481;505;510;543;548;683;688;741;745;760;765;827;832;1063;1068;1130;1135;1159;1164;1207;1212;1520;1525;1617;1621;1674;1679;1804;1809;2459;2459;2430;2425;2396;2391;2382;2377;2353;2348;2131;2127;2088;2083;2064;2059;2016;2011;1790;1785;1746;1742;1718;1713;1684;1679;1463;1458;1313;1309;1280;1275;1193;1188
1699818247281894.gadget2d_resized_512x512.png;class_0;1.0;polygon;y values;93;96;1327;1333;1333;1335;1335;1338;1338;1341;1341;1344;1344;1347;1347;1350;1350;1353;1353;1356;1356;1359;1359;1362;1362;1365;1365;1368;1368;1371;1371;1374;1374;1376;1376;1379;1379;1382;1382;1385;1385;1388;1388;1391;1391;140;140;137;137;134;134;131;131;128;128;125;125;123;123;120;120;117;117;114;114;111;111;108;108;105;105;102;102;99;99;96;96;93
1700302376496504.gadget2d_resized_512x512.png;class_0;1.0;polygon;x values;1304;1299;1222;1217;1179;1174;1087;1082;784;779;726;721;697;693;640;635;399;394;356;351;322;317;274;269;38;33;9;4;0;0;14;19;851;856;1102;1106;1174;1179;1284;1289;1535;1540;1592;1597;1626;1631;1708;1713;1900;1905;1949;1953;1982;1987;2045;2050;2184;2189;2228;2233;2252;2257;2310;2314;2459;2459
1700302376496504.gadget2d_resized_512x512.png;class_0;1.0;polygon;y values;187;190;190;193;193;196;196;199;199;202;202;205;205;208;208;210;210;213;213;216;216;219;219;222;222;225;225;228;228;1300;1300;1297;1297;1294;1294;1291;1291;1289;1289;1286;1286;1283;1283;1280;1280;1277;1277;1274;1274;1271;1271;1268;1268;1265;1265;1262;1262;1259;1259;1256;1256;1253;1253;1250;1250;187
1698668436091039.gadget2d_resized_512x512.png;class_0;1.0;polygon;x values;24;19;19;28;67;72;125;129;283;288;346;351;370;375;418;423;582;587;640;644;668;673;712;717;885;890;972;976;1010;1015;1078;1082;1232;1236;1328;1333;1371;1376;1472;1477;2208;2213;2459;2459;2377;2372;2338;2334;2324;2319;2290;2285;2098;2093;2054;2050;2026;2021;1968;1963;1722;1718;1689;1684;1674;1669;1641;1636;1309;1304;1203;1198;1150;1145;1053;1049
1698668436091039.gadget2d_resized_512x512.png;class_0;1.0;polygon;y values;70;73;1309;1315;1315;1318;1318;1321;1321;1324;1324;1327;1327;1330;1330;1333;1333;1335;1335;1338;1338;1341;1341;1344;1344;1347;1347;1350;1350;1353;1353;1356;1356;1359;1359;1362;1362;1365;1365;1368;1368;1371;1371;117;117;114;114;111;111;108;108;105;105;102;102;99;99;96;96;93;93;90;90;87;87;84;84;82;82;79;79;76;76;73;73;70
1700315608636310.gadget2d_resized_512x512.png;class_0;1.0;polygon;x values;1934;1929;1799;1795;1732;1727;1597;1592;1260;1256;1188;1183;1087;1082;1001;996;721;717;683;678;668;664;625;620;389;385;322;317;293;288;245;240;38;33;0;0;9;14;818;822;1082;1087;1174;1179;1294;1299;1506;1511;1559;1564;1597;1602;1679;1684;1848;1852;1900;1905;1934;1939;2006;2011;2165;2170;2208;2213;2233;2237;2290;2295;2459;2459
1700315608636310.gadget2d_resized_512x512.png;class_0;1.0;polygon;y values;175;178;178;181;181;184;184;187;187;190;190;193;193;196;196;199;199;202;202;205;205;208;208;210;210;213;213;216;216;219;219;222;222;225;225;1300;1300;1297;1297;1294;1294;1291;1291;1289;1289;1286;1286;1283;1283;1280;1280;1277;1277;1274;1274;1271;1271;1268;1268;1265;1265;1262;1262;1259;1259;1256;1256;1253;1253;1250;1250;175
1698101354959552.gadget2d_resized_512x512.png;class_0;1.0;polygon;x values;24;19;19;28;178;182;231;235;255;259;308;312;452;457;500;505;519;524;567;572;693;697;745;750;774;779;866;871;1126;1130;1203;1207;1260;1265;1361;1366;1698;1703;2050;2054;2281;2285;2459;2459;2439;2435;2165;2160;2131;2127;2112;2107;2079;2074;1819;1814;1775;1771;1751;1746;1713;1708;1458;1453;1390;1386;1352;1347;1270;1265
1698101354959552.gadget2d_resized_512x512.png;class_0;1.0;polygon;y values;82;84;1315;1321;1321;1324;1324;1327;1327;1330;1330;1333;1333;1335;1335;1338;1338;1341;1341;1344;1344;1347;1347;1350;1350;1353;1353;1356;1356;1359;1359;1362;1362;1365;1365;1368;1368;1371;1371;1374;1374;1376;1376;120;120;117;117;114;114;111;111;108;108;105;105;102;102;99;99;96;96;93;93;90;90;87;87;84;84;82
1700420582759562.gadget2d_resized_512x512.png;class_0;1.0;polygon;x values;24;19;19;24;110;115;173;178;202;206;250;255;399;404;466;471;495;500;543;548;717;721;760;765;779;784;832;837;981;986;1058;1063;1087;1092;1130;1135;1241;1246;1366;1371;1419;1424;1549;1554;2131;2136;2367;2372;2459;2459;2358;2353;2314;2310;2295;2290;2266;2261;2069;2064;2021;2016;1992;1987;1939;1934;1713;1708;1669;1665;1645;1641;1621;1617;1525;1520;1236;1232;1193;1188;1063;1058
1700420582759562.gadget2d_resized_512x512.png;class_0;1.0;polygon;y values;93;96;1330;1333;1333;1335;1335;1338;1338;1341;1341;1344;1344;1347;1347;1350;1350;1353;1353;1356;1356;1359;1359;1362;1362;1365;1365;1368;1368;1371;1371;1374;1374;1376;1376;1379;1379;1382;1382;1385;1385;1388;1388;1391;1391;1394;1394;1397;1397;140;140;137;137;134;134;131;131;128;128;125;125;123;123;120;120;117;117;114;114;111;111;108;108;105;105;102;102;99;99;96;96;93
1700371245720441.gadget2d_resized_512x512.png;class_0;1.0;polygon;x values;1549;1544;1530;1525;1520;1511;1506;1501;1491;1487;1482;1477;1405;1400;861;856;770;765;741;736;616;611;577;572;182;178;28;19;19;24;24;149;154;231;235;274;279;327;332;476;481;553;558;587;591;630;635;779;784;866;871;933;938;1029;1034;1140;1145;1212;1217;1256;1260;1328;1333;1549;1554;1857;1862;1915;1920;1963;1968;1973;2040;2045;2281;2285;2459;2459;2401;2396;2338;2334;2199;2194;2170;2165;2156;2151;2131;2127;2050;2045;2026;2016;2006;2002;1973;1968;1953;1949;1944;1934;1915;1910;1900;1891;1881;1876;1867;1862;1857;1852;1848;1843;1833;1828
1700371245720441.gadget2d_resized_512x512.png;class_0;1.0;polygon;y values;58;61;61;64;64;70;70;73;73;76;76;79;79;82;82;79;79;76;76;73;73;70;70;73;73;70;70;76;1327;1330;1333;1333;1335;1335;1338;1338;1341;1341;1344;1344;1347;1347;1350;1350;1353;1353;1356;1356;1359;1359;1362;1362;1365;1365;1368;1368;1371;1371;1374;1374;1376;1376;1379;1379;1382;1382;1385;1385;1388;1388;1385;1388;1388;1391;1391;1394;1394;123;123;120;120;117;117;114;114;111;111;108;108;105;105;102;102;96;96;93;93;90;90;87;87;82;82;79;79;73;73;70;70;67;67;64;64;61;61;58
1698313466437527.gadget2d_resized_512x512.png;class_0;1.0;polygon;x values;24;19;19;24;24;28;72;77;245;250;303;308;327;332;385;389;519;524;558;563;582;587;616;620;779;784;837;842;899;904;1010;1015;1155;1159;1222;1227;1260;1265;1313;1318;1665;1669;2064;2069;2136;2141;2353;2358;2459;2459;2454;2449;2208;2204;2170;2165;2156;2151;2127;2122;1872;1867;1828;1823;1804;1799;1751;1746;1564;1559;1487;1482;1448;1443;1386;1381
1698313466437527.gadget2d_resized_512x512.png;class_0;1.0;polygon;y values;82;84;1321;1324;1327;1330;1330;1333;1333;1335;1335;1338;1338;1341;1341;1344;1344;1347;1347;1350;1350;1353;1353;1356;1356;1359;1359;1362;1362;1365;1365;1368;1368;1371;1371;1374;1374;1376;1376;1379;1379;1382;1382;1385;1385;1388;1388;1391;1391;120;120;117;117;114;114;111;111;108;108;105;105;102;102;99;99;96;96;93;93;90;90;87;87;84;84;82
1699916309347524.gadget2d_resized_512x512.png;class_0;1.0;polygon;x values;24;24;19;19;24;24;101;105;178;182;211;216;259;264;389;394;447;452;476;481;514;519;668;673;736;741;755;760;789;794;972;976;1044;1049;1068;1073;1116;1121;1241;1246;1371;1376;1438;1443;1540;1544;2208;2213;2459;2459;2430;2425;2372;2367;2324;2319;2131;2127;2093;2088;2074;2069;2040;2035;1780;1775;1713;1708;1684;1679;1645;1641;1530;1525;1251;1246;1217;1212;1164;1159;818;813;765;760;736;731
1699916309347524.gadget2d_resized_512x512.png;class_0;1.0;polygon;y values;73;76;79;1327;1330;1333;1333;1335;1335;1338;1338;1341;1341;1344;1344;1347;1347;1350;1350;1353;1353;1356;1356;1359;1359;1362;1362;1365;1365;1368;1368;1371;1371;1374;1374;1376;1376;1379;1379;1382;1382;1385;1385;1388;1388;1391;1391;1394;1394;125;125;123;123;120;120;117;117;114;114;111;111;108;108;105;105;102;102;99;99;96;96;93;93;90;90;87;87;84;84;82;82;79;79;76;76;73
1698104518029077.gadget2d_resized_512x512.png;class_0;1.0;polygon;x values;24;19;19;24;24;28;86;91;288;293;356;360;389;394;447;452;558;563;625;630;649;654;693;697;914;919;1015;1020;1058;1063;1126;1130;1328;1333;1448;1453;1511;1515;1612;1617;2358;2362;2411;2415;2444;2449;2459;2459;2310;2305;2266;2261;2242;2237;2189;2184;1982;1977;1944;1939;1929;1925;1896;1891;1674;1669;1597;1592;1554;1549;1477;1472
1698104518029077.gadget2d_resized_512x512.png;class_0;1.0;polygon;y values;70;73;1297;1300;1303;1306;1306;1309;1309;1312;1312;1315;1315;1318;1318;1321;1321;1324;1324;1327;1327;1330;1330;1333;1333;1335;1335;1338;1338;1341;1341;1344;1344;1347;1347;1350;1350;1353;1353;1356;1356;1359;1359;1356;1356;1359;1359;105;105;102;102;99;99;96;96;93;93;90;90;87;87;84;84;82;82;79;79;76;76;73;73;70
1699812498159240.gadget2d_resized_512x512.png;class_0;1.0;polygon;x values;24;19;19;24;110;115;163;168;182;187;226;231;399;404;442;447;466;471;495;500;611;616;673;678;702;707;750;755;1063;1068;1126;1130;1150;1155;1207;1212;1487;1491;1636;1641;1684;1689;1790;1795;2459;2459;2439;2435;2377;2372;2127;2122;2093;2088;2069;2064;2030;2026;1799;1795;1761;1756;1746;1742;1698;1694;1496;1491;1414;1410;1376;1371;1284;1280
1699812498159240.gadget2d_resized_512x512.png;class_0;1.0;polygon;y values;82;84;1318;1321;1321;1324;1324;1327;1327;1330;1330;1333;1333;1335;1335;1338;1338;1341;1341;1344;1344;1347;1347;1350;1350;1353;1353;1356;1356;1359;1359;1362;1362;1365;1365;1368;1368;1371;1371;1374;1374;1376;1376;1379;1379;123;123;120;120;117;117;114;114;111;111;108;108;105;105;102;102;99;99;96;96;93;93;90;90;87;87;84;84;82
1697995337699035.gadget2d_resized_512x512.png;class_0;1.0;polygon;x values;28;19;19;28;57;62;105;110;283;288;336;341;360;365;399;404;539;543;596;601;630;635;688;693;842;847;948;952;976;981;1044;1049;1222;1227;1294;1299;1361;1366;1491;1496;2136;2141;2233;2237;2319;2324;2459;2459;2430;2425;2189;2184;2151;2146;2131;2127;2079;2074;1828;1823;1780;1775;1756;1751;1727;1722;1559;1554;1376;1371;1313;1309;1222;1217;601;596;524;519;481;476;173;168
1697995337699035.gadget2d_resized_512x512.png;class_0;1.0;polygon;y values;82;87;1333;1338;1338;1341;1341;1344;1344;1347;1347;1350;1350;1353;1353;1356;1356;1359;1359;1362;1362;1365;1365;1368;1368;1371;1371;1374;1374;1376;1376;1379;1379;1382;1382;1385;1385;1388;1388;1391;1391;1394;1394;1391;1391;1394;1394;131;131;128;128;125;125;123;123;120;120;117;117;114;114;111;111;108;108;105;105;102;102;99;99;96;96;93;93;90;90;87;87;84;84;82
1700383675261046.gadget2d_resized_512x512.png;class_0;1.0;polygon;x values;1592;1588;1448;1443;1400;1395;1294;1289;948;943;904;899;875;871;827;822;534;529;476;471;452;447;409;404;206;202;173;168;158;154;125;120;24;19;19;24;24;630;635;678;683;755;760;1106;1111;1203;1207;1294;1299;1390;1395;1669;1674;1780;1785;1828;1833;1920;1925;1982;1987;2021;2026;2045;2050;2074;2079;2107;2112;2165;2170;2204;2208;2406;2411;2459;2459
1700383675261046.gadget2d_resized_512x512.png;class_0;1.0;polygon;y values;164;166;166;169;169;172;172;175;175;178;178;181;181;184;184;187;187;190;190;193;193;196;196;199;199;202;202;205;205;208;208;210;210;213;1274;1277;1283;1283;1280;1280;1277;1277;1274;1274;1271;1271;1268;1268;1265;1265;1262;1262;1259;1259;1256;1256;1253;1253;1250;1250;1248;1248;1245;1245;1242;1242;1239;1239;1236;1236;1233;1233;1236;1236;1233;1233;164
1698150627028214.gadget2d_resized_512x512.png;class_0;1.0;polygon;x values;24;19;19;24;96;101;168;173;216;221;308;312;394;399;437;442;481;486;519;524;553;558;596;601;625;630;640;644;712;717;765;770;784;789;803;808;842;847;871;875;948;952;1034;1039;1078;1082;1126;1130;1265;1270;1289;1294;1318;1323;1337;1342;1414;1419;1438;1443;1694;1698;1746;1751;1766;1771;1785;1790;1809;1814;1848;1852;1939;1944;1953;1958;2444;2449;2459;2459;2420;2415;2377;2372;2358;2353;2324;2319;2098;2093;2045;2040;2021;2016;1973;1968;1756;1751;1722;1718;1708;1703;1674;1669;1361;1357;1222;1217;1179;1174;1049;1044
1698150627028214.gadget2d_resized_512x512.png;class_0;1.0;polygon;y values;70;73;1306;1309;1309;1312;1312;1315;1315;1318;1318;1321;1321;1324;1324;1327;1327;1330;1330;1327;1327;1324;1324;1321;1321;1324;1324;1321;1321;1324;1324;1327;1327;1330;1330;1333;1333;1335;1335;1338;1338;1341;1341;1344;1344;1347;1347;1350;1350;1347;1347;1344;1344;1341;1341;1338;1338;1341;1341;1344;1344;1347;1347;1350;1350;1353;1353;1356;1356;1359;1359;1362;1362;1359;1359;1362;1362;1365;1365;117;117;114;114;111;111;108;108;105;105;102;102;99;99;96;96;93;93;90;90;87;87;84;84;82;82;79;79;76;76;73;73;70
1697992875649093.gadget2d_resized_512x512.png;class_0;1.0;polygon;x values;24;19;19;24;24;77;81;134;139;279;283;332;336;365;370;433;437;582;587;649;654;688;693;741;745;866;871;948;952;986;991;1063;1068;1241;1246;1313;1318;1361;1366;1496;1501;2444;2449;2459;2459;2444;2439;2411;2406;2127;2122;2079;2074;2054;2050;2002;1997;1761;1756;1727;1722;1713;1708;1679;1674;1410;1405;1280;1275;1212;1207;1097;1092
1697992875649093.gadget2d_resized_512x512.png;class_0;1.0;polygon;y values;93;96;1333;1335;1338;1338;1341;1341;1344;1344;1347;1347;1350;1350;1353;1353;1356;1356;1359;1359;1362;1362;1365;1365;1368;1368;1371;1371;1374;1374;1376;1376;1379;1379;1382;1382;1385;1385;1388;1388;1391;1391;1394;1394;134;134;131;131;128;128;125;125;123;123;120;120;117;117;114;114;111;111;108;108;105;105;102;102;99;99;96;96;93
1700370970702086.gadget2d_resized_512x512.png;class_0;1.0;polygon;x values;43;38;24;24;19;19;24;24;86;91;144;149;283;288;351;356;380;385;437;442;649;654;712;717;741;745;774;779;909;914;1020;1025;1063;1068;1126;1130;1227;1232;1313;1318;1511;1515;1621;1626;2459;2459;2261;2257;2208;2204;2180;2175;2136;2131;1876;1872;1833;1828;1799;1795;1751;1746;1669;1665;1482;1477;1429;1424;1390;1386;1299;1294;1207;1203;741;736;259;255
1700370970702086.gadget2d_resized_512x512.png;class_0;1.0;polygon;y values;87;90;90;93;96;1333;1335;1338;1338;1341;1341;1344;1344;1347;1347;1350;1350;1353;1353;1356;1356;1359;1359;1362;1362;1365;1365;1368;1368;1371;1371;1374;1374;1376;1376;1379;1379;1382;1382;1385;1385;1388;1388;1391;1391;128;128;125;125;123;123;120;120;117;117;114;114;111;111;108;108;105;105;102;102;99;99;96;96;99;99;96;96;93;93;90;90;87
1699813260175411.gadget2d_resized_512x512.png;class_0;1.0;polygon;x values;24;19;19;24;24;28;110;115;250;255;293;298;322;327;360;365;548;553;596;601;625;630;664;668;784;789;856;861;904;909;967;972;1135;1140;1217;1222;1251;1256;1309;1313;1766;1771;1968;1973;2180;2184;2459;2459;2435;2430;2406;2401;2387;2382;2353;2348;2079;2074;2030;2026;2011;2006;1949;1944;1722;1718;1689;1684;1674;1669;1636;1631;1414;1410;1212;1207;1174;1169;1068;1063
1699813260175411.gadget2d_resized_512x512.png;class_0;1.0;polygon;y values;93;96;1333;1335;1338;1341;1341;1344;1344;1347;1347;1350;1350;1353;1353;1356;1356;1359;1359;1362;1362;1365;1365;1368;1368;1371;1371;1374;1374;1376;1376;1379;1379;1382;1382;1385;1385;1388;1388;1391;1391;1394;1394;1397;1397;1400;1400;140;140;137;137;134;134;131;131;128;128;125;125;123;123;120;120;117;117;114;114;111;111;108;108;105;105;102;102;99;99;96;96;93
1698285446860077.gadget2d_resized_512x512.png;class_0;1.0;polygon;x values;24;19;19;28;91;96;120;125;168;173;327;332;375;380;399;404;442;447;553;558;601;606;630;635;683;688;890;895;962;967;1020;1025;1092;1097;1246;1251;1352;1357;1414;1419;1506;1511;2093;2098;2314;2319;2430;2435;2459;2459;2285;2281;2252;2247;2242;2237;2208;2204;1953;1949;1925;1920;1910;1905;1872;1867;1684;1679;1626;1621;1592;1588;1520;1515
1698285446860077.gadget2d_resized_512x512.png;class_0;1.0;polygon;y values;93;96;1318;1324;1324;1327;1327;1330;1330;1333;1333;1335;1335;1338;1338;1341;1341;1344;1344;1347;1347;1350;1350;1353;1353;1356;1356;1359;1359;1362;1362;1365;1365;1368;1368;1371;1371;1374;1374;1376;1376;1379;1379;1382;1382;1385;1385;1388;1388;128;128;125;125;123;123;120;120;117;117;114;114;111;111;108;108;105;105;102;102;99;99;96;96;93
1700396401413784.gadget2d_resized_512x512.png;class_0;1.0;polygon;x values;1977;1973;1799;1795;1641;1636;1496;1491;1111;1106;1058;1053;1025;1020;981;976;693;688;616;611;548;543;481;476;327;322;293;288;283;279;255;250;28;19;19;24;736;741;822;827;904;909;1212;1217;1405;1410;1511;1515;1549;1554;1621;1626;1790;1795;1857;1862;1896;1900;1953;1958;2088;2093;2156;2160;2189;2194;2247;2252;2459;2459
1700396401413784.gadget2d_resized_512x512.png;class_0;1.0;polygon;y values;164;166;166;169;169;172;172;175;175;178;178;181;181;184;184;187;187;190;190;193;193;196;196;199;199;202;202;205;205;208;208;210;210;216;1283;1286;1286;1283;1283;1280;1280;1277;1277;1274;1274;1271;1271;1268;1268;1265;1265;1262;1262;1259;1259;1256;1256;1253;1253;1250;1250;1248;1248;1245;1245;1242;1242;1239;1239;164
1699940739853569.gadget2d_resized_512x512.png;class_0;1.0;polygon;x values;28;19;19;24;24;81;86;206;211;274;279;298;303;341;346;462;466;524;529;591;596;649;654;721;726;755;760;784;789;856;861;1053;1058;1106;1111;1135;1140;1169;1174;1275;1280;1419;1424;1467;1472;1612;1617;1674;1679;2170;2175;2459;2459;2435;2430;2353;2348;2180;2175;2131;2127;2107;2103;2074;2069;1828;1823;1761;1756;1722;1718;1679;1674;1564;1559;1284;1280;1236;1232;1179;1174;818;813;760;755;731;726;216;211
1699940739853569.gadget2d_resized_512x512.png;class_0;1.0;polygon;y values;93;99;1333;1335;1341;1341;1344;1344;1347;1347;1350;1350;1353;1353;1356;1356;1359;1359;1362;1362;1365;1365;1368;1368;1371;1371;1374;1374;1376;1376;1379;1379;1382;1382;1385;1385;1388;1388;1391;1391;1394;1394;1397;1397;1400;1400;1397;1397;1400;1400;1403;1403;146;146;143;143;140;140;137;137;134;134;131;131;128;128;125;125;123;123;120;120;117;117;114;114;111;111;108;108;105;105;102;102;99;99;96;96;93
1698998694262729.gadget2d_resized_512x512.png;class_0;1.0;polygon;x values;24;19;19;28;72;77;129;134;288;293;346;351;370;375;409;413;572;577;635;640;668;673;712;717;914;919;967;972;991;996;1058;1063;1299;1304;1424;1429;1496;1501;1612;1617;2459;2459;2348;2343;2305;2300;2285;2281;2252;2247;2021;2016;1963;1958;1939;1934;1900;1896;1669;1665;1588;1583;1554;1549;1511;1506
1698998694262729.gadget2d_resized_512x512.png;class_0;1.0;polygon;y values;128;131;1379;1385;1385;1388;1388;1391;1391;1394;1394;1397;1397;1400;1400;1403;1403;1406;1406;1409;1409;1412;1412;1415;1415;1417;1417;1420;1420;1423;1423;1426;1426;1429;1429;1432;1432;1435;1435;1438;1438;164;164;161;161;158;158;155;155;152;152;149;149;146;146;143;143;140;140;137;137;134;134;131;131;128
1698224664584279.gadget2d_resized_512x512.png;class_0;1.0;polygon;x values;24;19;19;24;62;67;134;139;163;168;211;216;375;380;428;433;452;457;505;510;630;635;678;683;702;707;745;750;972;976;1029;1034;1092;1097;1150;1155;1313;1318;1453;1458;1506;1511;1597;1602;2247;2252;2459;2459;2367;2362;2329;2324;2310;2305;2281;2276;2059;2054;2021;2016;2002;1997;1958;1953;1746;1742;1698;1694;1669;1665;1607;1602;1289;1284;1217;1212;1169;1164;1068;1063
1698224664584279.gadget2d_resized_512x512.png;class_0;1.0;polygon;y values;82;84;1318;1321;1321;1324;1324;1327;1327;1330;1330;1333;1333;1335;1335;1338;1338;1341;1341;1344;1344;1347;1347;1350;1350;1353;1353;1356;1356;1359;1359;1362;1362;1365;1365;1368;1368;1371;1371;1374;1374;1376;1376;1379;1379;1382;1382;128;128;125;125;123;123;120;120;117;117;114;114;111;111;108;108;105;105;102;102;99;99;96;96;93;93;90;90;87;87;84;84;82
1699944685820625.gadget2d_resized_512x512.png;class_0;1.0;polygon;x values;726;721;712;712;721;721;726;717;702;697;409;404;380;375;360;356;327;322;101;96;43;38;28;19;19;24;933;938;1251;1256;1318;1323;1414;1419;1592;1597;1650;1655;1684;1689;1746;1751;1929;1934;1963;1968;1982;1987;2045;2050;2252;2257;2290;2295;2324;2329;2387;2391;2459;2459;2435;2430;2406;2401;2367;2362;2295;2290;2218;2213;1535;1530;1381;1376;1313;1309;1188;1183;1092;1087;1058;1053;1049;1044;1049;1049;1044;1034;1029
1699944685820625.gadget2d_resized_512x512.png;class_0;1.0;polygon;y values;292;295;295;301;307;316;319;325;325;328;328;331;331;333;333;336;336;339;339;342;342;345;345;351;1412;1415;1415;1412;1412;1409;1409;1406;1406;1403;1403;1400;1400;1397;1397;1394;1394;1391;1391;1388;1388;1385;1385;1382;1382;1379;1379;1376;1376;1374;1374;1371;1371;1368;1368;301;301;298;298;295;295;298;298;301;301;304;304;307;307;310;310;313;313;316;316;313;313;310;310;307;304;298;295;295;292
1699002879355785.gadget2d_resized_512x512.png;class_0;1.0;polygon;x values;356;351;312;308;293;288;279;274;264;259;255;235;221;216;206;202;187;182;178;173;168;168;158;158;163;163;168;168;163;163;168;168;173;173;178;178;192;192;182;173;168;158;154;144;139;139;120;115;110;101;91;86;81;38;33;28;28;24;24;19;19;24;24;28;105;110;240;245;303;308;327;332;380;385;505;510;606;611;635;640;688;693;765;770;813;818;856;861;948;952;1116;1121;1169;1174;1203;1207;1256;1260;1477;1482;1621;1626;1689;1694;2021;2026;2459;2459;2247;2242;2204;2199;2180;2175;2136;2131;1876;1872;1833;1828;1799;1795;1746;1742;1592;1588;1438;1434;1304;1299;1232;1227;572;567;495;490;462;457
1699002879355785.gadget2d_resized_512x512.png;class_0;1.0;polygon;y values;84;87;87;90;90;93;93;96;96;99;99;111;111;114;114;117;117;120;120;123;123;125;131;143;146;152;155;161;164;172;175;181;184;187;190;193;202;213;219;219;222;222;225;225;228;231;243;243;246;246;251;251;254;254;257;257;263;266;310;313;1333;1335;1338;1341;1341;1344;1344;1347;1347;1350;1350;1353;1353;1356;1356;1359;1359;1362;1362;1365;1365;1368;1368;1371;1371;1374;1374;1376;1376;1379;1379;1382;1382;1385;1385;1388;1388;1391;1391;1394;1394;1397;1397;1400;1400;1403;1403;128;128;125;125;123;123;120;120;117;117;114;114;111;111;108;108;105;105;102;102;99;99;96;96;93;93;90;90;87;87;84
1698176982592211.gadget2d_resized_512x512.png;class_0;1.0;polygon;x values;24;19;19;24;154;158;202;206;221;226;274;279;433;437;481;486;505;510;534;539;654;659;702;707;726;731;794;798;1092;1097;1145;1150;1169;1174;1217;1222;1578;1583;1665;1669;1732;1737;1987;1992;2459;2459;2242;2237;2213;2208;2199;2194;2170;2165;1900;1896;1857;1852;1828;1823;1775;1771;1573;1568;1525;1520;1496;1491;1438;1434
1698176982592211.gadget2d_resized_512x512.png;class_0;1.0;polygon;y values;105;108;1341;1344;1344;1347;1347;1350;1350;1353;1353;1356;1356;1359;1359;1362;1362;1365;1365;1368;1368;1371;1371;1374;1374;1376;1376;1379;1379;1382;1382;1385;1385;1388;1388;1391;1391;1394;1394;1397;1397;1400;1400;1403;1403;140;140;137;137;134;134;131;131;128;128;125;125;123;123;120;120;117;117;114;114;111;111;108;108;105
1699993895382518.gadget2d_resized_512x512.png;class_0;1.0;polygon;x values;750;745;731;731;721;717;712;702;697;673;668;630;625;539;534;293;288;221;216;187;182;129;125;24;19;19;24;24;28;38;43;154;158;399;404;678;683;717;721;861;866;1381;1386;1448;1453;1496;1501;1573;1578;1727;1732;1819;1823;1862;1867;1944;1949;2088;2093;2156;2160;2180;2184;2223;2228;2362;2367;2459;2459;2069;2064;2026;2021;2006;2002;1881;1876;1766;1761;1669;1665;1145;1140;1102;1097;1063;1053;1049;1044;1034;1029
1699993895382518.gadget2d_resized_512x512.png;class_0;1.0;polygon;y values;292;295;295;307;313;313;316;316;319;319;322;322;325;325;328;328;331;331;333;333;336;336;339;339;342;1400;1403;1406;1409;1409;1406;1406;1409;1409;1412;1412;1409;1409;1406;1406;1403;1403;1400;1400;1397;1397;1394;1394;1391;1391;1388;1388;1385;1385;1382;1382;1379;1379;1376;1376;1374;1374;1371;1371;1368;1368;1365;1365;292;292;295;295;298;298;301;301;298;298;301;301;304;304;307;307;304;304;298;298;295;295;292
1699923420493366.gadget2d_resized_512x512.png;class_0;1.0;polygon;x values;28;19;19;24;24;43;48;206;211;283;288;317;322;360;365;505;510;611;616;640;644;683;688;779;784;842;847;909;914;1005;1010;1164;1169;1227;1232;1265;1270;1323;1328;1496;1501;1641;1645;1799;1804;1944;1949;2127;2131;2382;2387;2459;2459;2444;2439;2208;2204;2156;2151;2136;2131;2103;2098;1852;1848;1809;1804;1780;1775;1713;1708;1597;1592;1482;1477;1438;1434;1400;1395;861;856;789;784;755;750;678;673;572;567;129;125
1699923420493366.gadget2d_resized_512x512.png;class_0;1.0;polygon;y values;70;76;1312;1315;1318;1318;1321;1321;1324;1324;1327;1327;1330;1330;1333;1333;1335;1335;1338;1338;1341;1341;1344;1344;1347;1347;1350;1350;1353;1353;1356;1356;1359;1359;1362;1362;1365;1365;1368;1368;1371;1371;1374;1374;1371;1371;1374;1374;1376;1376;1379;1379;120;120;117;117;114;114;111;111;108;108;105;105;102;102;99;99;96;96;93;93;90;90;87;87;84;84;82;82;79;79;76;76;73;73;70;70;73;73;70
1699964879356935.gadget2d_resized_512x512.png;class_0;1.0;polygon;x values;24;19;19;24;24;33;38;105;110;240;245;312;317;336;341;380;385;534;539;611;616;635;640;673;678;784;789;871;875;933;938;1039;1044;1150;1155;1227;1232;1260;1265;1313;1318;1511;1515;1636;1641;2006;2011;2204;2208;2459;2459;2435;2430;2420;2415;2377;2372;2175;2170;2131;2127;2107;2103;2069;2064;1799;1795;1742;1737;1718;1713;1689;1684;1588;1583;1419;1414;1337;1333;1280;1275;827;822;770;765;750;745;664;659;630;625;596;591
1699964879356935.gadget2d_resized_512x512.png;class_0;1.0;polygon;y values;82;84;1321;1324;1327;1327;1330;1330;1333;1333;1335;1335;1338;1338;1341;1341;1344;1344;1347;1347;1350;1350;1353;1353;1356;1356;1359;1359;1362;1362;1365;1365;1368;1368;1371;1371;1374;1374;1376;1376;1379;1379;1382;1382;1385;1385;1388;1388;1391;1391;137;137;134;134;131;131;128;128;125;125;123;123;120;120;117;117;114;114;111;111;108;108;105;105;102;102;99;99;96;96;93;93;90;90;87;87;84;84;82;82;84;84;82
1698299410169687.gadget2d_resized_512x512.png;class_0;1.0;polygon;x values;24;19;19;24;24;67;72;134;139;293;298;341;346;360;365;404;409;529;534;591;596;625;630;668;673;808;813;895;899;938;943;1005;1010;1174;1179;1236;1241;1265;1270;1323;1328;1674;1679;1997;2002;2146;2151;2324;2329;2411;2415;2459;2459;2454;2449;2218;2213;2184;2180;2175;2170;2141;2136;1886;1881;1843;1838;1819;1814;1761;1756;1583;1578;1535;1530;1515;1511;1463;1458;1020;1015;895;890;813;808;702;697
1698299410169687.gadget2d_resized_512x512.png;class_0;1.0;polygon;y values;93;96;1333;1335;1338;1338;1341;1341;1344;1344;1347;1347;1350;1350;1353;1353;1356;1356;1359;1359;1362;1362;1365;1365;1368;1368;1371;1371;1374;1374;1376;1376;1379;1379;1382;1382;1385;1385;1388;1388;1391;1391;1394;1394;1397;1397;1400;1400;1403;1403;1400;1400;143;143;140;140;137;137;134;134;131;131;128;128;125;125;123;123;120;120;117;117;114;114;111;111;108;108;105;105;102;102;99;99;96;96;93
1698163673311678.gadget2d_resized_512x512.png;class_0;1.0;polygon;x values;24;19;19;24;24;67;72;206;211;259;264;283;288;341;346;500;505;543;548;563;567;616;620;745;750;789;794;827;832;919;924;1126;1130;1174;1179;1232;1236;1323;1328;1564;1568;1703;1708;1843;1848;1987;1992;2459;2459;2334;2329;2305;2300;2290;2285;2257;2252;2026;2021;1963;1958;1934;1929;1896;1891;1694;1689;1660;1655;1636;1631;1597;1592
1698163673311678.gadget2d_resized_512x512.png;class_0;1.0;polygon;y values;82;84;1312;1315;1318;1318;1321;1321;1324;1324;1327;1327;1330;1330;1333;1333;1335;1335;1338;1338;1341;1341;1344;1344;1347;1347;1350;1350;1353;1353;1356;1356;1359;1359;1362;1362;1365;1365;1368;1368;1371;1371;1374;1374;1376;1376;1379;1379;117;117;114;114;111;111;108;108;105;105;102;102;99;99;96;96;93;93;90;90;87;87;84;84;82
1697990888607358.gadget2d_resized_512x512.png;class_0;1.0;polygon;x values;24;19;19;24;24;178;182;250;255;288;293;360;365;462;466;505;510;524;529;587;591;745;750;794;798;861;866;981;986;1126;1130;1179;1183;1227;1232;1299;1304;1886;1891;2314;2319;2444;2449;2459;2459;2430;2425;2362;2358;2131;2127;2093;2088;2074;2069;2026;2021;1756;1751;1713;1708;1689;1684;1641;1636;1280;1275;1203;1198;1121;1116;1005;1001
1697990888607358.gadget2d_resized_512x512.png;class_0;1.0;polygon;y values;82;84;1327;1330;1333;1333;1335;1335;1338;1338;1341;1341;1344;1344;1347;1347;1350;1350;1353;1353;1356;1356;1359;1359;1362;1362;1365;1365;1368;1368;1371;1371;1374;1374;1376;1376;1379;1379;1382;1382;1385;1385;1388;1388;123;123;120;120;117;117;114;114;111;111;108;108;105;105;102;102;99;99;96;96;93;93;90;90;87;87;84;84;82
1700373578139523.gadget2d_resized_512x512.png;class_0;1.0;polygon;x values;1573;1568;1419;1414;1347;1342;1270;1265;928;924;885;880;861;856;803;798;500;495;457;452;437;433;404;399;197;192;163;158;144;139;105;101;0;0;635;640;707;712;760;765;866;871;1280;1284;1361;1366;1414;1419;1501;1506;1732;1737;1790;1795;1828;1833;1896;1900;2088;2093;2151;2156;2189;2194;2247;2252;2439;2444;2459;2459
1700373578139523.gadget2d_resized_512x512.png;class_0;1.0;polygon;y values;164;166;166;169;169;172;172;175;175;178;178;181;181;184;184;187;187;190;190;193;193;196;196;199;199;202;202;205;205;208;208;210;210;1286;1286;1283;1283;1280;1280;1277;1277;1274;1274;1271;1271;1268;1268;1265;1265;1262;1262;1259;1259;1256;1256;1253;1253;1250;1250;1248;1248;1245;1245;1242;1242;1239;1239;1236;1236;164
1697616447568395.gadget2d_resized_512x512.png;class_0;1.0;polygon;x values;24;19;19;24;24;144;149;202;206;235;240;283;288;404;409;457;462;481;486;539;543;664;668;712;717;741;745;779;784;1005;1010;1058;1063;1087;1092;1130;1135;1256;1260;1390;1395;1477;1482;1588;1592;2334;2338;2459;2459;2449;2444;2430;2425;2406;2401;2175;2170;2136;2131;2112;2107;2074;2069;1862;1857;1823;1819;1799;1795;1751;1746;1573;1568;1487;1482;1438;1434;1304;1299
1697616447568395.gadget2d_resized_512x512.png;class_0;1.0;polygon;y values;93;96;1327;1330;1333;1333;1335;1335;1338;1338;1341;1341;1344;1344;1347;1347;1350;1350;1353;1353;1356;1356;1359;1359;1362;1362;1365;1365;1368;1368;1371;1371;1374;1374;1376;1376;1379;1379;1382;1382;1385;1385;1388;1388;1391;1391;1394;1394;137;137;134;134;131;131;128;128;125;125;123;123;120;120;117;117;114;114;111;111;108;108;105;105;102;102;99;99;96;96;93
1699816802249244.gadget2d_resized_512x512.png;class_0;1.0;polygon;x values;24;19;19;24;24;28;33;81;86;245;250;298;303;327;332;370;375;510;514;543;548;558;563;596;601;842;847;899;904;933;938;1001;1005;1212;1217;1289;1294;1328;1333;1390;1395;2213;2218;2334;2338;2382;2387;2425;2430;2435;2459;2459;2261;2257;2237;2233;2218;2213;2189;2184;1900;1896;1857;1852;1833;1828;1790;1785;1588;1583;1544;1540;1520;1515;1467;1463
1699816802249244.gadget2d_resized_512x512.png;class_0;1.0;polygon;y values;82;84;1321;1324;1327;1327;1330;1330;1333;1333;1335;1335;1338;1338;1341;1341;1344;1344;1347;1347;1350;1350;1353;1353;1356;1356;1359;1359;1362;1362;1365;1365;1368;1368;1371;1371;1374;1374;1376;1376;1379;1379;1382;1382;1385;1385;1388;1388;1385;1388;1388;117;117;114;114;111;111;108;108;105;105;102;102;99;99;96;96;93;93;90;90;87;87;84;84;82
1700408820364177.gadget2d_resized_512x512.png;class_0;1.0;polygon;x values;1371;1366;1313;1309;1260;1256;1174;1169;880;875;837;832;813;808;770;765;476;471;442;437;428;423;399;394;216;211;187;182;168;163;134;129;24;19;19;24;24;67;72;635;640;1078;1082;1169;1174;1236;1241;1318;1323;1501;1506;1559;1564;1592;1597;1650;1655;1867;1872;1910;1915;1939;1944;1987;1992;2127;2131;2175;2180;2208;2213;2266;2271;2430;2435;2459;2459
1700408820364177.gadget2d_resized_512x512.png;class_0;1.0;polygon;y values;164;166;166;169;169;172;172;175;175;178;178;181;181;184;184;187;187;190;190;193;193;196;196;199;199;202;202;205;205;208;208;210;210;213;1286;1289;1291;1291;1289;1289;1286;1286;1283;1283;1280;1280;1277;1277;1274;1274;1271;1271;1268;1268;1265;1265;1262;1262;1259;1259;1256;1256;1253;1253;1250;1250;1248;1248;1245;1245;1242;1242;1239;1239;1236;1236;164
1698010181013071.gadget2d_resized_512x512.png;class_0;1.0;polygon;x values;640;635;486;481;437;433;428;423;24;19;19;24;24;28;91;96;308;312;399;404;437;442;500;505;625;630;673;678;697;702;750;755;1150;1155;1232;1236;1280;1284;1448;1453;1814;1819;2170;2175;2459;2459;2257;2252;2218;2213;2194;2189;2136;2131;1775;1771;1718;1713;1698;1694;1665;1660;803;798;683;678
1698010181013071.gadget2d_resized_512x512.png;class_0;1.0;polygon;y values;99;102;102;105;105;102;102;105;105;108;1344;1347;1350;1353;1353;1356;1356;1359;1359;1362;1362;1365;1365;1368;1368;1371;1371;1374;1374;1376;1376;1379;1379;1382;1382;1385;1385;1388;1388;1391;1391;1388;1388;1391;1391;128;128;125;125;123;123;120;120;117;117;114;114;111;111;108;108;105;105;102;102;99
1699069376302804.gadget2d_resized_512x512.png;class_0;1.0;polygon;x values;24;19;19;24;81;86;144;149;168;173;221;226;380;385;428;433;447;452;490;495;635;640;702;707;736;741;794;798;1078;1082;1130;1135;1164;1169;1241;1246;1520;1525;1617;1621;1713;1718;1977;1982;2459;2459;2439;2435;2208;2204;2170;2165;2146;2141;2098;2093;1852;1848;1819;1814;1795;1790;1751;1746;1477;1472;1371;1366;1318;1313;1222;1217
1699069376302804.gadget2d_resized_512x512.png;class_0;1.0;polygon;y values;70;73;1306;1309;1309;1312;1312;1315;1315;1318;1318;1321;1321;1324;1324;1327;1327;1330;1330;1333;1333;1335;1335;1338;1338;1341;1341;1344;1344;1347;1347;1350;1350;1353;1353;1356;1356;1359;1359;1362;1362;1365;1365;1368;1368;108;108;105;105;102;102;99;99;96;96;93;93;90;90;87;87;84;84;82;82;79;79;76;76;73;73;70
1699954924939775.gadget2d_resized_512x512.png;class_0;1.0;polygon;x values;741;736;726;721;726;726;731;731;712;707;702;640;635;389;385;327;322;308;303;264;259;28;19;19;24;24;750;755;1270;1275;1357;1361;1419;1424;1511;1515;1669;1674;1718;1722;1756;1761;1852;1857;1992;1997;2050;2054;2083;2088;2160;2165;2295;2300;2362;2367;2401;2406;2459;2459;2454;2449;2170;2165;2064;2059;2030;2026;1934;1929;1294;1289;1207;1203;1164;1159;1087;1082;1068;1044;1034;1029
1699954924939775.gadget2d_resized_512x512.png;class_0;1.0;polygon;y values;292;295;295;298;301;304;307;310;322;322;325;325;328;328;331;331;333;333;336;336;339;339;345;1400;1403;1406;1406;1403;1403;1400;1400;1397;1397;1394;1394;1391;1391;1388;1388;1385;1385;1382;1382;1379;1379;1376;1376;1374;1374;1371;1371;1368;1368;1365;1365;1362;1362;1359;1359;295;295;292;292;295;295;298;298;301;301;304;304;307;307;310;310;313;313;310;310;295;295;292
1697621411673549.gadget2d_resized_512x512.png;class_0;1.0;polygon;x values;24;19;19;24;163;168;226;231;259;264;346;351;490;495;548;553;577;582;630;635;741;745;779;784;808;813;885;890;1058;1063;1126;1130;1164;1169;1217;1222;1419;1424;1756;1761;1799;1804;1833;1838;1910;1915;1939;1949;1953;1963;1968;1973;1973;1968;1968;1973;1977;2016;2021;2459;2459;2329;2324;2295;2290;2281;2276;2242;2237;1982;1977;1934;1929;1910;1905;1862;1857;1641;1636;1602;1597;1583;1578;1540;1535;1082;1078;1010;1005;957;952;856;851;202;197;178;173
1697621411673549.gadget2d_resized_512x512.png;class_0;1.0;polygon;y values;23;26;1212;1215;1215;1218;1218;1221;1221;1224;1224;1227;1227;1230;1230;1233;1233;1236;1236;1239;1239;1242;1242;1245;1245;1248;1248;1250;1250;1253;1253;1256;1256;1259;1259;1262;1262;1265;1265;1268;1268;1271;1271;1274;1274;1277;1277;1283;1283;1289;1289;1291;1297;1300;1303;1303;1306;1306;1309;1309;70;70;67;67;64;64;61;61;58;58;55;55;52;52;49;49;46;46;43;43;41;41;38;38;35;35;32;32;29;29;26;26;23;23;26;26;23
1700108964388372.gadget2d_resized_512x512.png;class_0;1.0;polygon;x values;24;19;19;24;24;86;91;235;240;303;308;332;336;380;385;591;596;659;664;693;697;741;745;822;827;899;904;938;943;1015;1020;1164;1169;1236;1241;1284;1289;1366;1371;1559;1564;1920;1925;2112;2117;2377;2382;2459;2459;2314;2310;2266;2261;2247;2242;2208;2204;1977;1973;1934;1929;1915;1910;1876;1872;1679;1674;1602;1597;1568;1564;1506;1501;1116;1111;1058;1053;1025;1020;770;765
1700108964388372.gadget2d_resized_512x512.png;class_0;1.0;polygon;y values;82;84;1309;1312;1318;1318;1321;1321;1324;1324;1327;1327;1330;1330;1333;1333;1335;1335;1338;1338;1341;1341;1344;1344;1347;1347;1350;1350;1353;1353;1356;1356;1359;1359;1362;1362;1365;1365;1368;1368;1371;1371;1374;1374;1376;1376;1379;1379;128;128;125;125;123;123;120;120;117;117;114;114;111;111;108;108;105;105;102;102;99;99;96;96;93;93;90;90;87;87;84;84;82
1699813950188811.gadget2d_resized_512x512.png;class_0;1.0;polygon;x values;24;19;19;24;24;129;134;187;192;211;216;259;264;404;409;457;462;481;486;524;529;649;654;707;712;731;736;779;784;1063;1068;1121;1126;1145;1150;1183;1188;1515;1520;1669;1674;1746;1751;1867;1872;2459;2459;2387;2382;2353;2348;2334;2329;2310;2305;2074;2069;2026;2021;2002;1997;1949;1944;1689;1684;1655;1650;1636;1631;1602;1597;1241;1236;1058;1053;1010;1005;948;943
1699813950188811.gadget2d_resized_512x512.png;class_0;1.0;polygon;y values;93;96;1338;1341;1344;1344;1347;1347;1350;1350;1353;1353;1356;1356;1359;1359;1362;1362;1365;1365;1368;1368;1371;1371;1374;1374;1376;1376;1379;1379;1382;1382;1385;1385;1388;1388;1391;1391;1394;1394;1397;1397;1400;1400;1403;1403;140;140;137;137;134;134;131;131;128;128;125;125;123;123;120;120;117;117;114;114;111;111;108;108;105;105;102;102;99;99;96;96;93
1698291779999833.gadget2d_resized_512x512.png;class_0;1.0;polygon;x values;24;19;19;24;115;120;168;173;197;202;245;250;399;404;457;462;481;486;524;529;659;664;697;702;717;721;765;770;1049;1053;1102;1106;1130;1135;1174;1179;1381;1386;1467;1472;1506;1511;1559;1564;2228;2233;2449;2454;2459;2459;2449;2444;2430;2425;2189;2184;2141;2136;2117;2112;2074;2069;1876;1872;1838;1833;1823;1819;1775;1771;1515;1511;1414;1410;1366;1361;1289;1284;668;664;577;572;543;539;481;476
1698291779999833.gadget2d_resized_512x512.png;class_0;1.0;polygon;y values;105;108;1318;1321;1321;1324;1324;1327;1327;1330;1330;1333;1333;1335;1335;1338;1338;1341;1341;1344;1344;1347;1347;1350;1350;1353;1353;1356;1356;1359;1359;1362;1362;1365;1365;1368;1368;1371;1371;1374;1374;1376;1376;1379;1379;1382;1382;1385;1385;158;158;155;155;152;152;149;149;146;146;143;143;140;140;137;137;134;134;131;131;128;128;125;125;123;123;120;120;117;117;114;114;111;111;108;108;105
1700294077413768.gadget2d_resized_512x512.png;class_0;1.0;polygon;x values;1453;1448;1381;1376;1342;1337;1284;1280;909;904;827;822;798;794;755;750;490;486;452;447;433;428;380;375;149;144;38;33;0;0;4;9;741;745;933;938;1092;1097;1217;1222;1458;1463;1515;1520;1554;1559;1636;1641;1848;1852;1905;1910;1939;1944;2006;2011;2180;2184;2228;2233;2252;2257;2314;2319;2459;2459
1700294077413768.gadget2d_resized_512x512.png;class_0;1.0;polygon;y values;175;178;178;181;181;184;184;187;187;190;190;193;193;196;196;199;199;202;202;205;205;208;208;210;210;213;213;216;216;1300;1300;1297;1297;1294;1294;1291;1291;1289;1289;1286;1286;1283;1283;1280;1280;1277;1277;1274;1274;1271;1271;1268;1268;1265;1265;1262;1262;1259;1259;1256;1256;1253;1253;1250;1250;175
1699836203531570.gadget2d_resized_512x512.png;class_0;1.0;polygon;x values;1559;1554;1453;1448;1371;1366;1260;1256;919;914;875;871;851;847;794;789;486;481;457;452;437;433;399;394;197;192;125;120;72;67;24;24;19;19;28;105;110;601;606;649;654;693;697;1203;1207;1294;1299;1366;1371;1467;1472;1626;1631;1674;1679;1708;1713;1780;1785;2016;2021;2069;2074;2103;2107;2160;2165;2300;2305;2338;2343;2367;2372;2459;2459
1699836203531570.gadget2d_resized_512x512.png;class_0;1.0;polygon;y values;199;202;202;205;205;208;208;210;210;213;213;216;216;219;219;222;222;225;225;228;228;231;231;234;234;237;237;240;240;243;243;246;249;1309;1315;1315;1312;1312;1309;1309;1312;1312;1309;1309;1306;1306;1303;1303;1300;1300;1297;1297;1294;1294;1291;1291;1289;1289;1286;1286;1283;1283;1280;1280;1277;1277;1274;1274;1271;1271;1268;1268;1265;1265;199
1700399633196359.gadget2d_resized_512x512.png;class_0;1.0;polygon;x values;1366;1361;1284;1280;1207;1203;1116;1111;794;789;750;745;721;717;640;635;404;399;341;336;317;312;264;259;28;24;0;0;582;587;712;717;784;789;899;904;1318;1323;1405;1410;1458;1463;1540;1544;1775;1780;1852;1857;1891;1896;1949;1953;2156;2160;2204;2208;2228;2233;2276;2281;2459;2459
1700399633196359.gadget2d_resized_512x512.png;class_0;1.0;polygon;y values;164;166;166;169;169;172;172;175;175;178;178;181;181;184;184;187;187;190;190;193;193;196;196;199;199;202;202;1274;1274;1271;1271;1268;1268;1265;1265;1262;1262;1259;1259;1256;1256;1253;1253;1250;1250;1248;1248;1245;1245;1242;1242;1239;1239;1236;1236;1233;1233;1230;1230;1227;1227;164
1699969042091528.gadget2d_resized_512x512.png;class_0;1.0;polygon;x values;721;717;707;707;712;712;717;717;707;688;683;370;365;312;308;293;288;250;245;28;19;19;24;24;938;943;1265;1270;1376;1381;1525;1530;1660;1665;1703;1708;1727;1732;1790;1795;1963;1968;1992;1997;2006;2011;2040;2045;2319;2324;2391;2396;2459;2459;2069;2064;1896;1891;1602;1597;1400;1395;1357;1352;1193;1188;1073;1068;1049;1039;1044;1044;1039;1034;1029
1699969042091528.gadget2d_resized_512x512.png;class_0;1.0;polygon;y values;292;295;295;301;304;307;310;319;325;325;328;328;331;331;333;333;336;336;339;339;345;1420;1423;1426;1426;1423;1423;1420;1420;1417;1417;1415;1415;1412;1412;1409;1409;1406;1406;1403;1403;1400;1400;1397;1397;1394;1394;1391;1391;1388;1388;1385;1385;304;304;307;307;304;304;307;307;310;310;313;313;316;316;313;313;307;304;298;295;295;292
1699814233195383.gadget2d_resized_512x512.png;class_0;1.0;polygon;x values;24;19;19;28;91;96;125;129;178;182;341;346;385;389;404;409;437;442;582;587;620;625;635;640;678;683;938;943;1010;1015;1044;1049;1097;1102;1333;1337;1501;1506;1559;1564;1674;1679;2459;2459;2358;2353;2319;2314;2290;2285;2247;2242;1992;1987;1953;1949;1934;1929;1900;1896;1708;1703;1636;1631;1592;1588;1525;1520
1699814233195383.gadget2d_resized_512x512.png;class_0;1.0;polygon;y values;93;96;1330;1335;1335;1338;1338;1341;1341;1344;1344;1347;1347;1350;1350;1353;1353;1356;1356;1359;1359;1362;1362;1365;1365;1368;1368;1371;1371;1374;1374;1376;1376;1379;1379;1382;1382;1385;1385;1388;1388;1391;1391;128;128;125;125;123;123;120;120;117;117;114;114;111;111;108;108;105;105;102;102;99;99;96;96;93
1700319385675165.gadget2d_resized_512x512.png;class_0;1.0;polygon;x values;1410;1405;1328;1323;1294;1289;1227;1222;909;904;847;842;803;798;750;745;481;476;452;447;437;433;399;394;202;197;144;139;101;96;0;0;4;9;226;231;466;471;649;654;693;697;755;760;924;928;1260;1265;1352;1357;1405;1410;1511;1515;1703;1708;1756;1761;1790;1795;1852;1857;2040;2045;2083;2088;2107;2112;2165;2170;2319;2324;2382;2387;2411;2415;2459;2459
1700319385675165.gadget2d_resized_512x512.png;class_0;1.0;polygon;y values;175;178;178;181;181;184;184;187;187;190;190;193;193;196;196;199;199;202;202;205;205;208;208;210;210;213;213;216;216;219;219;1300;1300;1297;1297;1294;1294;1291;1291;1294;1294;1291;1291;1289;1289;1286;1286;1283;1283;1280;1280;1277;1277;1274;1274;1271;1271;1268;1268;1265;1265;1262;1262;1259;1259;1256;1256;1253;1253;1250;1250;1248;1248;1245;1245;1242;1242;175
1700071952626073.gadget2d_resized_512x512.png;class_0;1.0;polygon;x values;24;19;19;24;110;115;202;206;240;245;303;308;457;462;548;553;596;601;635;640;741;745;779;784;808;813;885;890;1029;1034;1102;1106;1135;1140;1179;1183;1352;1357;1482;1487;1597;1602;2002;2006;2459;2459;2343;2338;2295;2290;2266;2261;2213;2208;2026;2021;1987;1982;1973;1968;1934;1929;1698;1694;1636;1631;1597;1592;1525;1520;1241;1236;1174;1169;1135;1130;1020;1015
1700071952626073.gadget2d_resized_512x512.png;class_0;1.0;polygon;y values;105;108;1341;1344;1344;1347;1347;1350;1350;1353;1353;1356;1356;1359;1359;1362;1362;1365;1365;1368;1368;1371;1371;1374;1374;1376;1376;1379;1379;1382;1382;1385;1385;1388;1388;1391;1391;1394;1394;1397;1397;1400;1400;1403;1403;152;152;149;149;146;146;143;143;140;140;137;137;134;134;131;131;128;128;125;125;123;123;120;120;117;117;114;114;111;111;108;108;105
1699881667083224.gadget2d_resized_512x512.png;class_0;1.0;polygon;x values;2334;2329;2122;2117;1795;1790;1275;1270;1222;1217;1188;1183;1130;1126;745;741;697;693;678;673;635;630;399;394;351;346;327;322;288;283;28;19;19;24;24;139;144;206;211;697;702;750;755;1005;1010;1347;1352;1419;1424;1482;1487;1583;1588;1694;1698;1737;1742;1771;1775;1848;1852;2107;2112;2151;2156;2175;2180;2257;2261;2377;2382;2459;2459;2444;2439
1699881667083224.gadget2d_resized_512x512.png;class_0;1.0;polygon;y values;190;193;193;196;196;199;199;202;202;205;205;208;208;210;210;213;213;216;216;219;219;222;222;225;225;228;228;231;231;234;234;240;1312;1315;1318;1318;1321;1321;1318;1318;1315;1315;1312;1312;1309;1309;1306;1306;1303;1303;1300;1300;1297;1297;1294;1294;1291;1291;1289;1289;1286;1286;1283;1283;1280;1280;1277;1277;1274;1274;1271;1271;193;193;190
1698258898322302.gadget2d_resized_512x512.png;class_0;1.0;polygon;x values;24;19;19;24;129;134;182;187;206;211;240;245;437;442;490;495;514;519;563;567;702;707;741;745;760;765;818;822;1087;1092;1145;1150;1174;1179;1251;1256;1453;1458;1554;1559;1617;1621;1925;1929;2459;2459;2449;2444;2199;2194;2170;2165;2151;2146;2127;2122;1852;1848;1804;1799;1780;1775;1746;1742;1549;1544;1491;1487;1467;1463;1410;1405
1698258898322302.gadget2d_resized_512x512.png;class_0;1.0;polygon;y values;82;84;1318;1321;1321;1324;1324;1327;1327;1330;1330;1333;1333;1335;1335;1338;1338;1341;1341;1344;1344;1347;1347;1350;1350;1353;1353;1356;1356;1359;1359;1362;1362;1365;1365;1368;1368;1371;1371;1374;1374;1376;1376;1379;1379;120;120;117;117;114;114;111;111;108;108;105;105;102;102;99;99;96;96;93;93;90;90;87;87;84;84;82
1700083453870400.gadget2d_resized_512x512.png;class_0;1.0;polygon;x values;24;19;19;28;158;163;192;197;245;250;365;370;428;433;457;462;519;524;688;693;745;750;765;770;798;803;948;952;1029;1034;1073;1078;1130;1135;1246;1251;1328;1333;1410;1414;1506;1511;2098;2103;2329;2334;2459;2459;2218;2213;2184;2180;2170;2165;2136;2131;1886;1881;1843;1838;1823;1819;1761;1756;1592;1588;1491;1487;1453;1448;1410;1405;1020;1015;914;909;808;803;673;668
1700083453870400.gadget2d_resized_512x512.png;class_0;1.0;polygon;y values;93;96;1330;1335;1335;1338;1338;1341;1341;1344;1344;1347;1347;1350;1350;1353;1353;1356;1356;1359;1359;1362;1362;1365;1365;1368;1368;1371;1371;1374;1374;1376;1376;1379;1379;1382;1382;1385;1385;1388;1388;1391;1391;1394;1394;1397;1397;140;140;137;137;134;134;131;131;128;128;125;125;123;123;120;120;117;117;114;114;111;111;108;108;105;105;102;102;99;99;96;96;93
1699055527995910.gadget2d_resized_512x512.png;class_0;1.0;polygon;x values;24;19;19;24;129;134;187;192;211;216;259;264;437;442;481;486;510;514;543;548;668;673;707;712;731;736;871;875;1097;1102;1159;1164;1183;1188;1265;1270;1530;1535;1698;1703;1785;1790;2040;2045;2459;2459;2343;2338;2314;2310;2295;2290;2266;2261;2026;2021;1977;1973;1944;1939;1896;1891;1679;1674;1641;1636;1626;1621;1592;1588;1097;1092;991;986;943;938;871;866
1699055527995910.gadget2d_resized_512x512.png;class_0;1.0;polygon;y values;70;73;1318;1321;1321;1324;1324;1327;1327;1330;1330;1333;1333;1335;1335;1338;1338;1341;1341;1344;1344;1347;1347;1350;1350;1353;1353;1356;1356;1359;1359;1362;1362;1365;1365;1368;1368;1371;1371;1374;1374;1376;1376;1379;1379;117;117;114;114;111;111;108;108;105;105;102;102;99;99;96;96;93;93;90;90;87;87;84;84;82;82;79;79;76;76;73;73;70
1699933250699909.gadget2d_resized_512x512.png;class_0;1.0;polygon;x values;24;19;19;24;77;81;168;173;206;211;259;264;404;409;466;471;490;495;543;548;659;664;717;721;745;750;789;794;996;1001;1058;1063;1116;1121;1169;1174;1265;1270;1472;1477;1631;1636;1703;1708;2459;2459;2319;2314;2252;2247;2218;2213;2170;2165;1949;1944;1900;1896;1876;1872;1823;1819;1669;1665;1597;1592;1564;1559;1525;1520;1078;1073;948;943;871;866;798;794
1699933250699909.gadget2d_resized_512x512.png;class_0;1.0;polygon;y values;105;108;1341;1344;1344;1347;1347;1350;1350;1353;1353;1356;1356;1359;1359;1362;1362;1365;1365;1368;1368;1371;1371;1374;1374;1376;1376;1379;1379;1382;1382;1385;1385;1388;1388;1391;1391;1394;1394;1397;1397;1400;1400;1403;1403;152;152;149;149;146;146;143;143;140;140;137;137;134;134;131;131;128;128;125;125;123;123;120;120;117;117;114;114;111;111;108;108;105
1699989041323800.gadget2d_resized_512x512.png;class_0;1.0;polygon;x values;2035;2030;1852;1848;1722;1718;1559;1554;1053;1049;1029;1025;1015;1010;890;885;842;837;784;779;741;736;726;721;717;712;707;702;505;500;442;437;418;413;385;380;115;110;62;57;28;24;0;0;9;14;57;62;351;356;447;452;649;654;741;745;1376;1381;1472;1477;1520;1525;1621;1626;1766;1771;1828;1833;1872;1876;1963;1968;2156;2160;2194;2199;2218;2223;2281;2285;2459;2459
1699989041323800.gadget2d_resized_512x512.png;class_0;1.0;polygon;y values;281;284;284;287;287;290;290;292;292;290;290;287;287;284;284;287;287;290;290;292;292;295;295;298;298;301;301;304;304;307;307;310;310;313;313;316;316;319;319;322;322;325;325;1397;1397;1394;1394;1391;1391;1394;1394;1397;1397;1394;1394;1391;1391;1388;1388;1385;1385;1382;1382;1379;1379;1376;1376;1374;1374;1371;1371;1368;1368;1365;1365;1362;1362;1359;1359;1356;1356;281
1700399669190290.gadget2d_resized_512x512.png;class_0;1.0;polygon;x values;1241;1236;1193;1188;1169;1164;1092;1087;789;784;712;707;654;649;471;466;370;365;341;336;327;322;298;293;28;24;0;0;9;14;24;28;33;48;52;717;721;1078;1082;1309;1313;1352;1357;1540;1544;1669;1674;1718;1722;1751;1756;1833;1838;2069;2074;2103;2107;2127;2131;2170;2175;2411;2415;2459;2459
1700399669190290.gadget2d_resized_512x512.png;class_0;1.0;polygon;y values;152;155;155;158;158;161;161;164;164;166;166;169;169;172;172;175;175;178;178;181;181;184;184;187;187;190;190;1259;1259;1256;1256;1253;1256;1256;1253;1253;1250;1250;1248;1248;1245;1245;1242;1242;1239;1239;1236;1236;1233;1233;1230;1230;1227;1227;1224;1224;1221;1221;1218;1218;1215;1215;1212;1212;152
1700294637418237.gadget2d_resized_512x512.png;class_0;1.0;polygon;x values;1501;1496;1410;1405;1371;1366;1304;1299;991;986;919;914;875;871;818;813;500;495;471;466;452;447;409;404;216;211;168;163;134;129;77;72;0;0;19;24;283;288;303;308;389;394;428;433;519;524;582;587;616;620;712;717;1092;1097;1241;1246;1313;1318;1386;1390;1592;1597;1650;1655;1689;1694;1756;1761;1963;1968;2011;2016;2040;2045;2103;2107;2237;2242;2285;2290;2319;2324;2367;2372;2459;2459
1700294637418237.gadget2d_resized_512x512.png;class_0;1.0;polygon;y values;175;178;178;181;181;184;184;187;187;190;190;193;193;196;196;199;199;202;202;205;205;208;208;210;210;213;213;216;216;219;219;222;222;1306;1306;1303;1303;1300;1300;1303;1303;1306;1306;1303;1303;1306;1306;1303;1303;1300;1300;1297;1297;1294;1294;1291;1291;1289;1289;1286;1286;1283;1283;1280;1280;1277;1277;1274;1274;1271;1271;1268;1268;1265;1265;1262;1262;1259;1259;1256;1256;1253;1253;1250;1250;175
1698663958978067.gadget2d_resized_512x512.png;class_0;1.0;polygon;x values;24;19;19;24;38;43;129;134;158;163;206;211;360;365;413;418;437;442;481;486;659;664;721;726;745;750;784;789;1020;1025;1092;1097;1135;1140;1212;1217;1376;1381;1525;1530;1592;1597;1785;1790;1828;1833;1838;1843;2459;2459;2449;2444;2430;2425;2199;2194;2156;2151;2136;2131;2088;2083;1848;1843;1809;1804;1785;1780;1742;1737;1491;1487;1395;1390;1333;1328;1260;1256
1698663958978067.gadget2d_resized_512x512.png;class_0;1.0;polygon;y values;70;73;1306;1309;1309;1312;1312;1315;1315;1318;1318;1321;1321;1324;1324;1327;1327;1330;1330;1333;1333;1335;1335;1338;1338;1341;1341;1344;1344;1347;1347;1350;1350;1353;1353;1356;1356;1359;1359;1362;1362;1365;1365;1368;1368;1365;1365;1368;1368;111;111;108;108;105;105;102;102;99;99;96;96;93;93;90;90;87;87;84;84;82;82;79;79;76;76;73;73;70
1699795699813904.gadget2d_resized_512x512.png;class_0;1.0;polygon;x values;24;19;19;28;101;105;139;144;197;202;317;322;389;394;423;428;495;500;630;635;673;678;697;702;731;736;938;943;1034;1039;1087;1092;1135;1140;1232;1236;1318;1323;1357;1361;1443;1448;1862;1867;2285;2290;2367;2372;2406;2411;2425;2430;2459;2459;2218;2213;2170;2165;2146;2141;2122;2117;1891;1886;1843;1838;1819;1814;1771;1766;1631;1626;1549;1544;1515;1511;1472;1467;962;957;861;856;803;798;707;702
1699795699813904.gadget2d_resized_512x512.png;class_0;1.0;polygon;y values;70;73;1318;1324;1324;1327;1327;1330;1330;1333;1333;1335;1335;1338;1338;1341;1341;1344;1344;1347;1347;1350;1350;1353;1353;1356;1356;1359;1359;1362;1362;1365;1365;1368;1368;1371;1371;1374;1374;1376;1376;1379;1379;1382;1382;1385;1385;1388;1388;1385;1385;1388;1388;117;117;114;114;111;111;108;108;105;105;102;102;99;99;96;96;93;93;90;90;87;87;84;84;82;82;79;79;76;76;73;73;70
1700293063401713.gadget2d_resized_512x512.png;class_0;1.0;polygon;x values;1910;1905;1780;1775;1645;1641;1496;1491;1116;1111;1044;1039;1005;1001;948;943;529;524;486;481;466;462;428;423;221;216;192;187;178;173;149;144;0;0;19;24;423;428;476;481;558;563;591;596;933;938;1063;1068;1135;1140;1318;1323;1511;1515;1583;1588;1631;1636;1708;1713;1973;1977;2016;2021;2050;2054;2093;2098;2237;2242;2295;2300;2329;2334;2401;2406;2459;2459
1700293063401713.gadget2d_resized_512x512.png;class_0;1.0;polygon;y values;164;166;166;169;169;172;172;175;175;178;178;181;181;184;184;187;187;190;190;193;193;196;196;199;199;202;202;205;205;208;208;210;210;1289;1289;1286;1286;1289;1289;1286;1286;1289;1289;1286;1286;1283;1283;1280;1280;1277;1277;1274;1274;1271;1271;1268;1268;1265;1265;1262;1262;1259;1259;1256;1256;1253;1253;1250;1250;1248;1248;1245;1245;1242;1242;1239;1239;164
1698678969297372.gadget2d_resized_512x512.png;class_0;1.0;polygon;x values;24;19;19;28;206;211;264;269;298;303;360;365;476;481;529;534;553;558;601;606;760;765;827;832;875;880;967;972;1111;1116;1164;1169;1203;1207;1256;1260;1597;1602;1804;1809;1958;1963;2175;2180;2459;2459;2435;2430;2401;2396;2377;2372;2348;2343;2127;2122;2083;2079;2059;2054;2011;2006;1771;1766;1737;1732;1718;1713;1694;1689;1491;1487;1357;1352;1299;1294;1179;1174
1698678969297372.gadget2d_resized_512x512.png;class_0;1.0;polygon;y values;93;96;1327;1333;1333;1335;1335;1338;1338;1341;1341;1344;1344;1347;1347;1350;1350;1353;1353;1356;1356;1359;1359;1362;1362;1365;1365;1368;1368;1371;1371;1374;1374;1376;1376;1379;1379;1382;1382;1385;1385;1388;1388;1391;1391;140;140;137;137;134;134;131;131;128;128;125;125;123;123;120;120;117;117;114;114;111;111;108;108;105;105;102;102;99;99;96;96;93
1697575995702889.gadget2d_resized_512x512.png;class_0;1.0;polygon;x values;0;0;72;77;197;202;274;279;317;322;360;365;442;447;514;519;587;591;640;644;760;765;794;798;847;851;948;952;1097;1102;1155;1159;1207;1212;1251;1256;1323;1328;1482;1487;1544;1549;1761;1766;1872;1876;1925;1929;2459;2459;2444;2439;2420;2415;2213;2208;2170;2165;2146;2141;2107;2103;1852;1848;1751;1746;1718;1713;1689;1684;1631;1626;1525;1520;1477;1472;1410;1405;861;856;798;794;774;770;741;736
1697575995702889.gadget2d_resized_512x512.png;class_0;1.0;polygon;y values;82;1330;1330;1333;1333;1335;1335;1338;1338;1341;1341;1344;1344;1347;1347;1350;1350;1353;1353;1356;1356;1359;1359;1362;1362;1365;1365;1368;1368;1371;1371;1374;1374;1376;1376;1379;1379;1382;1382;1385;1385;1388;1388;1391;1391;1388;1388;1391;1391;134;134;131;131;128;128;125;125;123;123;120;120;117;117;114;114;111;111;108;108;105;105;102;102;99;99;96;96;93;93;90;90;87;87;84;84;82
1699835973528998.gadget2d_resized_512x512.png;class_0;1.0;polygon;x values;1015;1010;948;943;924;919;875;871;490;486;452;447;437;433;399;394;197;192;158;154;139;134;91;86;24;19;19;24;1198;1203;1313;1318;1361;1366;1463;1467;1645;1650;1679;1684;1703;1708;1737;1742;1814;1819;2083;2088;2122;2127;2204;2208;2348;2353;2382;2387;2420;2425;2435;2439;2459;2459
1699835973528998.gadget2d_resized_512x512.png;class_0;1.0;polygon;y values;222;225;225;228;228;231;231;234;234;237;237;240;240;243;243;246;246;249;249;251;251;254;254;257;257;260;1318;1321;1321;1318;1318;1315;1315;1312;1312;1309;1309;1306;1306;1303;1303;1300;1300;1297;1297;1294;1294;1291;1291;1289;1289;1286;1286;1283;1283;1280;1280;1277;1277;1280;1280;222
1698266672528669.gadget2d_resized_512x512.png;class_0;1.0;polygon;x values;24;19;19;24;72;77;144;149;192;197;255;259;394;399;437;442;466;471;514;519;654;659;721;726;750;755;794;798;986;991;1049;1053;1078;1082;1130;1135;1275;1280;1395;1400;1438;1443;1491;1496;2170;2175;2459;2459;2425;2420;2411;2406;2372;2367;2146;2141;2103;2098;2088;2083;2050;2045;1819;1814;1780;1775;1761;1756;1732;1727;1549;1544;1429;1424;1352;1347;1284;1280
1698266672528669.gadget2d_resized_512x512.png;class_0;1.0;polygon;y values;93;96;1330;1333;1333;1335;1335;1338;1338;1341;1341;1344;1344;1347;1347;1350;1350;1353;1353;1356;1356;1359;1359;1362;1362;1365;1365;1368;1368;1371;1371;1374;1374;1376;1376;1379;1379;1382;1382;1385;1385;1388;1388;1391;1391;1394;1394;137;137;134;134;131;131;128;128;125;125;123;123;120;120;117;117;114;114;111;111;108;108;105;105;102;102;99;99;96;96;93
1698109590129332.gadget2d_resized_512x512.png;class_0;1.0;polygon;x values;24;19;19;24;24;67;72;105;110;163;168;322;327;370;375;394;399;437;442;606;611;664;668;693;697;741;745;972;976;1029;1034;1063;1068;1135;1140;1333;1337;1467;1472;1525;1530;1626;1631;2459;2459;2362;2358;2329;2324;2319;2314;2285;2281;2064;2059;2016;2011;1987;1982;1934;1929;1737;1732;1703;1698;1679;1674;1650;1645;1289;1284;1150;1145;1063;1058;976;972
1698109590129332.gadget2d_resized_512x512.png;class_0;1.0;polygon;y values;70;73;1306;1309;1312;1312;1315;1315;1318;1318;1321;1321;1324;1324;1327;1327;1330;1330;1333;1333;1335;1335;1338;1338;1341;1341;1344;1344;1347;1347;1350;1350;1353;1353;1356;1356;1359;1359;1362;1362;1365;1365;1368;1368;117;117;114;114;111;111;108;108;105;105;102;102;99;99;96;96;93;93;90;90;87;87;84;84;82;82;79;79;76;76;73;73;70
1698700965748556.gadget2d_resized_512x512.png;class_0;1.0;polygon;x values;24;19;19;24;24;28;62;67;115;120;255;259;317;322;341;346;394;399;529;534;587;591;620;625;673;678;794;798;880;885;938;943;1049;1053;1164;1169;1227;1232;1256;1260;1318;1323;1588;1592;1900;1905;1992;1997;2459;2459;2285;2281;2252;2247;2233;2228;2204;2199;1973;1968;1939;1934;1920;1915;1891;1886;1679;1674;1621;1617;1583;1578;1515;1511
1698700965748556.gadget2d_resized_512x512.png;class_0;1.0;polygon;y values;93;96;1318;1321;1324;1327;1327;1330;1330;1333;1333;1335;1335;1338;1338;1341;1341;1344;1344;1347;1347;1350;1350;1353;1353;1356;1356;1359;1359;1362;1362;1365;1365;1368;1368;1371;1371;1374;1374;1376;1376;1379;1379;1382;1382;1385;1385;1388;1388;128;128;125;125;123;123;120;120;117;117;114;114;111;111;108;108;105;105;102;102;99;99;96;96;93
1698245810049820.gadget2d_resized_512x512.png;class_0;1.0;polygon;x values;24;19;19;24;24;38;43;129;134;255;259;317;322;341;346;389;394;543;548;596;601;625;630;668;673;789;794;866;871;928;933;1010;1015;1135;1140;1183;1188;1212;1217;1280;1284;1564;1568;1718;1722;1843;1848;2064;2069;2459;2459;2449;2444;2420;2415;2184;2180;2146;2141;2127;2122;2074;2069;1857;1852;1819;1814;1790;1785;1751;1746;1583;1578;1458;1453;1371;1366;1289;1284
1698245810049820.gadget2d_resized_512x512.png;class_0;1.0;polygon;y values;93;96;1321;1324;1327;1327;1330;1330;1333;1333;1335;1335;1338;1338;1341;1341;1344;1344;1347;1347;1350;1350;1353;1353;1356;1356;1359;1359;1362;1362;1365;1365;1368;1368;1371;1371;1374;1374;1376;1376;1379;1379;1382;1382;1385;1385;1388;1388;1391;1391;134;134;131;131;128;128;125;125;123;123;120;120;117;117;114;114;111;111;108;108;105;105;102;102;99;99;96;96;93
1698054097940885.gadget2d_resized_512x512.png;class_0;1.0;polygon;x values;24;19;19;28;67;72;129;134;279;283;322;327;346;351;389;394;553;558;606;611;630;635;678;683;851;856;943;948;996;1001;1073;1078;1203;1207;1275;1280;1333;1337;1477;1482;2054;2059;2228;2233;2396;2401;2459;2459;2290;2285;2257;2252;2247;2242;2213;2208;1997;1992;1944;1939;1915;1910;1862;1857;1641;1636;1597;1592;1578;1573;1549;1544;1073;1068;972;967;924;919;803;798
1698054097940885.gadget2d_resized_512x512.png;class_0;1.0;polygon;y values;70;73;1309;1315;1315;1318;1318;1321;1321;1324;1324;1327;1327;1330;1330;1333;1333;1335;1335;1338;1338;1341;1341;1344;1344;1347;1347;1350;1350;1353;1353;1356;1356;1359;1359;1362;1362;1365;1365;1368;1368;1371;1371;1374;1374;1376;1376;117;117;114;114;111;111;108;108;105;105;102;102;99;99;96;96;93;93;90;90;87;87;84;84;82;82;79;79;76;76;73;73;70
1700407913493826.gadget2d_resized_512x512.png;class_0;1.0;polygon;x values;24;19;19;24;81;86;168;173;202;206;250;255;409;413;471;476;505;510;577;582;741;745;770;774;789;794;866;871;1092;1097;1150;1155;1174;1179;1251;1256;1496;1501;1708;1713;1780;1785;1891;1896;2459;2459;2439;2435;2358;2353;2146;2141;2107;2103;2098;2093;2064;2059;1814;1809;1761;1756;1742;1737;1689;1684;1520;1515;1448;1443;1400;1395;1246;1241
1700407913493826.gadget2d_resized_512x512.png;class_0;1.0;polygon;y values;82;84;1318;1321;1321;1324;1324;1327;1327;1330;1330;1333;1333;1335;1335;1338;1338;1341;1341;1344;1344;1347;1347;1350;1350;1353;1353;1356;1356;1359;1359;1362;1362;1365;1365;1368;1368;1371;1371;1374;1374;1376;1376;1379;1379;123;123;120;120;117;117;114;114;111;111;108;108;105;105;102;102;99;99;96;96;93;93;90;90;87;87;84;84;82
1700343371145001.gadget2d_resized_512x512.png;class_0;1.0;polygon;x values;43;43;38;38;43;43;81;86;1179;1183;1357;1361;1419;1424;1472;1477;1520;1525;1568;1573;1592;1597;1626;1631;1689;1694;1746;1751;1771;1775;1799;1804;1852;1857;1896;1900;1920;1925;1949;1953;2011;2016;2050;2054;2069;2074;2098;2103;2136;2141;2170;2175;2194;2199;2242;2247;2459;2459;2396;2391;2377;2372;2358;2353;2310;2305;2285;2281;2276;2271;2257;2252;2208;2204;2180;2170;2160;2156;2131;2127;2112;2107;2103;2098;2093;2088;2050;2045;2026;2016;2006;2002;1982;1977;1968;1953;1953;1944;1944;1487;1487;1477;1477;1472;1472;1458;1458;1453;1453;1458;1458;1463;1463;1467;1467;1472;1472;1467;1467;1463;1463;1448;1448;1458;1463;1467;1472;1477;1477;1482;1482;1491;1491;1496;1496;1501;1501;1496;1496;1477;1467;1463;1448;1429;1429;1434;1434;1438;1438;1443;1443;1448;1448;1434;1429;1424;1395;1390;1352;1347;1299;1294;1265;1260;1256;1246;1246;1251;1251;1246;1222;1217;1198;1193;1106;1102;1082;1078;1063;1058;1049;1039;1039;1034;1034;1039;1039;1034;1034;1029;1029;1025;1025;1020;1020;1015;1015;1010;1010;1005;1005;1001;1001;996;996;991;991;986;986;981;981;976;976
1700343371145001.gadget2d_resized_512x512.png;class_0;1.0;polygon;y values;0;5;8;1253;1256;1259;1259;1262;1262;1265;1265;1268;1268;1271;1271;1274;1274;1277;1277;1280;1280;1283;1283;1286;1286;1289;1289;1291;1291;1294;1294;1297;1297;1300;1300;1303;1303;1306;1306;1309;1309;1312;1312;1315;1315;1318;1318;1321;1321;1324;1324;1327;1327;1330;1330;1333;1333;79;79;76;76;73;73;70;70;67;67;64;64;61;61;58;58;55;55;49;49;46;46;43;43;41;41;38;38;35;35;32;32;26;26;23;23;20;20;11;8;2;0;0;5;11;14;17;20;29;32;35;43;46;49;52;58;61;70;73;102;105;108;111;114;123;140;146;146;149;149;152;155;158;161;166;169;172;178;181;190;193;196;208;208;210;210;222;231;234;237;240;246;249;254;257;272;281;281;284;284;287;287;284;284;281;281;278;278;272;254;251;249;246;246;249;249;251;251;249;249;246;246;243;243;237;228;225;222;219;216;213;208;205;196;193;181;178;158;155;143;140;128;125;82;79;64;61;52;49;38;35;32;29;20;17;0
1699998016052951.gadget2d_resized_512x512.png;class_0;1.0;polygon;x values;24;19;19;24;24;81;86;235;240;293;298;322;327;365;370;486;490;596;601;630;635;673;678;765;770;813;818;861;866;938;943;1102;1106;1169;1174;1203;1207;1256;1260;1453;1458;1568;1573;1963;1968;2146;2151;2459;2459;2348;2343;2319;2314;2261;2257;2059;2054;2016;2011;1992;1987;1944;1939;1708;1703;1655;1650;1621;1617;1559;1554;1289;1284;1222;1217;1183;1179;1102;1097
1699998016052951.gadget2d_resized_512x512.png;class_0;1.0;polygon;y values;105;108;1335;1338;1341;1341;1344;1344;1347;1347;1350;1350;1353;1353;1356;1356;1359;1359;1362;1362;1365;1365;1368;1368;1371;1371;1374;1374;1376;1376;1379;1379;1382;1382;1385;1385;1388;1388;1391;1391;1394;1394;1397;1397;1400;1400;1403;1403;149;149;146;146;143;143;140;140;137;137;134;134;131;131;128;128;125;125;123;123;120;120;117;117;114;114;111;111;108;108;105
1698662160944259.gadget2d_resized_512x512.png;class_0;1.0;polygon;x values;24;19;19;24;24;67;72;134;139;293;298;351;356;375;380;437;442;625;630;702;707;736;741;784;789;1039;1044;1092;1097;1126;1130;1183;1188;1443;1448;1607;1612;1708;1713;2079;2083;2459;2459;2444;2439;2420;2415;2180;2175;2136;2131;2112;2107;2059;2054;1838;1833;1799;1795;1771;1766;1732;1727;1463;1458;1318;1313;1260;1256;1130;1126
1698662160944259.gadget2d_resized_512x512.png;class_0;1.0;polygon;y values;70;73;1309;1312;1315;1315;1318;1318;1321;1321;1324;1324;1327;1327;1330;1330;1333;1333;1335;1335;1338;1338;1341;1341;1344;1344;1347;1347;1350;1350;1353;1353;1356;1356;1359;1359;1362;1362;1365;1365;1368;1368;111;111;108;108;105;105;102;102;99;99;96;96;93;93;90;90;87;87;84;84;82;82;79;79;76;76;73;73;70
1699851992974197.gadget2d_resized_512x512.png;class_0;1.0;polygon;x values;24;19;19;28;168;173;231;235;264;269;317;322;433;437;486;490;510;514;548;553;712;717;774;779;798;803;871;875;1097;1102;1150;1155;1174;1179;1217;1222;1458;1463;1597;1602;1655;1660;1737;1742;2459;2459;2372;2367;2310;2305;2281;2276;2223;2218;2054;2050;2002;1997;1934;1929;1876;1872;1708;1703;1636;1631;1597;1592;1549;1544;1164;1159;1078;1073;1044;1039;981;976
1699851992974197.gadget2d_resized_512x512.png;class_0;1.0;polygon;y values;82;84;1327;1333;1333;1335;1335;1338;1338;1341;1341;1344;1344;1347;1347;1350;1350;1353;1353;1356;1356;1359;1359;1362;1362;1365;1365;1368;1368;1371;1371;1374;1374;1376;1376;1379;1379;1382;1382;1385;1385;1388;1388;1391;1391;128;128;125;125;123;123;120;120;117;117;114;114;111;111;108;108;105;105;102;102;99;99;96;96;93;93;90;90;87;87;84;84;82
1698220211489689.gadget2d_resized_512x512.png;class_0;1.0;polygon;x values;24;19;19;24;134;139;187;192;211;216;269;274;442;447;490;495;510;514;543;548;668;673;731;736;760;765;832;837;1106;1111;1164;1169;1188;1193;1251;1256;1669;1674;2026;2030;2079;2083;2242;2247;2367;2372;2401;2406;2439;2444;2459;2459;2435;2430;2420;2415;2387;2382;2136;2131;2093;2088;2069;2064;2021;2016;1795;1790;1756;1751;1742;1737;1708;1703;1467;1463;1313;1309;1275;1270;1097;1092
1698220211489689.gadget2d_resized_512x512.png;class_0;1.0;polygon;y values;93;96;1341;1344;1344;1347;1347;1350;1350;1353;1353;1356;1356;1359;1359;1362;1362;1365;1365;1368;1368;1371;1371;1374;1374;1376;1376;1379;1379;1382;1382;1385;1385;1388;1388;1391;1391;1394;1394;1391;1391;1394;1394;1397;1397;1400;1400;1397;1397;1400;1400;137;137;134;134;131;131;128;128;125;125;123;123;120;120;117;117;114;114;111;111;108;108;105;105;102;102;99;99;96;96;93
1698318292552010.gadget2d_resized_512x512.png;class_0;1.0;polygon;x values;24;19;19;28;62;67;91;96;139;144;317;322;385;389;409;413;462;466;591;596;654;659;678;683;712;717;972;976;1053;1058;1102;1106;1159;1164;1309;1313;1414;1419;1467;1472;1525;1530;2208;2213;2439;2444;2459;2459;2329;2324;2295;2290;2281;2276;2242;2237;1997;1992;1944;1939;1920;1915;1881;1876;1679;1674;1641;1636;1621;1617;1583;1578
1698318292552010.gadget2d_resized_512x512.png;class_0;1.0;polygon;y values;82;84;1318;1324;1324;1327;1327;1330;1330;1333;1333;1335;1335;1338;1338;1341;1341;1344;1344;1347;1347;1350;1350;1353;1353;1356;1356;1359;1359;1362;1362;1365;1365;1368;1368;1371;1371;1374;1374;1376;1376;1379;1379;1382;1382;1385;1385;117;117;114;114;111;111;108;108;105;105;102;102;99;99;96;96;93;93;90;90;87;87;84;84;82
1700287354715372.gadget2d_resized_512x512.png;class_0;1.0;polygon;x values;1318;1313;1256;1251;1217;1212;1159;1155;842;837;784;779;755;750;688;683;413;409;385;380;365;360;327;322;96;91;14;9;0;0;9;14;856;861;1025;1029;1121;1126;1232;1236;1491;1496;1549;1554;1583;1588;1650;1655;1852;1857;1905;1910;1934;1939;1977;1982;2146;2151;2189;2194;2213;2218;2261;2266;2459;2459
1700287354715372.gadget2d_resized_512x512.png;class_0;1.0;polygon;y values;175;178;178;181;181;184;184;187;187;190;190;193;193;196;196;199;199;202;202;205;205;208;208;210;210;213;213;216;216;1300;1300;1297;1297;1294;1294;1291;1291;1289;1289;1286;1286;1283;1283;1280;1280;1277;1277;1274;1274;1271;1271;1268;1268;1265;1265;1262;1262;1259;1259;1256;1256;1253;1253;1250;1250;175
1698025632333113.gadget2d_resized_512x512.png;class_0;1.0;polygon;x values;24;19;19;24;24;163;168;221;226;250;255;293;298;433;437;476;481;510;514;553;558;717;721;770;774;803;808;895;899;1073;1078;1130;1135;1155;1159;1203;1207;1458;1463;1554;1559;1617;1621;1823;1828;2459;2459;2449;2444;2435;2430;2411;2406;2175;2170;2136;2131;2112;2107;2074;2069;1857;1852;1819;1814;1795;1790;1751;1746;1588;1583;1463;1458;1410;1405;1328;1323
1698025632333113.gadget2d_resized_512x512.png;class_0;1.0;polygon;y values;93;96;1327;1330;1333;1333;1335;1335;1338;1338;1341;1341;1344;1344;1347;1347;1350;1350;1353;1353;1356;1356;1359;1359;1362;1362;1365;1365;1368;1368;1371;1371;1374;1374;1376;1376;1379;1379;1382;1382;1385;1385;1388;1388;1391;1391;137;137;134;134;131;131;128;128;125;125;123;123;120;120;117;117;114;114;111;111;108;108;105;105;102;102;99;99;96;96;93
1700295805430547.gadget2d_resized_512x512.png;class_0;1.0;polygon;x values;1795;1790;1665;1660;1597;1592;1506;1501;1169;1164;1087;1082;1034;1029;967;962;707;702;668;664;635;630;553;548;356;351;298;293;279;274;226;221;24;19;0;0;4;9;62;67;798;803;1130;1135;1212;1217;1304;1309;1511;1515;1583;1588;1626;1631;1703;1708;1905;1910;1958;1963;1992;1997;2054;2059;2199;2204;2242;2247;2276;2281;2348;2353;2459;2459
1700295805430547.gadget2d_resized_512x512.png;class_0;1.0;polygon;y values;175;178;178;181;181;184;184;187;187;190;190;193;193;196;196;199;199;202;202;205;205;208;208;210;210;213;213;216;216;219;219;222;222;225;225;1303;1303;1300;1300;1297;1297;1294;1294;1291;1291;1289;1289;1286;1286;1283;1283;1280;1280;1277;1277;1274;1274;1271;1271;1268;1268;1265;1265;1262;1262;1259;1259;1256;1256;1253;1253;1250;1250;175
1700069366574657.gadget2d_resized_512x512.png;class_0;1.0;polygon;x values;24;19;19;24;24;91;96;226;231;298;303;332;336;385;389;514;519;606;611;635;640;678;683;784;789;856;861;899;904;981;986;1121;1126;1179;1183;1212;1217;1270;1275;1559;1564;1973;1977;2054;2059;2257;2261;2459;2459;2338;2334;2295;2290;2281;2276;2247;2242;2030;2026;1977;1973;1949;1944;1905;1900;1626;1621;1568;1564;1549;1544;1515;1511;1246;1241;1150;1145;1078;1073;972;967
1700069366574657.gadget2d_resized_512x512.png;class_0;1.0;polygon;y values;117;120;1333;1335;1341;1341;1344;1344;1347;1347;1350;1350;1353;1353;1356;1356;1359;1359;1362;1362;1365;1365;1368;1368;1371;1371;1374;1374;1376;1376;1379;1379;1382;1382;1385;1385;1388;1388;1391;1391;1394;1394;1397;1397;1400;1400;1403;1403;164;164;161;161;158;158;155;155;152;152;149;149;146;146;143;143;140;140;137;137;134;134;131;131;128;128;125;125;123;123;120;120;117
1698296339097488.gadget2d_resized_512x512.png;class_0;1.0;polygon;x values;24;19;19;24;24;72;77;110;115;158;163;288;293;332;336;356;360;404;409;510;514;548;553;567;572;606;611;697;702;750;755;789;794;880;885;1102;1106;1155;1159;1174;1179;1241;1246;1588;1592;2050;2054;2122;2127;2285;2290;2415;2420;2444;2449;2459;2459;2430;2425;2387;2382;2367;2362;2338;2334;2107;2103;2064;2059;2040;2035;1987;1982;1751;1746;1713;1708;1703;1698;1674;1669;1515;1511;1284;1280;1232;1227;1159;1155
1698296339097488.gadget2d_resized_512x512.png;class_0;1.0;polygon;y values;93;96;1330;1333;1335;1335;1338;1338;1341;1341;1344;1344;1347;1347;1350;1350;1353;1353;1356;1356;1359;1359;1362;1362;1365;1365;1368;1368;1371;1371;1374;1374;1376;1376;1379;1379;1382;1382;1385;1385;1388;1388;1391;1391;1394;1394;1397;1397;1400;1400;1403;1403;1400;1400;1403;1403;140;140;137;137;134;134;131;131;128;128;125;125;123;123;120;120;117;117;114;114;111;111;108;108;105;105;102;102;99;99;96;96;93
1698212690328648.gadget2d_resized_512x512.png;class_0;1.0;polygon;x values;24;19;19;24;24;33;38;216;221;274;279;298;303;360;365;495;500;539;543;558;563;596;601;745;750;832;837;899;904;991;996;1130;1135;1198;1203;1232;1236;1284;1289;1592;1597;1761;1766;1934;1939;2199;2204;2459;2459;2266;2261;2228;2223;2213;2208;2175;2170;1929;1925;1900;1896;1876;1872;1838;1833;1655;1650;1564;1559;1520;1515;1438;1434
1698212690328648.gadget2d_resized_512x512.png;class_0;1.0;polygon;y values;93;96;1324;1327;1330;1330;1333;1333;1335;1335;1338;1338;1341;1341;1344;1344;1347;1347;1350;1350;1353;1353;1356;1356;1359;1359;1362;1362;1365;1365;1368;1368;1371;1371;1374;1374;1376;1376;1379;1379;1382;1382;1385;1385;1388;1388;1391;1391;128;128;125;125;123;123;120;120;117;117;114;114;111;111;108;108;105;105;102;102;99;99;96;96;93
1700301558489088.gadget2d_resized_512x512.png;class_0;1.0;polygon;x values;1564;1559;1482;1477;1376;1371;1299;1294;1020;1015;943;938;904;899;832;827;490;486;457;452;437;433;399;394;231;226;187;182;168;163;120;115;0;0;14;19;57;62;640;644;745;750;1251;1256;1357;1361;1419;1424;1501;1506;1703;1708;1756;1761;1785;1790;1833;1838;2040;2045;2083;2088;2107;2112;2165;2170;2334;2338;2387;2391;2411;2415;2459;2459
1700301558489088.gadget2d_resized_512x512.png;class_0;1.0;polygon;y values;175;178;178;181;181;184;184;187;187;190;190;193;193;196;196;199;199;202;202;205;205;208;208;210;210;213;213;216;216;219;219;222;222;1297;1297;1294;1294;1291;1291;1289;1289;1286;1286;1283;1283;1280;1280;1277;1277;1274;1274;1271;1271;1268;1268;1265;1265;1262;1262;1259;1259;1256;1256;1253;1253;1250;1250;1248;1248;1245;1245;1242;1242;175
1698095978844064.gadget2d_resized_512x512.png;class_0;1.0;polygon;x values;24;19;19;28;235;240;283;288;312;317;360;365;490;495;524;529;543;548;577;582;779;784;909;914;972;976;1082;1087;1212;1217;1299;1304;1328;1333;1400;1405;1703;1708;2189;2194;2285;2290;2459;2459;2444;2439;2208;2204;2165;2160;2136;2131;2079;2074;1843;1838;1809;1804;1785;1780;1751;1746;1496;1491;1376;1371;1323;1318;1217;1212
1698095978844064.gadget2d_resized_512x512.png;class_0;1.0;polygon;y values;70;73;1303;1309;1309;1312;1312;1315;1315;1318;1318;1321;1321;1324;1324;1327;1327;1330;1330;1333;1333;1335;1335;1338;1338;1341;1341;1344;1344;1347;1347;1350;1350;1353;1353;1356;1356;1359;1359;1362;1362;1365;1365;108;108;105;105;102;102;99;99;96;96;93;93;90;90;87;87;84;84;82;82;79;79;76;76;73;73;70
1700285935705073.gadget2d_resized_512x512.png;class_0;1.0;polygon;x values;1679;1674;1597;1592;1549;1544;1467;1463;1053;1049;986;981;952;948;899;895;625;620;567;563;539;534;486;481;293;288;245;240;221;216;173;168;0;0;9;14;745;750;938;943;981;986;1198;1203;1429;1434;1491;1496;1535;1540;1621;1626;1848;1852;1905;1910;1944;1949;2002;2006;2151;2156;2194;2199;2213;2218;2276;2281;2459;2459
1700285935705073.gadget2d_resized_512x512.png;class_0;1.0;polygon;y values;175;178;178;181;181;184;184;187;187;190;190;193;193;196;196;199;199;202;202;205;205;208;208;210;210;213;213;216;216;219;219;222;222;1300;1300;1297;1297;1294;1294;1291;1291;1289;1289;1286;1286;1283;1283;1280;1280;1277;1277;1274;1274;1271;1271;1268;1268;1265;1265;1262;1262;1259;1259;1256;1256;1253;1253;1250;1250;175
1699881546082757.gadget2d_resized_512x512.png;class_0;1.0;polygon;x values;1280;1275;1217;1212;1188;1183;1130;1126;770;765;717;712;688;683;635;630;360;356;322;317;303;298;274;269;28;19;19;24;24;279;283;976;981;1203;1207;1275;1280;1405;1410;1588;1592;1626;1631;1655;1660;1703;1708;1862;1867;1944;1949;2035;2040;2107;2112;2242;2247;2290;2295;2319;2324;2367;2372;2459;2459
1699881546082757.gadget2d_resized_512x512.png;class_0;1.0;polygon;y values;199;202;202;205;205;208;208;210;210;213;213;216;216;219;219;222;222;225;225;228;228;231;231;234;234;240;1306;1309;1312;1312;1309;1309;1306;1306;1303;1303;1300;1300;1297;1297;1294;1294;1291;1291;1289;1289;1286;1286;1283;1283;1280;1280;1277;1277;1274;1274;1271;1271;1268;1268;1265;1265;1262;1262;199
1699811293137488.gadget2d_resized_512x512.png;class_0;1.0;polygon;x values;24;19;19;24;24;67;72;235;240;269;274;288;293;327;332;519;524;558;563;587;591;644;649;798;803;909;914;943;948;991;996;1217;1222;1309;1313;1357;1361;1419;1424;1992;1997;2247;2252;2314;2319;2459;2459;2454;2449;2439;2435;2420;2415;2146;2141;2103;2098;2083;2079;2040;2035;1823;1819;1780;1775;1756;1751;1722;1718;1482;1477;1371;1366;1318;1313;1227;1222
1699811293137488.gadget2d_resized_512x512.png;class_0;1.0;polygon;y values;70;73;1312;1315;1318;1318;1321;1321;1324;1324;1327;1327;1330;1330;1333;1333;1335;1335;1338;1338;1341;1341;1344;1344;1347;1347;1350;1350;1353;1353;1356;1356;1359;1359;1362;1362;1365;1365;1368;1368;1371;1371;1374;1374;1376;1376;114;114;111;111;108;108;105;105;102;102;99;99;96;96;93;93;90;90;87;87;84;84;82;82;79;79;76;76;73;73;70
1698010495015882.gadget2d_resized_512x512.png;class_0;1.0;polygon;x values;0;0;144;149;202;206;235;240;303;308;418;423;466;471;486;490;534;539;697;702;745;750;770;774;832;837;996;1001;1044;1049;1063;1068;1111;1116;1337;1342;1496;1501;1559;1564;1722;1727;1790;1795;1799;1804;1823;1828;1838;1843;2459;2459;2449;2444;2237;2233;2199;2194;2180;2175;2141;2136;1905;1900;1872;1867;1857;1852;1819;1814;1650;1645;1540;1535;1477;1472;1357;1352
1698010495015882.gadget2d_resized_512x512.png;class_0;1.0;polygon;y values;93;1333;1333;1335;1335;1338;1338;1341;1341;1344;1344;1347;1347;1350;1350;1353;1353;1356;1356;1359;1359;1362;1362;1365;1365;1368;1368;1371;1371;1374;1374;1376;1376;1379;1379;1382;1382;1385;1385;1388;1388;1391;1391;1388;1388;1391;1391;1388;1388;1391;1391;131;131;128;128;125;125;123;123;120;120;117;117;114;114;111;111;108;108;105;105;102;102;99;99;96;96;93
1700286115707039.gadget2d_resized_512x512.png;class_0;1.0;polygon;x values;1689;1684;1602;1597;1554;1549;1443;1438;1092;1087;1005;1001;957;952;904;899;644;640;563;558;529;524;486;481;303;298;255;250;226;221;168;163;0;0;14;19;794;798;976;981;1121;1126;1275;1280;1496;1501;1564;1568;1597;1602;1674;1679;1833;1838;1896;1900;1939;1944;2006;2011;2136;2141;2189;2194;2213;2218;2281;2285;2459;2459
1700286115707039.gadget2d_resized_512x512.png;class_0;1.0;polygon;y values;175;178;178;181;181;184;184;187;187;190;190;193;193;196;196;199;199;202;202;205;205;208;208;210;210;213;213;216;216;219;219;222;222;1300;1300;1297;1297;1294;1294;1291;1291;1289;1289;1286;1286;1283;1283;1280;1280;1277;1277;1274;1274;1271;1271;1268;1268;1265;1265;1262;1262;1259;1259;1256;1256;1253;1253;1250;1250;175
1697952480787225.gadget2d_resized_512x512.png;class_0;1.0;polygon;x values;24;19;19;24;24;129;134;235;240;264;269;317;322;413;418;481;486;524;529;616;620;784;789;851;856;880;885;948;952;1053;1058;1106;1111;1155;1159;1463;1467;1544;1549;1578;1583;1722;1727;1785;1790;1823;1828;2054;2059;2146;2151;2208;2213;2459;2459;2420;2415;2362;2358;2314;2310;2079;2074;2040;2035;2021;2016;1963;1958;1718;1713;1636;1631;1602;1597;1573;1568;1496;1491;1304;1299;1280;1275;1159;1155
1697952480787225.gadget2d_resized_512x512.png;class_0;1.0;polygon;y values;82;84;1327;1330;1333;1333;1335;1335;1338;1338;1341;1341;1344;1344;1347;1347;1350;1350;1353;1353;1356;1356;1359;1359;1362;1362;1365;1365;1368;1368;1371;1371;1374;1374;1376;1376;1374;1374;1376;1376;1379;1379;1382;1382;1385;1385;1388;1388;1391;1391;1388;1388;1391;1391;125;125;123;123;120;120;117;117;114;114;111;111;108;108;105;105;102;102;99;99;96;96;93;93;90;90;87;87;84;84;82
1698250909152996.gadget2d_resized_512x512.png;class_0;1.0;polygon;x values;24;19;19;24;24;52;57;125;129;255;259;303;308;327;332;380;385;510;514;553;558;587;591;640;644;779;784;875;880;924;928;996;1001;1164;1169;1232;1236;1265;1270;1333;1337;1660;1665;2050;2054;2170;2175;2459;2459;2348;2343;2319;2314;2295;2290;2266;2261;2006;2002;1953;1949;1934;1929;1896;1891;1684;1679;1650;1645;1631;1626;1597;1592;1236;1232;1025;1020;972;967;880;875
1698250909152996.gadget2d_resized_512x512.png;class_0;1.0;polygon;y values;93;96;1333;1335;1338;1338;1341;1341;1344;1344;1347;1347;1350;1350;1353;1353;1356;1356;1359;1359;1362;1362;1365;1365;1368;1368;1371;1371;1374;1374;1376;1376;1379;1379;1382;1382;1385;1385;1388;1388;1391;1391;1394;1394;1397;1397;1400;1400;140;140;137;137;134;134;131;131;128;128;125;125;123;123;120;120;117;117;114;114;111;111;108;108;105;105;102;102;99;99;96;96;93
1697855281745426.gadget2d_resized_512x512.png;class_0;1.0;polygon;x values;33;28;24;19;19;24;24;28;101;105;231;235;288;293;317;322;360;365;476;481;539;543;577;582;630;635;741;745;779;784;803;808;880;885;1058;1063;1130;1135;1159;1164;1203;1207;1280;1284;1453;1458;1525;1530;1631;1636;1771;1775;1799;1804;2449;2454;2459;2459;2334;2329;2290;2285;2266;2261;2242;2237;2045;2040;1992;1987;1963;1958;1905;1900;1689;1684;1641;1636;1617;1612;1592;1588;1544;1540;1203;1198;1169;1164;1063;1058;678;673;611;606;601;596;476;471;447;442;211;206
1697855281745426.gadget2d_resized_512x512.png;class_0;1.0;polygon;y values;82;84;84;87;1333;1335;1338;1341;1341;1344;1344;1347;1347;1350;1350;1353;1353;1356;1356;1359;1359;1362;1362;1365;1365;1368;1368;1371;1371;1374;1374;1376;1376;1379;1379;1382;1382;1385;1385;1388;1388;1391;1391;1394;1394;1397;1397;1400;1400;1403;1403;1400;1400;1403;1403;1406;1406;140;140;137;137;134;134;131;131;128;128;125;125;123;123;120;120;117;117;114;114;111;111;108;108;105;105;102;102;99;99;96;96;93;93;90;90;93;93;90;90;87;87;84;84;82
1698256103260373.gadget2d_resized_512x512.png;class_0;1.0;polygon;x values;24;19;19;24;38;43;125;129;149;154;216;221;356;360;394;399;413;418;457;462;606;611;673;678;702;707;750;755;1010;1015;1058;1063;1087;1092;1150;1155;1337;1342;1472;1477;1554;1559;1727;1732;1771;1775;1843;1848;2334;2338;2459;2459;2377;2372;2329;2324;2305;2300;2266;2261;2059;2054;2016;2011;1987;1982;1939;1934;1718;1713;1674;1669;1645;1641;1568;1564
1698256103260373.gadget2d_resized_512x512.png;class_0;1.0;polygon;y values;93;96;1330;1333;1333;1335;1335;1338;1338;1341;1341;1344;1344;1347;1347;1350;1350;1353;1353;1356;1356;1359;1359;1362;1362;1365;1365;1368;1368;1371;1371;1374;1374;1376;1376;1379;1379;1382;1382;1385;1385;1388;1388;1385;1385;1388;1388;1391;1391;1394;1394;128;128;125;125;123;123;120;120;117;117;114;114;111;111;108;108;105;105;102;102;99;99;96;96;93
1697966354091131.gadget2d_resized_512x512.png;class_0;1.0;polygon;x values;476;471;28;24;24;19;19;24;24;101;105;206;211;269;274;322;327;389;394;418;423;476;481;587;591;635;640;664;668;693;697;899;904;981;986;1039;1044;1106;1111;1232;1236;1376;1381;1482;1487;1491;1496;1544;1549;1684;1689;1708;1713;1737;1742;1766;1771;1795;1799;1852;1857;2136;2141;2338;2343;2459;2459;2425;2420;2367;2362;2314;2310;2233;2228;2184;2180;2131;2127;1872;1867;1790;1785;1708;1703;1631;1626;1597;1592;1568;1564;1559;1554;1559;1564;1568;1578;1583;1597;1564;1559;1487;1482;1438;1434;1429;1424;1414;1410;1405;1400;1284;1280;1227;1222;948;943;847;842;808;803;755;750
1697966354091131.gadget2d_resized_512x512.png;class_0;1.0;polygon;y values;70;73;73;76;82;84;1318;1321;1324;1324;1327;1327;1330;1330;1333;1333;1335;1335;1338;1338;1341;1341;1344;1344;1347;1347;1350;1350;1353;1353;1356;1356;1359;1359;1362;1362;1365;1365;1368;1368;1365;1365;1368;1368;1371;1371;1368;1368;1371;1371;1374;1374;1376;1376;1379;1379;1382;1382;1385;1385;1388;1388;1385;1385;1388;1388;123;123;120;120;117;117;114;114;111;111;108;108;105;105;102;102;99;99;96;96;93;93;90;90;87;87;84;82;82;79;79;76;76;76;73;73;76;76;79;79;82;82;84;84;87;87;84;84;82;82;79;79;76;76;73;73;70
1700305359530161.gadget2d_resized_512x512.png;class_0;1.0;polygon;x values;1511;1506;1400;1395;1347;1342;1280;1275;928;924;875;871;851;847;803;798;495;490;437;433;413;409;380;375;206;202;168;163;144;139;101;96;0;0;24;28;856;861;1106;1111;1198;1203;1289;1294;1520;1525;1583;1588;1612;1617;1674;1679;1891;1896;1939;1944;1973;1977;2030;2035;2165;2170;2208;2213;2233;2237;2285;2290;2459;2459
1700305359530161.gadget2d_resized_512x512.png;class_0;1.0;polygon;y values;187;190;190;193;193;196;196;199;199;202;202;205;205;208;208;210;210;213;213;216;216;219;219;222;222;225;225;228;228;231;231;234;234;1300;1300;1297;1297;1294;1294;1291;1291;1289;1289;1286;1286;1283;1283;1280;1280;1277;1277;1274;1274;1271;1271;1268;1268;1265;1265;1262;1262;1259;1259;1256;1256;1253;1253;1250;1250;187
1699807877070994.gadget2d_resized_512x512.png;class_0;1.0;polygon;x values;24;19;19;24;24;178;182;240;245;274;279;341;346;466;471;514;519;534;539;567;572;707;712;789;794;880;885;1034;1039;1145;1150;1203;1207;1241;1246;1342;1347;1694;1698;2040;2045;2107;2112;2353;2358;2459;2459;2406;2401;2338;2334;2122;2117;2088;2083;2069;2064;2035;2030;1771;1766;1722;1718;1708;1703;1669;1665;1371;1366;1284;1280;1236;1232;1174;1169
1699807877070994.gadget2d_resized_512x512.png;class_0;1.0;polygon;y values;82;84;1327;1330;1333;1333;1335;1335;1338;1338;1341;1341;1344;1344;1347;1347;1350;1350;1353;1353;1356;1356;1359;1359;1362;1362;1365;1365;1368;1368;1371;1371;1374;1374;1376;1376;1379;1379;1382;1382;1385;1385;1388;1388;1391;1391;123;123;120;120;117;117;114;114;111;111;108;108;105;105;102;102;99;99;96;96;93;93;90;90;87;87;84;84;82
1700006088517152.gadget2d_resized_512x512.png;class_0;1.0;polygon;x values;726;721;707;707;712;712;717;717;721;721;726;726;731;731;741;741;736;736;731;736;736;741;741;745;745;750;750;755;755;765;774;784;784;818;818;822;822;827;827;832;832;837;837;842;842;847;847;842;837;832;736;731;649;644;640;625;625;616;611;606;591;587;563;558;490;486;399;394;375;370;365;360;360;356;356;351;351;341;341;332;332;322;322;317;317;312;312;303;303;298;298;303;303;298;298;293;293;283;279;149;144;125;120;105;101;81;77;24;19;19;24;24;57;57;67;96;101;158;163;216;221;317;322;413;418;428;433;437;442;457;462;539;543;625;630;649;654;673;678;1135;1140;1188;1193;1222;1227;1386;1390;1424;1429;1612;1617;1660;1665;1698;1703;1732;1737;1795;1799;1896;1900;1934;1939;1963;1968;1982;1987;2054;2059;2285;2290;2459;2459;2184;2180;2156;2151;2136;2131;2103;2098;1564;1559;1549;1544;1535;1530;1520;1515;1448;1443;1328;1323;1087;1082;1063;1058;1053;1049;1039;1034;1025;1010;1020;1020;1001;996
1700006088517152.gadget2d_resized_512x512.png;class_0;1.0;polygon;y values;316;319;319;331;333;339;342;360;363;369;372;377;380;383;389;395;398;421;424;427;439;442;448;451;454;457;462;465;471;477;477;483;503;524;527;530;533;536;541;544;547;550;553;556;559;562;577;580;580;583;583;585;585;583;583;574;571;565;565;562;562;559;559;562;562;559;559;562;562;559;559;556;553;550;547;544;541;536;533;527;524;518;515;512;506;503;498;492;486;483;451;448;436;433;418;416;413;413;410;410;413;413;416;416;418;418;421;421;424;1488;1491;1497;1497;1494;1488;1488;1485;1485;1482;1482;1479;1479;1476;1476;1473;1473;1470;1470;1467;1467;1464;1464;1461;1461;1464;1464;1467;1467;1470;1470;1467;1467;1464;1464;1461;1461;1458;1458;1456;1456;1453;1453;1450;1450;1447;1447;1444;1444;1441;1441;1438;1438;1435;1435;1432;1432;1429;1429;1426;1426;1423;1423;351;351;354;354;357;357;360;360;363;363;360;360;357;357;354;354;351;351;348;348;351;351;348;348;345;345;342;342;339;339;331;325;319;319;316
1700308829435977.gadget2d_resized_512x512.png;class_0;1.0;polygon;x values;553;548;519;514;476;471;24;24;19;19;24;139;144;221;226;259;264;322;327;457;462;572;577;611;616;664;668;784;789;837;842;880;885;967;972;1174;1179;1251;1256;1323;1328;1443;1448;2314;2319;2459;2459;2334;2329;2290;2285;2266;2261;2228;2223;2006;2002;1953;1949;1929;1925;1891;1886;1742;1737;1684;1679;1660;1655;1617;1612;1549;1544;1477;1472;1371;1366;1299;1294;914;909;847;842;822;818;794;789
1700308829435977.gadget2d_resized_512x512.png;class_0;1.0;polygon;y values;11;14;14;17;17;20;20;23;26;1271;1274;1274;1277;1277;1280;1280;1283;1283;1286;1286;1289;1289;1291;1291;1294;1294;1297;1297;1300;1300;1303;1303;1306;1306;1309;1309;1312;1312;1315;1315;1318;1318;1321;1321;1324;1324;58;58;55;55;52;52;49;49;46;46;43;43;41;41;38;38;35;35;32;32;29;29;26;26;23;23;20;20;17;17;20;20;23;23;20;20;17;17;14;14;11
1698017195157040.gadget2d_resized_512x512.png;class_0;1.0;polygon;x values;24;19;19;24;24;28;115;120;264;269;317;322;336;341;385;389;514;519;563;567;601;606;664;668;803;808;890;895;933;938;1010;1015;1188;1193;1260;1265;1309;1313;1419;1424;2107;2112;2459;2459;2281;2276;2247;2242;2228;2223;2194;2189;1929;1925;1881;1876;1857;1852;1799;1795;1592;1588;1535;1530;1496;1491;1414;1410;957;952;837;832;760;755;620;616
1698017195157040.gadget2d_resized_512x512.png;class_0;1.0;polygon;y values;93;96;1333;1335;1338;1341;1341;1344;1344;1347;1347;1350;1350;1353;1353;1356;1356;1359;1359;1362;1362;1365;1365;1368;1368;1371;1371;1374;1374;1376;1376;1379;1379;1382;1382;1385;1385;1388;1388;1391;1391;1394;1394;140;140;137;137;134;134;131;131;128;128;125;125;123;123;120;120;117;117;114;114;111;111;108;108;105;105;102;102;99;99;96;96;93
1698233251771680.gadget2d_resized_512x512.png;class_0;1.0;polygon;x values;24;19;19;24;139;144;206;211;240;245;288;293;433;437;481;486;510;514;543;548;668;673;731;736;755;760;818;822;1010;1015;1063;1068;1097;1102;1155;1159;1347;1352;1472;1477;1520;1525;1617;1621;2459;2459;2310;2305;2281;2276;2261;2257;2237;2233;2021;2016;1977;1973;1949;1944;1900;1896;1674;1669;1631;1626;1607;1602;1578;1573;1284;1280;1179;1174;1078;1073;991;986
1698233251771680.gadget2d_resized_512x512.png;class_0;1.0;polygon;y values;93;96;1330;1333;1333;1335;1335;1338;1338;1341;1341;1344;1344;1347;1347;1350;1350;1353;1353;1356;1356;1359;1359;1362;1362;1365;1365;1368;1368;1371;1371;1374;1374;1376;1376;1379;1379;1382;1382;1385;1385;1388;1388;1391;1391;140;140;137;137;134;134;131;131;128;128;125;125;123;123;120;120;117;117;114;114;111;111;108;108;105;105;102;102;99;99;96;96;93
1698176787587525.gadget2d_resized_512x512.png;class_0;1.0;polygon;x values;24;19;19;24;24;28;33;206;211;250;255;274;279;317;322;481;486;519;524;543;548;577;582;745;750;818;822;861;866;957;962;1130;1135;1198;1203;1236;1241;1289;1294;1564;1568;1689;1694;1915;1920;2204;2208;2459;2459;2444;2439;2430;2425;2396;2391;2180;2175;2141;2136;2122;2117;2074;2069;1838;1833;1799;1795;1775;1771;1742;1737;1564;1559;1438;1434;1361;1357;1289;1284
1698176787587525.gadget2d_resized_512x512.png;class_0;1.0;polygon;y values;93;96;1324;1327;1330;1330;1333;1333;1335;1335;1338;1338;1341;1341;1344;1344;1347;1347;1350;1350;1353;1353;1356;1356;1359;1359;1362;1362;1365;1365;1368;1368;1371;1371;1374;1374;1376;1376;1379;1379;1382;1382;1385;1385;1388;1388;1391;1391;137;137;134;134;131;131;128;128;125;125;123;123;120;120;117;117;114;114;111;111;108;108;105;105;102;102;99;99;96;96;93
1698089203707915.gadget2d_resized_512x512.png;class_0;1.0;polygon;x values;24;19;19;24;96;101;154;158;173;178;221;226;399;404;457;462;481;486;529;534;659;664;707;712;731;736;779;784;1044;1049;1097;1102;1130;1135;1174;1179;1410;1414;1559;1564;1607;1612;1713;1718;2459;2459;2305;2300;2266;2261;2247;2242;2213;2208;1977;1973;1944;1939;1925;1920;1881;1876;1684;1679;1617;1612;1573;1568;1515;1511;1068;1063;996;991;952;948;837;832;770;765;611;606
1698089203707915.gadget2d_resized_512x512.png;class_0;1.0;polygon;y values;82;84;1318;1321;1321;1324;1324;1327;1327;1330;1330;1333;1333;1335;1335;1338;1338;1341;1341;1344;1344;1347;1347;1350;1350;1353;1353;1356;1356;1359;1359;1362;1362;1365;1365;1368;1368;1371;1371;1374;1374;1376;1376;1379;1379;128;128;125;125;123;123;120;120;117;117;114;114;111;111;108;108;105;105;102;102;99;99;96;96;93;93;90;90;87;87;84;84;82;82;84;84;82
1700375151156455.gadget2d_resized_512x512.png;class_0;1.0;polygon;x values;1246;1241;1188;1183;1155;1150;1063;1058;726;721;664;659;630;625;529;524;404;399;322;317;298;293;274;269;19;14;0;0;19;24;904;909;1025;1029;1126;1130;1265;1270;1448;1453;1535;1540;1578;1583;1641;1645;1876;1881;1929;1934;1953;1958;2011;2016;2136;2141;2194;2199;2223;2228;2281;2285;2459;2459
1700375151156455.gadget2d_resized_512x512.png;class_0;1.0;polygon;y values;175;178;178;181;181;184;184;187;187;190;190;193;193;196;196;199;199;202;202;205;205;208;208;210;210;213;213;1289;1289;1286;1286;1283;1283;1280;1280;1277;1277;1274;1274;1271;1271;1268;1268;1265;1265;1262;1262;1259;1259;1256;1256;1253;1253;1250;1250;1248;1248;1245;1245;1242;1242;1239;1239;175
1698703761816674.gadget2d_resized_512x512.png;class_0;1.0;polygon;x values;24;19;19;24;110;115;163;168;187;192;221;226;428;433;486;490;514;519;577;582;688;693;726;731;750;755;919;924;1126;1130;1169;1174;1241;1246;1366;1371;1602;1607;2035;2040;2435;2439;2459;2459;2281;2276;2247;2242;2228;2223;2199;2194;1939;1934;1896;1891;1867;1862;1819;1814;1592;1588;1535;1530;1511;1506;1448;1443
1698703761816674.gadget2d_resized_512x512.png;class_0;1.0;polygon;y values;82;84;1318;1321;1321;1324;1324;1327;1327;1330;1330;1333;1333;1335;1335;1338;1338;1341;1341;1344;1344;1347;1347;1350;1350;1353;1353;1356;1356;1359;1359;1362;1362;1365;1365;1368;1368;1371;1371;1374;1374;1376;1376;117;117;114;114;111;111;108;108;105;105;102;102;99;99;96;96;93;93;90;90;87;87;84;84;82
1699882831098608.gadget2d_resized_512x512.png;class_0;1.0;polygon;x values;2324;2319;2180;2175;1963;1958;1313;1309;1251;1246;1217;1212;1164;1159;774;770;688;683;659;654;500;495;365;360;327;322;312;308;279;274;28;19;19;24;24;110;115;442;447;481;486;721;726;1212;1217;1318;1323;1405;1410;1511;1515;1636;1641;1674;1679;1703;1708;1756;1761;2021;2026;2074;2079;2107;2112;2180;2184;2319;2324;2367;2372;2401;2406;2449;2454;2459;2459;2435;2430
1699882831098608.gadget2d_resized_512x512.png;class_0;1.0;polygon;y values;190;193;193;196;196;199;199;202;202;205;205;208;208;210;210;213;213;216;216;219;219;222;222;225;225;228;228;231;231;234;234;240;1309;1312;1315;1315;1312;1312;1309;1309;1312;1312;1309;1309;1306;1306;1303;1303;1300;1300;1297;1297;1294;1294;1291;1291;1289;1289;1286;1286;1283;1283;1280;1280;1277;1277;1274;1274;1271;1271;1268;1268;1265;1265;1268;1268;193;193;190
1700399598451130.gadget2d_resized_512x512.png;class_0;1.0;polygon;x values;1958;1953;1833;1828;1746;1742;1583;1578;1159;1155;1097;1092;1044;1039;976;972;697;693;635;630;548;543;481;476;322;317;293;288;279;274;245;240;14;9;0;0;9;14;659;664;693;697;760;765;1236;1241;1337;1342;1395;1400;1520;1525;1780;1785;1833;1838;1872;1876;1944;1949;2117;2122;2165;2170;2194;2199;2247;2252;2449;2454;2459;2459
1700399598451130.gadget2d_resized_512x512.png;class_0;1.0;polygon;y values;164;166;166;169;169;172;172;175;175;178;178;181;181;184;184;187;187;190;190;193;193;196;196;199;199;202;202;205;205;208;208;210;210;213;213;1286;1286;1283;1283;1280;1280;1277;1277;1274;1274;1271;1271;1268;1268;1265;1265;1262;1262;1259;1259;1256;1256;1253;1253;1250;1250;1248;1248;1245;1245;1242;1242;1239;1239;1236;1236;164
1698238324880572.gadget2d_resized_512x512.png;class_0;1.0;polygon;x values;24;19;19;24;24;28;134;139;274;279;317;322;336;341;385;389;495;500;524;529;558;563;635;640;741;745;789;794;847;851;972;976;1145;1150;1212;1217;1251;1256;1313;1318;1573;1578;1905;1910;1963;1968;2237;2242;2459;2459;2343;2338;2314;2310;2295;2290;2261;2257;2088;2083;2050;2045;2026;2021;1973;1968;1751;1746;1718;1713;1708;1703;1674;1669;1333;1328;1222;1217;1145;1140;1049;1044
1698238324880572.gadget2d_resized_512x512.png;class_0;1.0;polygon;y values;93;96;1333;1335;1338;1341;1341;1344;1344;1347;1347;1350;1350;1353;1353;1356;1356;1359;1359;1362;1362;1365;1365;1368;1368;1371;1371;1374;1374;1376;1376;1379;1379;1382;1382;1385;1385;1388;1388;1391;1391;1394;1394;1397;1397;1400;1400;1403;1403;140;140;137;137;134;134;131;131;128;128;125;125;123;123;120;120;117;117;114;114;111;111;108;108;105;105;102;102;99;99;96;96;93
1699949479032927.gadget2d_resized_512x512.png;class_0;1.0;polygon;x values;28;19;19;24;24;28;96;101;235;240;298;303;332;336;389;394;519;524;620;625;644;649;693;697;779;784;851;856;914;919;991;996;1135;1140;1198;1203;1241;1246;1294;1299;1617;1621;2074;2079;2131;2136;2247;2252;2459;2459;2401;2396;2170;2165;2136;2131;2117;2112;2088;2083;1886;1881;1848;1843;1823;1819;1746;1742;1530;1525;1429;1424;1381;1376;1313;1309;808;803;755;750;731;726;206;202
1699949479032927.gadget2d_resized_512x512.png;class_0;1.0;polygon;y values;93;99;1333;1335;1338;1341;1341;1344;1344;1347;1347;1350;1350;1353;1353;1356;1356;1359;1359;1362;1362;1365;1365;1368;1368;1371;1371;1374;1374;1376;1376;1379;1379;1382;1382;1385;1385;1388;1388;1391;1391;1394;1394;1397;1397;1400;1400;1403;1403;143;143;140;140;137;137;134;134;131;131;128;128;125;125;123;123;120;120;117;117;114;114;111;111;108;108;105;105;102;102;99;99;96;96;93
1699799653108110.gadget2d_resized_512x512.png;class_0;1.0;polygon;x values;1578;1573;1429;1424;1371;1366;1304;1299;948;943;895;890;861;856;808;803;505;500;471;466;447;442;404;399;245;240;206;202;178;173;134;129;24;19;19;28;418;423;630;635;707;712;895;899;1284;1289;1361;1366;1424;1429;1530;1535;1665;1669;1713;1718;1746;1751;1819;1823;2083;2088;2127;2131;2160;2165;2213;2218;2353;2358;2406;2411;2444;2449;2459;2459
1699799653108110.gadget2d_resized_512x512.png;class_0;1.0;polygon;y values;199;202;202;205;205;208;208;210;210;213;213;216;216;219;219;222;222;225;225;228;228;231;231;234;234;237;237;240;240;243;243;246;246;249;1315;1321;1321;1318;1318;1315;1315;1312;1312;1309;1309;1306;1306;1303;1303;1300;1300;1297;1297;1294;1294;1291;1291;1289;1289;1286;1286;1283;1283;1280;1280;1277;1277;1274;1274;1271;1271;1268;1268;1271;1271;199
1699836188534055.gadget2d_resized_512x512.png;class_0;1.0;polygon;x values;1785;1780;1665;1660;1583;1578;1410;1405;1039;1034;943;938;904;899;842;837;543;539;505;500;486;481;447;442;245;240;187;182;163;158;110;105;24;19;19;24;24;91;96;745;750;1289;1294;1366;1371;1429;1434;1525;1530;1650;1655;1689;1694;1713;1718;1775;1780;2064;2069;2103;2107;2127;2131;2180;2184;2334;2338;2396;2401;2459;2459
1699836188534055.gadget2d_resized_512x512.png;class_0;1.0;polygon;y values;199;202;202;205;205;208;208;210;210;213;213;216;216;219;219;222;222;225;225;228;228;231;231;234;234;237;237;240;240;243;243;246;246;249;1309;1312;1315;1315;1312;1312;1309;1309;1306;1306;1303;1303;1300;1300;1297;1297;1294;1294;1291;1291;1289;1289;1286;1286;1283;1283;1280;1280;1277;1277;1274;1274;1271;1271;1268;1268;199
1697953039798948.gadget2d_resized_512x512.png;class_0;1.0;polygon;x values;43;38;24;24;19;19;24;86;91;163;168;197;202;245;250;370;375;423;428;447;452;505;510;697;702;741;745;760;765;798;803;976;981;1044;1049;1078;1082;1135;1140;1227;1232;1304;1309;1458;1463;1491;1496;1540;1544;1588;1592;2054;2059;2435;2439;2459;2459;2396;2391;2358;2353;2319;2314;2083;2079;2030;2026;2002;1997;1939;1934;1727;1722;1674;1669;1636;1631;1564;1559;1482;1477;1217;1212;1188;1183;1140;1135;798;794;442;437;255;250;91;86
1697953039798948.gadget2d_resized_512x512.png;class_0;1.0;polygon;y values;70;73;73;76;79;1330;1333;1333;1335;1335;1338;1338;1341;1341;1344;1344;1347;1347;1350;1350;1353;1353;1356;1356;1359;1359;1362;1362;1365;1365;1368;1368;1371;1371;1374;1374;1376;1376;1379;1379;1382;1382;1385;1385;1382;1382;1385;1385;1388;1388;1391;1391;1394;1394;1397;1397;125;125;123;123;120;120;117;117;114;114;111;111;108;108;105;105;102;102;99;99;96;96;93;93;90;90;87;87;84;84;82;82;79;79;76;76;73;73;70
1698045463758885.gadget2d_resized_512x512.png;class_0;1.0;polygon;x values;24;19;19;28;206;211;259;264;283;288;327;332;481;486;539;543;567;572;630;635;755;760;832;837;899;904;986;991;1159;1164;1207;1212;1251;1256;1342;1347;1645;1650;1862;1867;1920;1925;2059;2064;2136;2141;2271;2276;2459;2459;2281;2276;2237;2233;2218;2213;2180;2175;1929;1925;1876;1872;1857;1852;1809;1804;1626;1621;1583;1578;1559;1554;1520;1515
1698045463758885.gadget2d_resized_512x512.png;class_0;1.0;polygon;y values;82;84;1315;1321;1321;1324;1324;1327;1327;1330;1330;1333;1333;1335;1335;1338;1338;1341;1341;1344;1344;1347;1347;1350;1350;1353;1353;1356;1356;1359;1359;1362;1362;1365;1365;1368;1368;1371;1371;1368;1368;1371;1371;1374;1374;1376;1376;1379;1379;117;117;114;114;111;111;108;108;105;105;102;102;99;99;96;96;93;93;90;90;87;87;84;84;82
1697991159613064.gadget2d_resized_512x512.png;class_0;1.0;polygon;x values;24;19;19;24;110;115;163;168;187;192;231;235;365;370;409;413;433;437;476;481;601;606;640;644;664;668;697;702;885;890;957;962;996;1001;1053;1058;1174;1179;1246;1251;1280;1284;1333;1337;1568;1573;1684;1689;1771;1775;1949;1953;2367;2372;2459;2459;2430;2425;2290;2285;2261;2257;2233;2228;2006;2002;1968;1963;1953;1949;1939;1934;1790;1785;1751;1746;1718;1713;1655;1650;1434;1429;1381;1376;1361;1357;1318;1313;899;895;818;813;774;770;697;693
1697991159613064.gadget2d_resized_512x512.png;class_0;1.0;polygon;y values;70;73;1318;1321;1321;1324;1324;1327;1327;1330;1330;1333;1333;1335;1335;1338;1338;1341;1341;1344;1344;1347;1347;1350;1350;1353;1353;1356;1356;1359;1359;1362;1362;1365;1365;1368;1368;1371;1371;1374;1374;1376;1376;1379;1379;1382;1382;1385;1385;1388;1388;1391;1391;1394;1394;128;128;125;125;123;123;120;120;117;117;114;114;111;111;108;108;105;105;102;102;99;99;96;96;93;93;90;90;87;87;84;84;82;82;79;79;76;76;73;73;70
1700399562449572.gadget2d_resized_512x512.png;class_0;1.0;polygon;x values;2319;2314;1958;1953;1795;1790;1645;1641;1164;1159;1102;1097;1058;1053;991;986;688;683;611;606;534;529;471;466;317;312;283;279;264;259;235;231;0;0;4;9;14;19;62;67;880;885;1005;1010;1126;1130;1328;1333;1501;1506;1559;1564;1597;1602;1674;1679;1939;1944;1982;1987;2006;2011;2059;2064;2213;2218;2276;2281;2300;2305;2358;2362;2459;2459;2444;2439
1700399562449572.gadget2d_resized_512x512.png;class_0;1.0;polygon;y values;164;166;166;169;169;172;172;175;175;178;178;181;181;184;184;187;187;190;190;193;193;196;196;199;199;202;202;205;205;208;208;210;210;1294;1294;1291;1291;1289;1289;1286;1286;1283;1283;1280;1280;1277;1277;1274;1274;1271;1271;1268;1268;1265;1265;1262;1262;1259;1259;1256;1256;1253;1253;1250;1250;1248;1248;1245;1245;1242;1242;1239;1239;166;166;164
1700066838522464.gadget2d_resized_512x512.png;class_0;1.0;polygon;x values;24;19;19;24;24;91;96;235;240;298;303;327;332;380;385;514;519;620;625;640;644;683;688;774;779;832;837;899;904;986;991;1130;1135;1207;1212;1251;1256;1304;1309;1559;1564;2117;2122;2194;2199;2362;2367;2401;2406;2439;2444;2459;2459;2295;2290;2252;2247;2233;2228;2204;2199;1997;1992;1944;1939;1915;1910;1857;1852;1655;1650;1583;1578;1554;1549;1511;1506;1183;1179;967;962;798;794;707;702
1700066838522464.gadget2d_resized_512x512.png;class_0;1.0;polygon;y values;93;96;1333;1335;1341;1341;1344;1344;1347;1347;1350;1350;1353;1353;1356;1356;1359;1359;1362;1362;1365;1365;1368;1368;1371;1371;1374;1374;1376;1376;1379;1379;1382;1382;1385;1385;1388;1388;1391;1391;1394;1394;1397;1397;1400;1400;1403;1403;1400;1400;1403;1403;140;140;137;137;134;134;131;131;128;128;125;125;123;123;120;120;117;117;114;114;111;111;108;108;105;105;102;102;99;99;96;96;93
1698232481753426.gadget2d_resized_512x512.png;class_0;1.0;polygon;x values;24;19;19;24;24;72;77;120;125;182;187;298;303;351;356;380;385;433;437;606;611;678;683;712;717;760;765;909;914;981;986;1015;1020;1087;1092;1251;1256;1361;1366;1424;1429;1535;1540;2459;2459;2439;2435;2406;2401;2382;2377;2348;2343;2098;2093;2054;2050;2026;2021;1977;1973;1756;1751;1718;1713;1703;1698;1669;1665;1414;1410;1328;1323;1289;1284;1029;1025
1698232481753426.gadget2d_resized_512x512.png;class_0;1.0;polygon;y values;93;96;1330;1333;1335;1335;1338;1338;1341;1341;1344;1344;1347;1347;1350;1350;1353;1353;1356;1356;1359;1359;1362;1362;1365;1365;1368;1368;1371;1371;1374;1374;1376;1376;1379;1379;1382;1382;1385;1385;1388;1388;1391;1391;140;140;137;137;134;134;131;131;128;128;125;125;123;123;120;120;117;117;114;114;111;111;108;108;105;105;102;102;99;99;96;96;93
1698207670219721.gadget2d_resized_512x512.png;class_0;1.0;polygon;x values;24;19;19;28;197;202;240;245;259;264;298;303;447;452;486;490;505;510;534;539;654;659;707;712;736;741;794;798;1068;1073;1126;1130;1150;1155;1207;1212;1482;1487;1583;1588;1713;1718;1790;1795;1857;1862;2021;2026;2459;2459;2439;2435;2194;2189;2165;2160;2141;2136;2107;2103;1833;1828;1785;1780;1756;1751;1703;1698;1511;1506;1448;1443;1414;1410;1342;1337
1698207670219721.gadget2d_resized_512x512.png;class_0;1.0;polygon;y values;105;108;1338;1344;1344;1347;1347;1350;1350;1353;1353;1356;1356;1359;1359;1362;1362;1365;1365;1368;1368;1371;1371;1374;1374;1376;1376;1379;1379;1382;1382;1385;1385;1388;1388;1391;1391;1394;1394;1397;1397;1400;1400;1397;1397;1400;1400;1403;1403;143;143;140;140;137;137;134;134;131;131;128;128;125;125;123;123;120;120;117;117;114;114;111;111;108;108;105
1700064448469478.gadget2d_resized_512x512.png;class_0;1.0;polygon;x values;28;19;19;24;24;129;134;168;173;211;216;341;346;409;413;447;452;534;539;693;697;745;750;765;770;808;813;981;986;1058;1063;1092;1097;1145;1150;1251;1256;1333;1337;1434;1438;1530;1535;2208;2213;2459;2459;2261;2257;2213;2208;2184;2180;2122;2117;1891;1886;1843;1838;1814;1809;1746;1742;1612;1607;1515;1511;1467;1463;1333;1328;837;832;779;774;750;745;587;582
1700064448469478.gadget2d_resized_512x512.png;class_0;1.0;polygon;y values;82;87;1330;1333;1335;1335;1338;1338;1341;1341;1344;1344;1347;1347;1350;1350;1353;1353;1356;1356;1359;1359;1362;1362;1365;1365;1368;1368;1371;1371;1374;1374;1376;1376;1379;1379;1382;1382;1385;1385;1388;1388;1391;1391;1394;1394;128;128;125;125;123;123;120;120;117;117;114;114;111;111;108;108;105;105;102;102;99;99;96;96;93;93;90;90;87;87;84;84;82
1697726406936647.gadget2d_resized_512x512.png;class_0;1.0;polygon;x values;24;19;19;24;24;154;158;221;226;250;255;298;303;418;423;486;490;519;524;596;601;741;745;779;784;803;808;895;899;1087;1092;1145;1150;1174;1179;1246;1251;1400;1405;1568;1573;1645;1650;1848;1852;1857;1862;1968;1973;2459;2459;2444;2439;2233;2228;2180;2175;2160;2156;2112;2107;1881;1876;1843;1838;1819;1814;1751;1746;1631;1626;1453;1448;1366;1361;1289;1284;952;948;842;837;808;803;755;750
1697726406936647.gadget2d_resized_512x512.png;class_0;1.0;polygon;y values;82;84;1315;1318;1321;1321;1324;1324;1327;1327;1330;1330;1333;1333;1335;1335;1338;1338;1341;1341;1344;1344;1347;1347;1350;1350;1353;1353;1356;1356;1359;1359;1362;1362;1365;1365;1368;1368;1371;1371;1374;1374;1376;1376;1379;1379;1376;1376;1379;1379;131;131;128;128;125;125;123;123;120;120;117;117;114;114;111;111;108;108;105;105;102;102;99;99;96;96;93;93;90;90;87;87;84;84;82
1699820211329004.gadget2d_resized_512x512.png;class_0;1.0;polygon;x values;24;19;19;24;38;43;125;129;158;163;206;211;317;322;365;370;394;399;437;442;587;591;659;664;693;697;750;755;943;948;1020;1025;1053;1058;1116;1121;1299;1304;1381;1386;1448;1453;1597;1602;2459;2459;2454;2449;2430;2425;2184;2180;2136;2131;2107;2103;2064;2059;1833;1828;1785;1780;1761;1756;1732;1727;1564;1559;1390;1386;1309;1304;1236;1232
1699820211329004.gadget2d_resized_512x512.png;class_0;1.0;polygon;y values;93;96;1330;1333;1333;1335;1335;1338;1338;1341;1341;1344;1344;1347;1347;1350;1350;1353;1353;1356;1356;1359;1359;1362;1362;1365;1365;1368;1368;1371;1371;1374;1374;1376;1376;1379;1379;1382;1382;1385;1385;1388;1388;1391;1391;134;134;131;131;128;128;125;125;123;123;120;120;117;117;114;114;111;111;108;108;105;105;102;102;99;99;96;96;93
1699804923006038.gadget2d_resized_512x512.png;class_0;1.0;polygon;x values;24;19;19;28;192;197;235;240;255;259;288;293;486;490;519;524;543;548;582;587;702;707;765;770;808;813;899;904;1150;1155;1203;1207;1251;1256;1337;1342;1684;1689;2257;2261;2435;2439;2459;2459;2454;2449;2439;2435;2415;2411;2170;2165;2131;2127;2103;2098;2059;2054;1857;1852;1828;1823;1814;1809;1785;1780;1453;1448;1361;1357;1323;1318;1270;1265
1699804923006038.gadget2d_resized_512x512.png;class_0;1.0;polygon;y values;70;73;1315;1321;1321;1324;1324;1327;1327;1330;1330;1333;1333;1335;1335;1338;1338;1341;1341;1344;1344;1347;1347;1350;1350;1353;1353;1356;1356;1359;1359;1362;1362;1365;1365;1368;1368;1371;1371;1374;1374;1376;1376;114;114;111;111;108;108;105;105;102;102;99;99;96;96;93;93;90;90;87;87;84;84;82;82;79;79;76;76;73;73;70
1698237340858760.gadget2d_resized_512x512.png;class_0;1.0;polygon;x values;24;19;19;28;101;105;125;129;158;163;308;312;389;394;418;423;471;476;668;673;726;731;750;755;803;808;1020;1025;1097;1102;1198;1203;1275;1280;1530;1535;1650;1655;1665;1669;1742;1746;1790;1795;1944;1949;1973;1977;2151;2156;2180;2184;2305;2310;2459;2459;2425;2420;2146;2141;2127;2122;2112;2107;2093;2088;1746;1742;1698;1694;1674;1669;1631;1626
1698237340858760.gadget2d_resized_512x512.png;class_0;1.0;polygon;y values;58;61;1306;1312;1312;1315;1315;1318;1318;1321;1321;1324;1324;1327;1327;1330;1330;1333;1333;1335;1335;1338;1338;1341;1341;1344;1344;1347;1347;1350;1350;1353;1353;1356;1356;1359;1359;1356;1356;1359;1359;1362;1362;1365;1365;1362;1362;1359;1359;1362;1362;1365;1365;1362;1362;84;84;82;82;79;79;76;76;73;73;70;70;67;67;64;64;61;61;58
1699855788047558.gadget2d_resized_512x512.png;class_0;1.0;polygon;x values;404;399;360;356;327;322;322;327;322;317;312;283;279;264;259;255;250;250;245;245;211;211;197;197;192;192;187;187;178;178;173;173;163;163;158;154;144;139;134;96;91;72;67;24;24;28;28;33;38;57;62;72;77;86;91;96;101;101;105;105;101;101;96;96;86;86;72;72;67;62;52;52;48;48;48;43;43;38;38;28;28;24;24;28;28;24;24;19;19;28;129;134;158;163;197;202;298;303;332;336;356;360;380;385;447;452;481;486;495;500;514;519;563;567;625;630;640;644;668;673;712;717;731;736;741;745;755;760;808;813;856;861;871;875;899;904;976;981;1015;1020;1034;1039;1058;1063;1140;1145;1174;1179;1193;1198;1222;1227;1289;1294;1337;1342;1366;1371;1424;1429;2459;2459;2362;2358;2305;2300;2285;2281;2252;2247;2103;2098;2059;2054;2035;2030;1992;1987;1819;1814;1785;1780;1761;1756;1746;1742;1703;1698;1669;1665;1641;1636;1612;1607;1568;1564;1496;1491;1453;1448;1424;1419;1236;1232;1179;1174;1164;1159;1121;1116
1699855788047558.gadget2d_resized_512x512.png;class_0;1.0;polygon;y values;46;49;49;52;52;55;70;73;76;76;79;79;82;82;84;84;87;93;96;99;120;123;131;134;137;143;146;149;155;158;161;164;169;172;175;175;181;181;184;184;181;181;178;178;213;216;219;219;222;222;219;219;222;222;225;225;228;231;234;240;243;249;251;257;263;266;275;298;301;301;295;290;287;281;290;292;298;301;304;310;316;319;339;342;345;348;357;360;1248;1253;1253;1256;1256;1259;1259;1262;1262;1265;1265;1268;1268;1271;1271;1274;1274;1277;1277;1280;1280;1283;1283;1286;1286;1289;1289;1291;1291;1294;1294;1297;1297;1300;1300;1303;1303;1306;1306;1309;1309;1312;1312;1315;1315;1318;1318;1321;1321;1324;1324;1327;1327;1330;1330;1333;1333;1335;1335;1338;1338;1341;1341;1344;1344;1347;1347;1350;1350;1353;1353;1356;1356;117;117;114;114;111;111;108;108;105;105;102;102;99;99;96;96;93;93;90;90;87;87;84;84;82;82;79;79;76;76;73;73;70;70;67;67;64;64;61;61;58;58;55;55;52;52;49;49;46
1699835749526536.gadget2d_resized_512x512.png;class_0;1.0;polygon;x values;2362;2358;2290;2285;2156;2151;1309;1304;1236;1232;1179;1174;1106;1102;789;784;750;745;736;731;697;693;572;567;495;490;356;351;283;279;250;245;202;197;28;19;19;24;24;327;332;399;404;481;486;726;731;938;943;1044;1049;1183;1188;1313;1318;1366;1371;1443;1448;1583;1588;1727;1732;1785;1790;1823;1828;2045;2050;2136;2141;2170;2175;2204;2208;2276;2281;2406;2411;2459;2459;2454;2449;2420;2415
1699835749526536.gadget2d_resized_512x512.png;class_0;1.0;polygon;y values;178;181;181;184;184;187;187;190;190;193;193;196;196;199;199;202;202;205;205;208;208;210;210;208;208;210;210;213;213;216;216;219;219;222;222;228;1300;1303;1306;1306;1309;1309;1306;1306;1303;1303;1300;1300;1297;1297;1300;1300;1297;1297;1294;1294;1291;1291;1289;1289;1286;1286;1283;1283;1280;1280;1277;1277;1274;1274;1271;1271;1268;1268;1265;1265;1262;1262;1259;1259;184;184;181;181;178
1700335104839760.gadget2d_resized_512x512.png;class_0;1.0;polygon;x values;1876;1872;1780;1775;1708;1703;1612;1607;1150;1145;1097;1092;1063;1058;1001;996;712;707;678;673;668;664;635;630;428;423;332;327;308;303;259;255;19;14;0;0;9;14;327;332;447;452;606;611;741;745;837;842;1159;1164;1434;1438;1501;1506;1540;1544;1607;1612;1742;1746;1809;1814;1848;1852;1968;1973;2059;2064;2112;2117;2156;2160;2223;2228;2358;2362;2411;2415;2459;2459
1700335104839760.gadget2d_resized_512x512.png;class_0;1.0;polygon;y values;175;178;178;181;181;184;184;187;187;190;190;193;193;196;196;199;199;202;202;205;205;208;208;210;210;213;213;216;216;219;219;222;222;225;225;1300;1300;1297;1297;1294;1294;1291;1291;1294;1294;1291;1291;1289;1289;1286;1286;1283;1283;1280;1280;1277;1277;1274;1274;1271;1271;1268;1268;1265;1265;1262;1262;1259;1259;1256;1256;1253;1253;1250;1250;1248;1248;1245;1245;175
1699808048069296.gadget2d_resized_512x512.png;class_0;1.0;polygon;x values;24;19;19;24;24;28;62;67;240;245;293;298;322;327;360;365;505;510;543;548;558;563;596;601;789;794;861;866;895;899;967;972;1193;1198;1270;1275;1304;1309;1361;1366;2040;2045;2180;2184;2276;2281;2459;2459;2362;2358;2329;2324;2305;2300;2266;2261;2035;2030;2002;1997;1982;1977;1939;1934;1713;1708;1669;1665;1636;1631;1578;1573;1198;1193;1116;1111;1073;1068;976;972
1699808048069296.gadget2d_resized_512x512.png;class_0;1.0;polygon;y values;82;84;1321;1324;1327;1330;1330;1333;1333;1335;1335;1338;1338;1341;1341;1344;1344;1347;1347;1350;1350;1353;1353;1356;1356;1359;1359;1362;1362;1365;1365;1368;1368;1371;1371;1374;1374;1376;1376;1379;1379;1382;1382;1385;1385;1388;1388;128;128;125;125;123;123;120;120;117;117;114;114;111;111;108;108;105;105;102;102;99;99;96;96;93;93;90;90;87;87;84;84;82
1699881856086219.gadget2d_resized_512x512.png;class_0;1.0;polygon;x values;1419;1414;1337;1333;1299;1294;1236;1232;895;890;798;794;774;770;726;721;481;476;447;442;428;423;394;389;168;163;43;38;24;24;19;19;24;24;664;668;750;755;818;822;1039;1044;1434;1438;1511;1515;1544;1549;1607;1612;1703;1708;1751;1756;1780;1785;1872;1876;2136;2141;2180;2184;2213;2218;2295;2300;2459;2459
1699881856086219.gadget2d_resized_512x512.png;class_0;1.0;polygon;y values;199;202;202;205;205;208;208;210;210;213;213;216;216;219;219;222;222;225;225;228;228;231;231;234;234;237;237;240;240;243;246;1315;1318;1321;1321;1318;1318;1315;1315;1312;1312;1309;1309;1306;1306;1303;1303;1300;1300;1297;1297;1294;1294;1291;1291;1289;1289;1286;1286;1283;1283;1280;1280;1277;1277;1274;1274;199
1700371247707895.gadget2d_resized_512x512.png;class_0;1.0;polygon;x values;24;19;19;28;149;154;178;182;221;226;360;365;437;442;476;481;534;539;736;741;779;784;798;803;861;866;1053;1058;1130;1135;1159;1164;1212;1217;1352;1357;1482;1487;1694;1698;2074;2079;2459;2459;2454;2449;2204;2199;2156;2151;2136;2131;2103;2098;1823;1819;1756;1751;1718;1713;1669;1665;1443;1438;1289;1284;1246;1241;1179;1174
1700371247707895.gadget2d_resized_512x512.png;class_0;1.0;polygon;y values;82;84;1330;1335;1335;1338;1338;1341;1341;1344;1344;1347;1347;1350;1350;1353;1353;1356;1356;1359;1359;1362;1362;1365;1365;1368;1368;1371;1371;1374;1374;1376;1376;1379;1379;1382;1382;1385;1385;1388;1388;1391;1391;120;120;117;117;114;114;111;111;108;108;105;105;102;102;99;99;96;96;93;93;90;90;87;87;84;84;82
1700072558638798.gadget2d_resized_512x512.png;class_0;1.0;polygon;x values;24;19;19;24;24;115;120;202;206;235;240;288;293;428;433;500;505;553;558;611;616;702;707;745;750;770;774;827;832;1044;1049;1106;1111;1135;1140;1169;1174;1289;1294;1535;1540;1641;1645;1780;1785;2459;2459;2233;2228;2199;2194;2180;2175;2156;2151;1915;1910;1872;1867;1848;1843;1785;1780;1592;1588;1501;1496;1458;1453;1405;1400;1053;1049;943;938;794;789;721;717
1700072558638798.gadget2d_resized_512x512.png;class_0;1.0;polygon;y values;93;96;1338;1341;1344;1344;1347;1347;1350;1350;1353;1353;1356;1356;1359;1359;1362;1362;1365;1365;1368;1368;1371;1371;1374;1374;1376;1376;1379;1379;1382;1382;1385;1385;1388;1388;1391;1391;1394;1394;1397;1397;1400;1400;1403;1403;140;140;137;137;134;134;131;131;128;128;125;125;123;123;120;120;117;117;114;114;111;111;108;108;105;105;102;102;99;99;96;96;93
1699835767529575.gadget2d_resized_512x512.png;class_0;1.0;polygon;x values;1145;1140;1078;1073;1025;1020;957;952;688;683;625;620;611;606;601;548;543;481;476;279;274;216;211;182;178;129;125;0;0;19;24;38;43;57;62;409;413;717;721;914;919;1097;1102;1188;1193;1357;1361;1429;1434;1482;1487;1564;1568;1689;1694;1708;1713;1722;1727;1756;1761;1819;1823;1939;1944;2088;2093;2160;2165;2213;2218;2310;2314;2401;2406;2459;2459
1699835767529575.gadget2d_resized_512x512.png;class_0;1.0;polygon;y values;234;237;237;240;240;243;243;246;246;249;249;251;251;249;251;251;254;254;257;257;260;260;263;263;266;266;269;269;1333;1333;1330;1330;1333;1333;1330;1330;1327;1327;1324;1324;1321;1321;1324;1324;1321;1321;1318;1318;1315;1315;1312;1312;1309;1309;1306;1306;1303;1303;1300;1300;1297;1297;1294;1294;1297;1297;1294;1294;1291;1291;1289;1289;1286;1286;1283;1283;234
1698022901277531.gadget2d_resized_512x512.png;class_0;1.0;polygon;x values;24;19;19;24;24;28;96;101;125;129;134;144;144;149;154;178;182;192;197;245;250;332;336;452;457;543;548;587;591;630;635;750;755;818;822;861;866;943;948;1068;1073;1130;1135;1164;1169;1217;1222;1414;1419;1554;1559;1645;1650;1862;1867;2459;2459;2411;2406;2367;2362;2348;2343;2324;2319;2098;2093;2050;2045;2016;2011;1958;1953;1746;1742;1713;1708;1698;1694;1669;1665;1400;1395;1256;1251;1212;1207;1116;1111
1698022901277531.gadget2d_resized_512x512.png;class_0;1.0;polygon;y values;93;96;1324;1327;1330;1333;1333;1335;1335;1338;1338;1344;1347;1347;1350;1350;1347;1347;1344;1344;1341;1341;1344;1344;1347;1347;1350;1350;1353;1353;1356;1356;1359;1359;1362;1362;1365;1365;1368;1368;1371;1371;1374;1374;1376;1376;1379;1379;1382;1382;1385;1385;1388;1388;1391;1391;140;140;137;137;134;134;131;131;128;128;125;125;123;123;120;120;117;117;114;114;111;111;108;108;105;105;102;102;99;99;96;96;93
1698272417587544.gadget2d_resized_512x512.png;class_0;1.0;polygon;x values;24;19;19;24;125;129;187;192;216;221;269;274;380;385;418;423;437;442;471;476;640;644;717;721;745;750;789;794;1034;1039;1087;1092;1121;1126;1174;1179;1371;1376;1530;1535;1588;1592;1674;1679;2343;2348;2425;2430;2435;2439;2459;2459;2343;2338;2310;2305;2290;2285;2257;2252;2069;2064;2035;2030;2016;2011;1973;1968;1737;1732;1689;1684;1669;1665;1607;1602;1323;1318;1241;1236;1179;1174;1082;1078
1698272417587544.gadget2d_resized_512x512.png;class_0;1.0;polygon;y values;82;84;1306;1309;1309;1312;1312;1315;1315;1318;1318;1321;1321;1324;1324;1327;1327;1330;1330;1333;1333;1335;1335;1338;1338;1341;1341;1344;1344;1347;1347;1350;1350;1353;1353;1356;1356;1359;1359;1362;1362;1365;1365;1368;1368;1371;1371;1368;1368;1371;1371;128;128;125;125;123;123;120;120;117;117;114;114;111;111;108;108;105;105;102;102;99;99;96;96;93;93;90;90;87;87;84;84;82
1699904784111483.gadget2d_resized_512x512.png;class_0;1.0;polygon;x values;43;38;28;19;19;28;182;187;245;250;288;293;351;356;466;471;514;519;539;543;591;596;774;779;871;875;928;933;1005;1010;1159;1164;1275;1280;1318;1323;1405;1410;1939;1944;2252;2257;2435;2439;2459;2459;2435;2430;2372;2367;2348;2343;2310;2305;2136;2131;2088;2083;2059;2054;2002;1997;1737;1732;1684;1679;1669;1665;1650;1645;1602;1597;1472;1467;1256;1251;1179;1174;567;563;442;437;216;211
1699904784111483.gadget2d_resized_512x512.png;class_0;1.0;polygon;y values;61;64;64;70;1303;1309;1309;1312;1312;1315;1315;1318;1318;1321;1321;1324;1324;1327;1327;1330;1330;1333;1333;1335;1335;1338;1338;1341;1341;1344;1344;1347;1347;1350;1350;1353;1353;1356;1356;1359;1359;1362;1362;1365;1365;117;117;114;114;111;111;108;108;105;105;102;102;99;99;96;96;93;93;90;90;87;87;84;84;82;82;79;79;76;76;73;73;70;70;67;67;64;64;61
1698218130442516.gadget2d_resized_512x512.png;class_0;1.0;polygon;x values;24;19;19;24;24;163;168;231;235;259;264;327;332;442;447;548;553;587;591;625;630;755;760;798;803;837;842;924;928;1068;1073;1130;1135;1164;1169;1241;1246;1467;1472;1564;1568;1650;1655;1900;1905;2459;2459;2334;2329;2300;2295;2285;2281;2252;2247;2002;1997;1953;1949;1934;1929;1896;1891;1684;1679;1645;1641;1631;1626;1592;1588;1280;1275;1078;1073;1025;1020;957;952
1698218130442516.gadget2d_resized_512x512.png;class_0;1.0;polygon;y values;93;96;1327;1330;1333;1333;1335;1335;1338;1338;1341;1341;1344;1344;1347;1347;1350;1350;1353;1353;1356;1356;1359;1359;1362;1362;1365;1365;1368;1368;1371;1371;1374;1374;1376;1376;1379;1379;1382;1382;1385;1385;1388;1388;1391;1391;140;140;137;137;134;134;131;131;128;128;125;125;123;123;120;120;117;117;114;114;111;111;108;108;105;105;102;102;99;99;96;96;93
1697960882964765.gadget2d_resized_512x512.png;class_0;1.0;polygon;x values;1448;1443;1405;1400;1371;1366;1342;1337;1203;1198;803;798;529;524;168;163;158;154;24;19;19;28;125;129;158;163;197;202;308;312;399;404;471;476;514;519;668;673;736;741;760;765;798;803;1092;1097;1207;1212;1265;1270;1318;1323;1443;1448;1636;1641;1823;1828;1939;1944;2074;2079;2459;2459;2420;2415;2324;2319;2156;2151;2103;2098;2088;2083;2050;2045;1838;1833;1795;1790;1775;1771;1756;1751;1742;1737;1727;1718;1718;1727;1718;1713
1697960882964765.gadget2d_resized_512x512.png;class_0;1.0;polygon;y values;49;52;52;55;55;58;58;61;61;58;58;55;55;58;58;55;55;58;58;61;1294;1300;1300;1303;1303;1306;1306;1309;1309;1312;1312;1315;1315;1318;1318;1321;1321;1324;1324;1327;1327;1330;1330;1333;1333;1335;1335;1338;1338;1341;1341;1344;1344;1347;1347;1350;1350;1347;1347;1350;1350;1353;1353;99;99;96;96;93;93;90;90;87;87;84;84;82;82;79;79;76;76;73;73;70;70;67;67;61;58;52;52;49
1700000334453517.gadget2d_resized_512x512.png;class_0;1.0;polygon;x values;750;745;736;707;702;697;553;548;500;495;476;471;433;428;187;182;120;115;48;43;24;24;19;19;24;24;28;57;62;72;77;399;404;678;683;721;726;871;875;957;962;1073;1078;1395;1400;1467;1472;1515;1520;1578;1583;1727;1732;1819;1823;1872;1876;1934;1939;2054;2059;2141;2146;2175;2180;2228;2233;2396;2401;2459;2459;1987;1982;1727;1722;1674;1669;1578;1573;1073;1068;1058;1053;1049;1044;1034;1029
1700000334453517.gadget2d_resized_512x512.png;class_0;1.0;polygon;y values;292;295;295;313;313;316;316;319;319;322;322;325;325;328;328;331;331;333;333;336;336;339;342;1400;1403;1406;1409;1409;1406;1406;1409;1409;1412;1412;1409;1409;1406;1406;1403;1403;1406;1406;1403;1403;1400;1400;1397;1397;1394;1394;1391;1391;1388;1388;1385;1385;1382;1382;1379;1379;1376;1376;1374;1374;1371;1371;1368;1368;1365;1365;292;292;295;295;298;298;301;301;304;304;301;301;298;298;295;295;292
1698691311555709.gadget2d_resized_512x512.png;class_0;1.0;polygon;x values;24;19;19;24;125;129;173;178;197;202;245;250;399;404;442;447;471;476;519;524;702;707;745;750;770;774;822;827;1068;1073;1130;1135;1164;1169;1236;1241;1400;1405;1544;1549;1626;1631;1968;1973;2459;2459;2257;2252;2223;2218;2208;2204;2175;2170;1915;1910;1872;1867;1848;1843;1790;1785;1602;1597;1559;1554;1544;1540;1506;1501
1698691311555709.gadget2d_resized_512x512.png;class_0;1.0;polygon;y values;82;84;1318;1321;1321;1324;1324;1327;1327;1330;1330;1333;1333;1335;1335;1338;1338;1341;1341;1344;1344;1347;1347;1350;1350;1353;1353;1356;1356;1359;1359;1362;1362;1365;1365;1368;1368;1371;1371;1374;1374;1376;1376;1379;1379;117;117;114;114;111;111;108;108;105;105;102;102;99;99;96;96;93;93;90;90;87;87;84;84;82
1697977799327330.gadget2d_resized_512x512.png;class_0;1.0;polygon;x values;24;19;19;24;24;28;62;67;197;202;308;312;336;341;399;404;534;539;616;620;644;649;688;693;837;842;924;928;996;1001;1097;1102;1246;1251;1304;1309;1395;1400;1443;1448;2050;2054;2107;2112;2459;2459;2411;2406;2377;2372;2151;2146;2122;2117;2103;2098;2064;2059;1819;1814;1775;1771;1746;1742;1694;1689;1232;1227;1140;1135;1082;1078;1010;1005
1697977799327330.gadget2d_resized_512x512.png;class_0;1.0;polygon;y values;35;38;1321;1324;1327;1330;1330;1333;1333;1335;1335;1338;1338;1341;1341;1344;1344;1347;1347;1350;1350;1353;1353;1356;1356;1359;1359;1362;1362;1365;1365;1368;1368;1371;1371;1374;1374;1376;1376;1379;1379;1382;1382;1379;1379;76;76;73;73;70;70;67;67;64;64;61;61;58;58;55;55;52;52;49;49;46;46;43;43;41;41;38;38;35
1699960913999413.gadget2d_resized_512x512.png;class_0;1.0;polygon;x values;866;861;760;755;736;731;726;693;673;668;495;490;466;462;447;442;409;404;178;173;110;105;38;33;24;24;19;19;24;24;279;283;514;519;649;654;683;688;784;789;1111;1116;1419;1424;1491;1496;1540;1544;1617;1621;1751;1756;1833;1838;1881;1886;1934;1939;2059;2064;2165;2170;2237;2242;2310;2314;2459;2459;2045;2040;2006;2002;1900;1896;1761;1756;1703;1698;1434;1429;1102;1097;1078;1073;1068;1058;1053;1049;1044;1039;1029;1025
1699960913999413.gadget2d_resized_512x512.png;class_0;1.0;polygon;y values;284;287;287;290;290;292;292;313;313;316;316;319;319;322;322;325;325;328;328;331;331;333;333;336;336;339;342;1403;1406;1409;1409;1406;1406;1409;1409;1412;1412;1409;1409;1406;1406;1403;1403;1400;1400;1397;1397;1394;1394;1391;1391;1388;1388;1385;1385;1382;1382;1379;1379;1376;1376;1374;1374;1371;1371;1368;1368;292;292;295;295;298;298;295;295;298;298;301;301;304;304;301;301;298;298;292;292;290;290;287;287;284
1698247302084328.gadget2d_resized_512x512.png;class_0;1.0;polygon;x values;24;19;19;28;91;96;149;154;303;308;351;356;375;380;423;428;548;553;601;606;630;635;688;693;818;822;904;909;943;948;1010;1015;1159;1164;1232;1236;1280;1284;1395;1400;2016;2021;2459;2459;2372;2367;2334;2329;2319;2314;2281;2276;2050;2045;2006;2002;1977;1973;1925;1920;1713;1708;1674;1669;1655;1650;1617;1612;1299;1294;1121;1116;1058;1053;972;967
1698247302084328.gadget2d_resized_512x512.png;class_0;1.0;polygon;y values;93;96;1333;1338;1338;1341;1341;1344;1344;1347;1347;1350;1350;1353;1353;1356;1356;1359;1359;1362;1362;1365;1365;1368;1368;1371;1371;1374;1374;1376;1376;1379;1379;1382;1382;1385;1385;1388;1388;1391;1391;1394;1394;140;140;137;137;134;134;131;131;128;128;125;125;123;123;120;120;117;117;114;114;111;111;108;108;105;105;102;102;99;99;96;96;93
1700399658210221.gadget2d_resized_512x512.png;class_0;1.0;polygon;x values;1694;1689;1559;1554;1443;1438;1299;1294;895;890;832;827;803;798;755;750;409;404;375;370;346;341;293;288;43;38;24;24;19;19;24;510;514;534;539;668;673;794;798;952;957;1212;1217;1559;1564;1636;1641;1694;1698;1780;1785;1963;1968;2026;2030;2064;2069;2136;2141;2391;2396;2459;2459;2449;2444
1700399658210221.gadget2d_resized_512x512.png;class_0;1.0;polygon;y values;140;143;143;146;146;149;149;152;152;155;155;158;158;161;161;164;164;166;166;169;169;172;172;175;175;178;178;181;184;1248;1250;1250;1248;1248;1250;1250;1248;1248;1245;1245;1242;1242;1239;1239;1236;1236;1233;1233;1230;1230;1227;1227;1224;1224;1221;1221;1218;1218;1215;1215;1212;1212;143;143;140
1697841582461611.gadget2d_resized_512x512.png;class_0;1.0;polygon;x values;24;19;19;24;24;134;139;211;216;245;250;288;293;418;423;481;486;519;524;611;616;707;712;750;755;779;784;832;837;1010;1015;1106;1111;1145;1150;1193;1198;1270;1275;1342;1347;1434;1438;1684;1689;2276;2281;2459;2459;2444;2439;2257;2252;2213;2208;2199;2194;2170;2165;1939;1934;1891;1886;1867;1862;1795;1790;1602;1597;1549;1544;1520;1515;1482;1477;1179;1174;1029;1025;875;871;774;770
1697841582461611.gadget2d_resized_512x512.png;class_0;1.0;polygon;y values;117;120;1338;1341;1344;1344;1347;1347;1350;1350;1353;1353;1356;1356;1359;1359;1362;1362;1365;1365;1368;1368;1371;1371;1374;1374;1376;1376;1379;1379;1382;1382;1385;1385;1388;1388;1391;1391;1394;1394;1397;1397;1400;1400;1403;1403;1406;1406;166;166;164;164;161;161;158;158;155;155;152;152;149;149;146;146;143;143;140;140;137;137;134;134;131;131;128;128;125;125;123;123;120;120;117
1699937013737257.gadget2d_resized_512x512.png;class_0;1.0;polygon;x values;895;890;784;779;745;741;736;717;712;702;697;693;678;673;409;404;385;380;370;365;341;336;28;19;19;24;24;1284;1289;1419;1424;1477;1482;1549;1554;1698;1703;1751;1756;1780;1785;1852;1857;1982;1987;2026;2030;2074;2079;2208;2213;2348;2353;2406;2411;2459;2459;1982;1977;1876;1872;1679;1674;1592;1588;1525;1520;1304;1299;1097;1092;1068;1063;1058;1049;1044;1039;1034;1029;1020;1015
1699937013737257.gadget2d_resized_512x512.png;class_0;1.0;polygon;y values;284;287;287;290;290;292;292;304;304;310;310;313;313;316;316;319;319;322;322;325;325;328;328;333;1409;1412;1415;1415;1412;1412;1409;1409;1406;1406;1403;1403;1400;1400;1397;1397;1394;1394;1391;1391;1388;1388;1385;1385;1382;1382;1379;1379;1376;1376;1374;1374;292;292;295;295;292;292;295;295;298;298;301;301;304;304;301;301;298;298;292;292;290;290;287;287;284
1698110558149231.gadget2d_resized_512x512.png;class_0;1.0;polygon;x values;24;19;19;28;211;216;269;274;298;303;360;365;490;495;534;539;553;558;587;591;765;770;890;895;933;938;1034;1039;1174;1179;1251;1256;1294;1299;1371;1376;1703;1708;1963;1968;2026;2030;2324;2329;2459;2459;2454;2449;2252;2247;2208;2204;2180;2175;2131;2127;1934;1929;1905;1900;1886;1881;1857;1852;1645;1641;1559;1554;1515;1511;1419;1414
1698110558149231.gadget2d_resized_512x512.png;class_0;1.0;polygon;y values;70;73;1303;1309;1309;1312;1312;1315;1315;1318;1318;1321;1321;1324;1324;1327;1327;1330;1330;1333;1333;1335;1335;1338;1338;1341;1341;1344;1344;1347;1347;1350;1350;1353;1353;1356;1356;1359;1359;1362;1362;1365;1365;1368;1368;108;108;105;105;102;102;99;99;96;96;93;93;90;90;87;87;84;84;82;82;79;79;76;76;73;73;70
1698020380223219.gadget2d_resized_512x512.png;class_0;1.0;polygon;x values;24;19;19;24;24;28;72;77;240;245;293;298;322;327;375;380;505;510;548;553;577;582;625;630;779;784;856;861;895;899;996;1001;1145;1150;1207;1212;1241;1246;1299;1304;1588;1592;1737;1742;1766;1771;1905;1910;2002;2006;2184;2189;2459;2459;2305;2300;2261;2257;2247;2242;2204;2199;2021;2016;1982;1977;1963;1958;1920;1915;1718;1713;1669;1665;1626;1621;1559;1554;1246;1241;1174;1169;1126;1121;1049;1044
1698020380223219.gadget2d_resized_512x512.png;class_0;1.0;polygon;y values;82;84;1321;1324;1327;1330;1330;1333;1333;1335;1335;1338;1338;1341;1341;1344;1344;1347;1347;1350;1350;1353;1353;1356;1356;1359;1359;1362;1362;1365;1365;1368;1368;1371;1371;1374;1374;1376;1376;1379;1379;1382;1382;1385;1385;1382;1382;1385;1385;1388;1388;1391;1391;128;128;125;125;123;123;120;120;117;117;114;114;111;111;108;108;105;105;102;102;99;99;96;96;93;93;90;90;87;87;84;84;82
1700399657195685.gadget2d_resized_512x512.png;class_0;1.0;polygon;x values;1347;1342;1246;1241;1193;1188;1068;1063;750;745;702;697;673;668;616;611;380;375;322;317;293;288;235;231;28;19;19;28;346;351;385;389;418;423;750;755;832;837;1179;1183;1496;1501;1564;1568;1597;1602;1665;1669;1920;1925;1973;1977;2002;2006;2059;2064;2285;2290;2338;2343;2367;2372;2425;2430;2459;2459
1700399657195685.gadget2d_resized_512x512.png;class_0;1.0;polygon;y values;140;143;143;146;146;149;149;152;152;155;155;158;158;161;161;164;164;166;166;169;169;172;172;175;175;181;1245;1250;1250;1248;1248;1250;1250;1248;1248;1245;1245;1242;1242;1239;1239;1236;1236;1233;1233;1230;1230;1227;1227;1224;1224;1221;1221;1218;1218;1215;1215;1212;1212;1209;1209;1207;1207;1204;1204;140
1700327082809338.gadget2d_resized_512x512.png;class_0;1.0;polygon;x values;24;19;19;24;24;67;72;226;231;317;322;356;360;399;404;596;601;659;664;688;693;745;750;880;885;991;996;1020;1025;1058;1063;1275;1280;1424;1429;1511;1515;1631;1636;2459;2459;2247;2242;2189;2184;2170;2165;2131;2127;1852;1848;1814;1809;1790;1785;1751;1746;1713;1708;1674;1669;1597;1592;1179;1174
1700327082809338.gadget2d_resized_512x512.png;class_0;1.0;polygon;y values;23;26;1265;1268;1271;1271;1274;1274;1277;1277;1280;1280;1283;1283;1286;1286;1289;1289;1291;1291;1294;1294;1297;1297;1300;1300;1303;1303;1306;1306;1309;1309;1312;1312;1315;1315;1318;1318;1321;1321;58;58;55;55;52;52;49;49;46;46;43;43;41;41;38;38;35;35;32;32;29;29;26;26;23
1699808840085981.gadget2d_resized_512x512.png;class_0;1.0;polygon;x values;24;19;19;28;197;202;245;250;274;279;327;332;490;495;529;534;548;553;587;591;813;818;885;890;928;933;1025;1029;1236;1241;1328;1333;1405;1410;1487;1491;2459;2459;2314;2310;2281;2276;2261;2257;2223;2218;1920;1915;1872;1867;1848;1843;1795;1790;1530;1525;1448;1443;1410;1405;1342;1337
1699808840085981.gadget2d_resized_512x512.png;class_0;1.0;polygon;y values;82;84;1327;1333;1333;1335;1335;1338;1338;1341;1341;1344;1344;1347;1347;1350;1350;1353;1353;1356;1356;1359;1359;1362;1362;1365;1365;1368;1368;1371;1371;1374;1374;1376;1376;1379;1379;117;117;114;114;111;111;108;108;105;105;102;102;99;99;96;96;93;93;90;90;87;87;84;84;82
1700305965533079.gadget2d_resized_512x512.png;class_0;1.0;polygon;x values;1506;1501;1414;1410;1376;1371;1313;1309;976;972;919;914;880;875;822;818;529;524;495;490;481;476;437;433;211;206;163;158;134;129;77;72;0;0;57;62;664;668;712;717;871;875;1313;1318;1390;1395;1434;1438;1506;1511;1694;1698;1751;1756;1780;1785;1852;1857;2050;2054;2088;2093;2117;2122;2170;2175;2343;2348;2401;2406;2425;2430;2459;2459
1700305965533079.gadget2d_resized_512x512.png;class_0;1.0;polygon;y values;175;178;178;181;181;184;184;187;187;190;190;193;193;196;196;199;199;202;202;205;205;208;208;210;210;213;213;216;216;219;219;222;222;1297;1297;1294;1294;1291;1291;1289;1289;1286;1286;1283;1283;1280;1280;1277;1277;1274;1274;1271;1271;1268;1268;1265;1265;1262;1262;1259;1259;1256;1256;1253;1253;1250;1250;1248;1248;1245;1245;1242;1242;175
1698233209770793.gadget2d_resized_512x512.png;class_0;1.0;polygon;x values;24;19;19;24;91;96;206;211;245;250;293;298;370;375;413;418;442;447;519;524;577;582;630;635;649;654;678;683;765;770;818;822;827;832;837;842;847;851;856;861;875;880;928;933;996;1001;1049;1053;1087;1092;1145;1150;1328;1333;1357;1361;1414;1419;1434;1438;1453;1458;1501;1506;1559;1564;1751;1756;1823;1828;2026;2030;2180;2184;2459;2459;2411;2406;2358;2353;2338;2334;2305;2300;2093;2088;2045;2040;2016;2011;1949;1944;1718;1713;1679;1674;1669;1665;1636;1631;1313;1309;1212;1207;1174;1169;1087;1082
1698233209770793.gadget2d_resized_512x512.png;class_0;1.0;polygon;y values;93;96;1330;1333;1333;1335;1335;1338;1338;1341;1341;1344;1344;1347;1347;1350;1350;1353;1353;1356;1356;1353;1353;1350;1350;1347;1347;1344;1344;1347;1347;1350;1350;1353;1353;1356;1356;1359;1359;1362;1362;1365;1365;1368;1368;1371;1371;1374;1374;1376;1376;1379;1379;1376;1376;1374;1374;1376;1376;1379;1379;1382;1382;1385;1385;1388;1388;1391;1391;1388;1388;1391;1391;1394;1394;140;140;137;137;134;134;131;131;128;128;125;125;123;123;120;120;117;117;114;114;111;111;108;108;105;105;102;102;99;99;96;96;93
1698687176466436.gadget2d_resized_512x512.png;class_0;1.0;polygon;x values;24;19;19;24;24;48;52;206;211;259;264;283;288;336;341;500;505;553;558;582;587;635;640;770;774;827;832;875;880;986;991;1145;1150;1207;1212;1251;1256;1318;1323;1631;1636;1987;1992;2117;2122;2199;2204;2459;2459;2367;2362;2334;2329;2319;2314;2285;2281;2026;2021;1982;1977;1949;1944;1905;1900;1684;1679;1645;1641;1631;1626;1592;1588;1241;1236;1087;1082;1029;1025;880;875
1698687176466436.gadget2d_resized_512x512.png;class_0;1.0;polygon;y values;70;73;1312;1315;1318;1318;1321;1321;1324;1324;1327;1327;1330;1330;1333;1333;1335;1335;1338;1338;1341;1341;1344;1344;1347;1347;1350;1350;1353;1353;1356;1356;1359;1359;1362;1362;1365;1365;1368;1368;1371;1371;1374;1374;1371;1371;1374;1374;117;117;114;114;111;111;108;108;105;105;102;102;99;99;96;96;93;93;90;90;87;87;84;84;82;82;79;79;76;76;73;73;70
1698249894134408.gadget2d_resized_512x512.png;class_0;1.0;polygon;x values;24;19;19;28;178;182;235;240;264;269;327;332;471;476;543;548;572;577;625;630;765;770;808;813;837;842;899;904;1092;1097;1140;1145;1164;1169;1275;1280;1434;1438;1597;1602;1636;1641;1838;1843;2459;2459;2266;2261;2237;2233;2218;2213;2189;2184;1958;1953;1910;1905;1886;1881;1838;1833;1641;1636;1597;1592;1573;1568;1525;1520
1698249894134408.gadget2d_resized_512x512.png;class_0;1.0;polygon;y values;82;84;1315;1321;1321;1324;1324;1327;1327;1330;1330;1333;1333;1335;1335;1338;1338;1341;1341;1344;1344;1347;1347;1350;1350;1353;1353;1356;1356;1359;1359;1362;1362;1365;1365;1368;1368;1371;1371;1374;1374;1376;1376;1379;1379;117;117;114;114;111;111;108;108;105;105;102;102;99;99;96;96;93;93;90;90;87;87;84;84;82
1700103070266576.gadget2d_resized_512x512.png;class_0;1.0;polygon;x values;24;19;19;24;96;101;192;197;226;231;279;283;399;404;466;471;505;510;567;572;697;702;741;745;760;765;798;803;1015;1020;1106;1111;1150;1155;1203;1207;1284;1289;1395;1400;1448;1453;1496;1501;2213;2218;2348;2353;2425;2430;2435;2439;2459;2459;2343;2338;2252;2247;2218;2213;2165;2160;1977;1973;1944;1939;1929;1925;1900;1896;1713;1708;1669;1665;1641;1636;1612;1607;1554;1549;1443;1438;1179;1174;1111;1106;1073;1068;943;938
1700103070266576.gadget2d_resized_512x512.png;class_0;1.0;polygon;y values;58;61;1318;1321;1321;1324;1324;1327;1327;1330;1330;1333;1333;1335;1335;1338;1338;1341;1341;1344;1344;1347;1347;1350;1350;1353;1353;1356;1356;1359;1359;1362;1362;1365;1365;1368;1368;1371;1371;1374;1374;1376;1376;1379;1379;1382;1382;1385;1385;1382;1382;1385;1385;105;105;102;102;99;99;96;96;93;93;90;90;87;87;84;84;82;82;79;79;76;76;73;73;70;70;67;67;70;70;67;67;64;64;61;61;58
1699881799086485.gadget2d_resized_512x512.png;class_0;1.0;polygon;x values;1371;1366;1304;1299;1265;1260;1188;1183;827;822;755;750;717;712;664;659;447;442;404;399;380;375;332;327;96;91;24;24;19;19;28;341;346;770;774;861;866;1155;1159;1414;1419;1487;1491;1540;1544;1617;1621;1708;1713;1756;1761;1795;1799;1997;2002;2141;2146;2189;2194;2228;2233;2305;2310;2459;2459
1699881799086485.gadget2d_resized_512x512.png;class_0;1.0;polygon;y values;199;202;202;205;205;208;208;210;210;213;213;216;216;219;219;222;222;225;225;228;228;231;231;234;234;237;237;243;246;1315;1321;1321;1318;1318;1315;1315;1312;1312;1309;1309;1306;1306;1303;1303;1300;1300;1297;1297;1294;1294;1291;1291;1289;1289;1286;1286;1283;1283;1280;1280;1277;1277;1274;1274;199
1698056600996784.gadget2d_resized_512x512.png;class_0;1.0;polygon;x values;24;19;19;24;110;115;206;211;245;250;317;322;466;471;505;510;524;529;572;577;755;760;813;818;856;861;924;928;1102;1106;1159;1164;1188;1193;1256;1260;1660;1665;2276;2281;2334;2338;2459;2459;2435;2430;2396;2391;2372;2367;2334;2329;2131;2127;2088;2083;2059;2054;2006;2002;1737;1732;1703;1698;1679;1674;1655;1650;1289;1284;1169;1164;1058;1053;957;952
1698056600996784.gadget2d_resized_512x512.png;class_0;1.0;polygon;y values;70;73;1330;1333;1333;1335;1335;1338;1338;1341;1341;1344;1344;1347;1347;1350;1350;1353;1353;1356;1356;1359;1359;1362;1362;1365;1365;1368;1368;1371;1371;1374;1374;1376;1376;1379;1379;1382;1382;1385;1385;1388;1388;117;117;114;114;111;111;108;108;105;105;102;102;99;99;96;96;93;93;90;90;87;87;84;84;82;82;79;79;76;76;73;73;70
1699030673199463.gadget2d_resized_512x512.png;class_0;1.0;polygon;x values;24;19;19;24;33;38;120;125;149;154;202;206;351;356;399;404;418;423;457;462;625;630;678;683;702;707;745;750;981;986;1049;1053;1087;1092;1145;1150;1371;1376;1463;1467;1515;1520;1602;1607;2314;2319;2459;2459;2449;2444;2247;2242;2213;2208;2199;2194;2170;2165;1900;1896;1852;1848;1828;1823;1780;1775;1592;1588;1540;1535;1511;1506;1443;1438
1699030673199463.gadget2d_resized_512x512.png;class_0;1.0;polygon;y values;82;84;1306;1309;1309;1312;1312;1315;1315;1318;1318;1321;1321;1324;1324;1327;1327;1330;1330;1333;1333;1335;1335;1338;1338;1341;1341;1344;1344;1347;1347;1350;1350;1353;1353;1356;1356;1359;1359;1362;1362;1365;1365;1368;1368;1371;1371;120;120;117;117;114;114;111;111;108;108;105;105;102;102;99;99;96;96;93;93;90;90;87;87;84;84;82
1698028358392110.gadget2d_resized_512x512.png;class_0;1.0;polygon;x values;24;19;19;24;43;48;129;134;163;168;216;221;341;346;389;394;413;418;471;476;596;601;659;664;688;693;731;736;871;875;976;981;1015;1020;1068;1073;1207;1212;1294;1299;1361;1366;1477;1482;2285;2290;2459;2459;2415;2411;2367;2362;2353;2348;2324;2319;2093;2088;2054;2050;2026;2021;1982;1977;1751;1746;1713;1708;1698;1694;1669;1665;1371;1366;1241;1236;1203;1198;1092;1087
1698028358392110.gadget2d_resized_512x512.png;class_0;1.0;polygon;y values;93;96;1330;1333;1333;1335;1335;1338;1338;1341;1341;1344;1344;1347;1347;1350;1350;1353;1353;1356;1356;1359;1359;1362;1362;1365;1365;1368;1368;1371;1371;1374;1374;1376;1376;1379;1379;1382;1382;1385;1385;1388;1388;1391;1391;1394;1394;140;140;137;137;134;134;131;131;128;128;125;125;123;123;120;120;117;117;114;114;111;111;108;108;105;105;102;102;99;99;96;96;93
1698324887155441.gadget2d_resized_512x512.png;class_0;1.0;polygon;x values;24;19;19;24;24;62;67;91;96;134;139;293;298;336;341;356;360;389;394;553;558;587;591;601;606;630;635;721;726;904;909;943;948;1025;1029;1207;1212;1265;1270;1299;1304;1361;1366;1515;1520;1578;1583;1626;1631;1669;1674;1684;1689;1722;1727;1771;1775;1828;1833;1929;1934;2093;2098;2204;2208;2271;2276;2459;2459;2305;2300;2281;2276;2261;2257;2233;2228;1997;1992;1953;1949;1939;1934;1910;1905;1718;1713;1679;1674;1669;1665;1636;1631;1232;1227;1053;1049;1025;1020;991;986
1698324887155441.gadget2d_resized_512x512.png;class_0;1.0;polygon;y values;70;73;1318;1321;1324;1324;1327;1327;1330;1330;1333;1333;1335;1335;1338;1338;1341;1341;1344;1344;1347;1347;1350;1350;1353;1353;1356;1356;1359;1359;1362;1362;1365;1365;1368;1368;1371;1371;1374;1374;1376;1376;1379;1379;1382;1382;1379;1379;1382;1382;1385;1385;1388;1388;1391;1391;1388;1388;1385;1385;1382;1382;1385;1385;1388;1388;1391;1391;117;117;114;114;111;111;108;108;105;105;102;102;99;99;96;96;93;93;90;90;87;87;84;84;82;82;79;79;76;76;73;73;70
1699835772528684.gadget2d_resized_512x512.png;class_0;1.0;polygon;x values;1381;1376;1313;1309;1280;1275;1203;1198;847;842;794;789;770;765;721;717;404;399;380;375;370;365;346;341;139;134;19;14;0;0;81;86;158;163;269;274;437;442;770;774;1260;1265;1361;1366;1410;1414;1506;1511;1631;1636;1665;1669;1684;1689;1708;1713;1761;1766;1819;1823;1939;1944;2035;2040;2088;2093;2180;2184;2314;2319;2334;2338;2358;2362;2459;2459
1699835772528684.gadget2d_resized_512x512.png;class_0;1.0;polygon;y values;246;249;249;251;251;254;254;257;257;260;260;263;263;266;266;269;269;272;272;275;275;278;278;281;281;284;284;287;287;1330;1330;1327;1327;1330;1330;1327;1327;1324;1324;1321;1321;1318;1318;1315;1315;1312;1312;1309;1309;1306;1306;1303;1303;1300;1300;1297;1297;1294;1294;1291;1291;1294;1294;1291;1291;1289;1289;1286;1286;1283;1283;1280;1280;1277;1277;246
1697605314330476.gadget2d_resized_512x512.png;class_0;1.0;polygon;x values;24;19;19;24;129;134;187;192;211;216;264;269;404;409;462;466;486;490;543;548;707;712;765;770;789;794;866;871;1025;1029;1097;1102;1130;1135;1188;1193;1405;1410;1515;1520;1588;1592;1708;1713;2439;2444;2459;2459;2300;2295;2271;2266;2252;2247;2213;2208;1977;1973;1939;1934;1915;1910;1872;1867;1641;1636;1597;1592;1573;1568;1549;1544;1472;1467;1438;1434;1424;1419;1381;1376;1328;1323;1284;1280;1256;1251;1174;1169;1145;1140;1029;1025;986;981;899;895
1697605314330476.gadget2d_resized_512x512.png;class_0;1.0;polygon;y values;93;96;1330;1333;1333;1335;1335;1338;1338;1341;1341;1344;1344;1347;1347;1350;1350;1353;1353;1356;1356;1359;1359;1362;1362;1365;1365;1368;1368;1371;1371;1374;1374;1376;1376;1379;1379;1382;1382;1385;1385;1388;1388;1391;1391;1394;1394;140;140;137;137;134;134;131;131;128;128;125;125;123;123;120;120;117;117;114;114;111;111;108;108;105;105;102;102;99;99;96;96;93;93;96;96;99;99;102;102;105;105;102;102;99;99;96;96;93
1700311920596474.gadget2d_resized_512x512.png;class_0;1.0;polygon;x values;2285;2281;2026;2021;1790;1785;1256;1251;1188;1183;1155;1150;1029;1025;755;750;697;693;668;664;481;476;360;356;327;322;312;308;279;274;33;28;24;24;19;19;24;774;779;1005;1010;1150;1155;1256;1260;1443;1448;1515;1520;1554;1559;1626;1631;1848;1852;1910;1915;1944;1949;2006;2011;2093;2098;2189;2194;2237;2242;2310;2314;2459;2459
1700311920596474.gadget2d_resized_512x512.png;class_0;1.0;polygon;y values;166;169;169;172;172;175;175;178;178;181;181;184;184;187;187;190;190;193;193;196;196;199;199;202;202;205;205;208;208;210;210;213;213;216;219;1283;1286;1286;1283;1283;1280;1280;1277;1277;1274;1274;1271;1271;1268;1268;1265;1265;1262;1262;1259;1259;1256;1256;1253;1253;1250;1250;1248;1248;1245;1245;1242;1242;1239;1239;166
1700399629186345.gadget2d_resized_512x512.png;class_0;1.0;polygon;x values;1337;1333;1246;1241;1179;1174;1073;1068;774;770;745;741;721;717;678;673;442;437;404;399;380;375;327;322;77;72;28;24;24;19;19;28;163;168;399;404;466;471;885;890;1078;1082;1159;1164;1275;1280;1511;1515;1583;1588;1631;1636;1780;1785;1915;1920;1963;1968;1987;1992;2045;2050;2189;2194;2233;2237;2252;2257;2310;2314;2459;2459
1700399629186345.gadget2d_resized_512x512.png;class_0;1.0;polygon;y values;164;166;166;169;169;172;172;175;175;178;178;181;181;184;184;187;187;190;190;193;193;196;196;199;199;202;202;205;208;210;1271;1277;1277;1274;1274;1277;1277;1274;1274;1271;1271;1268;1268;1265;1265;1262;1262;1259;1259;1256;1256;1253;1253;1250;1250;1248;1248;1245;1245;1242;1242;1239;1239;1236;1236;1233;1233;1230;1230;1227;1227;164
1700012224591695.gadget2d_resized_512x512.png;class_0;1.0;polygon;x values;885;880;808;803;745;741;731;726;721;712;707;702;688;683;678;673;668;664;630;625;394;389;356;351;332;327;288;283;28;19;19;24;24;28;38;43;351;356;399;404;563;567;572;673;678;731;736;861;866;1414;1419;1477;1482;1515;1520;1597;1602;1742;1746;1823;1828;1872;1876;1953;1958;2088;2093;2156;2160;2180;2184;2233;2237;2401;2406;2459;2459;2358;2353;2083;2079;1987;1982;1443;1438;1366;1361;1323;1318;1193;1188;1140;1135;1092;1087;1082;1078;1068;1063;1053;1049;1034;1029;1020;1015
1700012224591695.gadget2d_resized_512x512.png;class_0;1.0;polygon;y values;284;287;287;290;290;292;292;295;295;301;301;304;304;307;307;310;310;313;313;316;316;319;319;322;322;325;325;328;328;333;1400;1403;1406;1409;1409;1406;1406;1409;1409;1412;1412;1415;1412;1412;1409;1409;1406;1406;1403;1403;1400;1400;1397;1397;1394;1394;1391;1391;1388;1388;1385;1385;1382;1382;1379;1379;1376;1376;1374;1374;1371;1371;1368;1368;1365;1365;290;290;292;292;290;290;292;292;295;295;298;298;301;301;304;304;301;301;298;298;295;295;292;292;290;290;287;287;284
1700003069482645.gadget2d_resized_512x512.png;class_0;1.0;polygon;x values;750;745;736;726;726;712;702;697;606;601;563;558;539;534;500;495;250;245;178;173;144;139;101;96;24;19;19;24;327;332;409;413;649;654;736;741;1289;1294;1386;1390;1434;1438;1520;1525;1737;1742;1775;1780;1795;1799;1852;1857;1997;2002;2050;2054;2079;2083;2170;2175;2319;2324;2362;2367;2396;2401;2459;2459;2035;2030;1992;1987;1968;1963;1737;1732;1078;1073;1063;1058;1053;1049;1039;1034
1700003069482645.gadget2d_resized_512x512.png;class_0;1.0;polygon;y values;292;295;295;301;304;313;313;316;316;319;319;322;322;325;325;328;328;331;331;333;333;336;336;339;339;342;1412;1415;1415;1417;1417;1420;1420;1417;1417;1415;1415;1412;1412;1409;1409;1406;1406;1403;1403;1400;1400;1397;1397;1394;1394;1391;1391;1388;1388;1385;1385;1382;1382;1379;1379;1376;1376;1374;1374;1371;1371;292;292;295;295;298;298;301;301;304;304;301;301;298;298;295;295;292
1700291653387576.gadget2d_resized_512x512.png;class_0;1.0;polygon;x values;1414;1410;1337;1333;1294;1289;1236;1232;909;904;842;837;794;789;741;736;462;457;437;433;418;413;385;380;149;144;24;19;0;0;4;9;19;24;62;67;356;360;548;553;731;736;1179;1183;1289;1294;1352;1357;1438;1443;1621;1626;1698;1703;1742;1746;1823;1828;2021;2026;2064;2069;2098;2103;2165;2170;2295;2300;2362;2367;2396;2401;2459;2459
1700291653387576.gadget2d_resized_512x512.png;class_0;1.0;polygon;y values;175;178;178;181;181;184;184;187;187;190;190;193;193;196;196;199;199;202;202;205;205;208;208;210;210;213;213;216;216;1297;1297;1294;1294;1291;1291;1289;1289;1291;1291;1289;1289;1286;1286;1283;1283;1280;1280;1277;1277;1274;1274;1271;1271;1268;1268;1265;1265;1262;1262;1259;1259;1256;1256;1253;1253;1250;1250;1248;1248;1245;1245;1242;1242;175
1699028887163022.gadget2d_resized_512x512.png;class_0;1.0;polygon;x values;24;19;19;28;91;96;125;129;178;182;336;341;389;394;413;418;457;462;635;640;702;707;736;741;794;798;1015;1020;1082;1087;1121;1126;1188;1193;1381;1386;1511;1515;1578;1583;1694;1698;2459;2459;2362;2358;2324;2319;2300;2295;2266;2261;2050;2045;2016;2011;1992;1987;1949;1944;1727;1722;1684;1679;1665;1660;1607;1602;1246;1241;1121;1116;1058;1053;952;948
1699028887163022.gadget2d_resized_512x512.png;class_0;1.0;polygon;y values;82;84;1306;1312;1312;1315;1315;1318;1318;1321;1321;1324;1324;1327;1327;1330;1330;1333;1333;1335;1335;1338;1338;1341;1341;1344;1344;1347;1347;1350;1350;1353;1353;1356;1356;1359;1359;1362;1362;1365;1365;1368;1368;128;128;125;125;123;123;120;120;117;117;114;114;111;111;108;108;105;105;102;102;99;99;96;96;93;93;90;90;87;87;84;84;82
1698272407587783.gadget2d_resized_512x512.png;class_0;1.0;polygon;x values;24;19;19;24;24;77;81;105;110;163;168;360;365;433;437;500;505;591;596;664;668;697;702;717;721;847;851;996;1001;1044;1049;1092;1097;1280;1284;1515;1520;1977;1982;2160;2165;2252;2257;2459;2459;2310;2305;2276;2271;2257;2252;2218;2213;1949;1944;1900;1896;1867;1862;1814;1809;1578;1573;1530;1525;1501;1496;1434;1429
1698272407587783.gadget2d_resized_512x512.png;class_0;1.0;polygon;y values;105;108;1318;1321;1324;1324;1327;1327;1330;1330;1333;1333;1335;1335;1338;1338;1341;1341;1344;1344;1347;1347;1350;1350;1353;1353;1356;1356;1359;1359;1362;1362;1365;1365;1368;1368;1371;1371;1374;1374;1376;1376;1379;1379;140;140;137;137;134;134;131;131;128;128;125;125;123;123;120;120;117;117;114;114;111;111;108;108;105
1699902743341202.gadget2d_resized_512x512.png;class_0;1.0;polygon;x values;1400;1395;1323;1318;1270;1265;1174;1169;832;827;779;774;750;745;707;702;462;457;418;413;399;394;360;356;33;28;24;24;19;19;24;24;317;322;514;519;558;563;702;707;856;861;1337;1342;1414;1419;1467;1472;1568;1573;1674;1679;1718;1722;1746;1751;1819;1823;2103;2107;2136;2141;2165;2170;2266;2271;2391;2396;2459;2459
1699902743341202.gadget2d_resized_512x512.png;class_0;1.0;polygon;y values;199;202;202;205;205;208;208;210;210;213;213;216;216;219;219;222;222;225;225;228;228;231;231;234;234;237;237;240;243;1312;1315;1318;1318;1315;1315;1312;1312;1315;1315;1312;1312;1309;1309;1306;1306;1303;1303;1300;1300;1297;1297;1294;1294;1291;1291;1289;1289;1286;1286;1283;1283;1280;1280;1277;1277;1274;1274;1271;1271;199
1700358699836270.gadget2d_resized_512x512.png;class_0;1.0;polygon;x values;28;19;19;24;24;28;105;110;341;346;452;457;495;500;587;591;760;765;837;842;967;972;1044;1049;1227;1232;1410;1414;1530;1535;1949;1953;2213;2218;2223;2223;2228;2228;2233;2233;2242;2257;2271;2271;2276;2276;2281;2285;2300;2305;2310;2329;2329;2334;2334;2343;2348;2353;2358;2382;2387;2396;2401;2430;2454;2459;2459;2290;2285;2252;2247;2237;2233;2194;2189;1833;1828;1780;1775;1746;1742;1708;1703;1655;1650;1583;1578;1318;1313;1116;1111;1020;1015;803;798
1700358699836270.gadget2d_resized_512x512.png;class_0;1.0;polygon;y values;23;29;1250;1253;1256;1259;1259;1262;1262;1265;1265;1268;1268;1271;1271;1274;1274;1277;1277;1280;1280;1283;1283;1286;1286;1289;1289;1291;1291;1294;1294;1297;1297;1294;1294;1291;1289;1286;1283;1280;1274;1274;1283;1286;1289;1291;1294;1291;1291;1294;1294;1306;1309;1312;1315;1315;1312;1312;1309;1309;1312;1312;1309;1309;1324;1324;58;58;55;55;52;52;49;49;46;46;43;43;41;41;38;38;35;35;32;32;29;29;32;32;29;29;26;26;23
1698211449304697.gadget2d_resized_512x512.png;class_0;1.0;polygon;x values;24;19;19;24;24;28;77;81;269;274;341;346;370;375;437;442;553;558;591;596;616;620;649;654;847;851;952;957;1029;1034;1097;1102;1217;1222;1284;1289;1318;1323;1381;1386;1848;1852;2276;2281;2387;2391;2459;2459;2362;2358;2314;2310;2290;2285;2252;2247;2050;2045;2016;2011;1997;1992;1953;1949;1727;1722;1679;1674;1660;1655;1597;1592;1294;1289;1217;1212;1174;1169;1087;1082
1698211449304697.gadget2d_resized_512x512.png;class_0;1.0;polygon;y values;82;84;1321;1324;1327;1330;1330;1333;1333;1335;1335;1338;1338;1341;1341;1344;1344;1347;1347;1350;1350;1353;1353;1356;1356;1359;1359;1362;1362;1365;1365;1368;1368;1371;1371;1374;1374;1376;1376;1379;1379;1382;1382;1385;1385;1388;1388;128;128;125;125;123;123;120;120;117;117;114;114;111;111;108;108;105;105;102;102;99;99;96;96;93;93;90;90;87;87;84;84;82
1700355886065511.gadget2d_resized_512x512.png;class_0;1.0;polygon;x values;1713;1708;1597;1592;1540;1535;1443;1438;1087;1082;1015;1010;976;972;914;909;664;659;606;601;572;567;510;505;308;303;259;255;235;231;187;182;0;0;19;24;591;596;702;707;818;822;1241;1246;1342;1347;1395;1400;1496;1501;1645;1650;1713;1718;1751;1756;1819;1823;2035;2040;2083;2088;2117;2122;2175;2180;2319;2324;2372;2377;2401;2406;2459;2459
1700355886065511.gadget2d_resized_512x512.png;class_0;1.0;polygon;y values;175;178;178;181;181;184;184;187;187;190;190;193;193;196;196;199;199;202;202;205;205;208;208;210;210;213;213;216;216;219;219;222;222;1297;1297;1294;1294;1291;1291;1289;1289;1286;1286;1283;1283;1280;1280;1277;1277;1274;1274;1271;1271;1268;1268;1265;1265;1262;1262;1259;1259;1256;1256;1253;1253;1250;1250;1248;1248;1245;1245;1242;1242;175
1700364990167624.gadget2d_resized_512x512.png;class_0;1.0;polygon;x values;2156;2151;1867;1862;1771;1766;1631;1626;1164;1159;1106;1102;1063;1058;1005;1001;707;702;640;635;563;558;486;481;322;317;288;283;274;269;245;240;28;19;19;24;837;842;948;952;1025;1029;1222;1227;1443;1448;1530;1535;1583;1588;1660;1665;1881;1886;1934;1939;1958;1963;2011;2016;2170;2175;2233;2237;2266;2271;2324;2329;2459;2459;2449;2444
1700364990167624.gadget2d_resized_512x512.png;class_0;1.0;polygon;y values;164;166;166;169;169;172;172;175;175;178;178;181;181;184;184;187;187;190;190;193;193;196;196;199;199;202;202;205;205;208;208;210;210;216;1283;1286;1286;1283;1283;1280;1280;1277;1277;1274;1274;1271;1271;1268;1268;1265;1265;1262;1262;1259;1259;1256;1256;1253;1253;1250;1250;1248;1248;1245;1245;1242;1242;1239;1239;166;166;164
1698142828858444.gadget2d_resized_512x512.png;class_0;1.0;polygon;x values;24;19;19;28;86;91;110;115;149;154;322;327;389;394;413;418;462;466;611;616;673;678;702;707;760;765;976;981;1039;1044;1073;1078;1145;1150;1318;1323;1405;1410;1487;1491;1597;1602;2435;2439;2459;2459;2454;2449;2228;2223;2204;2199;2184;2180;2160;2156;1900;1896;1857;1852;1833;1828;1785;1780;1592;1588;1549;1544;1525;1520;1487;1482
1698142828858444.gadget2d_resized_512x512.png;class_0;1.0;polygon;y values;82;84;1306;1312;1312;1315;1315;1318;1318;1321;1321;1324;1324;1327;1327;1330;1330;1333;1333;1335;1335;1338;1338;1341;1341;1344;1344;1347;1347;1350;1350;1353;1353;1356;1356;1359;1359;1362;1362;1365;1365;1368;1368;1371;1371;120;120;117;117;114;114;111;111;108;108;105;105;102;102;99;99;96;96;93;93;90;90;87;87;84;84;82
1699852185976498.gadget2d_resized_512x512.png;class_0;1.0;polygon;x values;24;19;19;24;24;28;62;67;216;221;279;283;308;312;356;360;471;476;543;548;572;577;616;620;736;741;818;822;880;885;976;981;1102;1106;1159;1164;1203;1207;1256;1260;1496;1501;1636;1641;1790;1795;2136;2141;2459;2459;2430;2425;2338;2334;2117;2112;2074;2069;2059;2054;2016;2011;1799;1795;1746;1742;1718;1713;1679;1674;1487;1482;1405;1400;1294;1289;1193;1188
1699852185976498.gadget2d_resized_512x512.png;class_0;1.0;polygon;y values;82;84;1321;1324;1327;1330;1330;1333;1333;1335;1335;1338;1338;1341;1341;1344;1344;1347;1347;1350;1350;1353;1353;1356;1356;1359;1359;1362;1362;1365;1365;1368;1368;1371;1371;1374;1374;1376;1376;1379;1379;1382;1382;1385;1385;1388;1388;1391;1391;123;123;120;120;117;117;114;114;111;111;108;108;105;105;102;102;99;99;96;96;93;93;90;90;87;87;84;84;82
1698285827867532.gadget2d_resized_512x512.png;class_0;1.0;polygon;x values;24;19;19;24;24;52;57;206;211;259;264;283;288;322;327;471;476;519;524;548;553;601;606;736;741;779;784;813;818;899;904;1126;1130;1174;1179;1217;1222;1313;1318;1554;1559;1650;1655;1718;1722;2021;2026;2459;2459;2367;2362;2329;2324;2310;2305;2276;2271;2026;2021;1987;1982;1963;1958;1915;1910;1708;1703;1655;1650;1617;1612;1554;1549;1159;1155;1087;1082;1053;1049;986;981
1698285827867532.gadget2d_resized_512x512.png;class_0;1.0;polygon;y values;82;84;1312;1315;1318;1318;1321;1321;1324;1324;1327;1327;1330;1330;1333;1333;1335;1335;1338;1338;1341;1341;1344;1344;1347;1347;1350;1350;1353;1353;1356;1356;1359;1359;1362;1362;1365;1365;1368;1368;1371;1371;1374;1374;1376;1376;1379;1379;128;128;125;125;123;123;120;120;117;117;114;114;111;111;108;108;105;105;102;102;99;99;96;96;93;93;90;90;87;87;84;84;82
1700354664366593.gadget2d_resized_512x512.png;class_0;1.0;polygon;x values;567;563;539;534;519;514;442;437;67;62;28;19;19;24;24;28;52;57;67;72;154;158;351;356;423;428;447;452;495;500;712;717;765;770;789;794;856;861;1073;1078;1145;1150;1174;1179;1241;1246;1540;1544;2151;2156;2257;2261;2266;2459;2459;2444;2439;2372;2367;2314;2310;2290;2285;2247;2242;1982;1977;1934;1929;1910;1905;1881;1876;1751;1746;1708;1703;1684;1679;1669;1665;1641;1636;1597;1592;1544;1540;1342;1337;1313;1309;1260;1256;871;866;818;813;798;794;765;760
1700354664366593.gadget2d_resized_512x512.png;class_0;1.0;polygon;y values;11;14;14;17;17;20;20;23;23;20;20;26;1262;1265;1268;1271;1271;1268;1268;1271;1271;1274;1274;1277;1277;1280;1280;1283;1283;1286;1286;1289;1289;1291;1291;1294;1294;1297;1297;1300;1300;1303;1303;1306;1306;1309;1309;1312;1312;1315;1315;1318;1315;1315;55;55;58;58;55;55;52;52;49;49;46;46;43;43;41;41;38;38;35;35;32;32;29;29;26;26;23;23;20;20;17;17;14;14;17;17;20;20;23;23;20;20;17;17;14;14;11
1698653309747177.gadget2d_resized_512x512.png;class_0;1.0;polygon;x values;24;19;19;24;24;28;72;77;129;134;288;293;351;356;385;389;437;442;582;587;635;640;664;668;707;712;880;885;976;981;1020;1025;1092;1097;1203;1207;1323;1328;1376;1381;1472;1477;2180;2184;2459;2459;2223;2218;2194;2189;2175;2170;2146;2141;1867;1862;1819;1814;1790;1785;1737;1732;1511;1506;1448;1443;1419;1414;1361;1357
1698653309747177.gadget2d_resized_512x512.png;class_0;1.0;polygon;y values;82;84;1318;1321;1324;1327;1327;1330;1330;1333;1333;1335;1335;1338;1338;1341;1341;1344;1344;1347;1347;1350;1350;1353;1353;1356;1356;1359;1359;1362;1362;1365;1365;1368;1368;1371;1371;1374;1374;1376;1376;1379;1379;1382;1382;117;117;114;114;111;111;108;108;105;105;102;102;99;99;96;96;93;93;90;90;87;87;84;84;82
1699812711162844.gadget2d_resized_512x512.png;class_0;1.0;polygon;x values;24;19;19;28;187;192;235;240;259;264;303;308;447;452;481;486;505;510;534;539;678;683;741;745;770;774;847;851;1087;1092;1145;1150;1174;1179;1217;1222;1501;1506;1660;1665;1708;1713;1785;1790;2459;2459;2276;2271;2233;2228;2213;2208;2175;2170;1958;1953;1920;1915;1900;1896;1857;1852;1679;1674;1607;1602;1564;1559;1496;1491
1699812711162844.gadget2d_resized_512x512.png;class_0;1.0;polygon;y values;93;96;1327;1333;1333;1335;1335;1338;1338;1341;1341;1344;1344;1347;1347;1350;1350;1353;1353;1356;1356;1359;1359;1362;1362;1365;1365;1368;1368;1371;1371;1374;1374;1376;1376;1379;1379;1382;1382;1385;1385;1388;1388;1391;1391;128;128;125;125;123;123;120;120;117;117;114;114;111;111;108;108;105;105;102;102;99;99;96;96;93
1698080265514287.gadget2d_resized_512x512.png;class_0;1.0;polygon;x values;24;19;19;24;144;149;202;206;235;240;288;293;413;418;462;466;486;490;524;529;640;644;702;707;731;736;779;784;981;986;1044;1049;1068;1073;1126;1130;1318;1323;1405;1410;1458;1463;1554;1559;2261;2266;2459;2459;2295;2290;2261;2257;2247;2242;2218;2213;1977;1973;1939;1934;1920;1915;1886;1881;1689;1684;1645;1641;1626;1621;1583;1578;1280;1275;1159;1155;1092;1087;1020;1015
1698080265514287.gadget2d_resized_512x512.png;class_0;1.0;polygon;y values;93;96;1330;1333;1333;1335;1335;1338;1338;1341;1341;1344;1344;1347;1347;1350;1350;1353;1353;1356;1356;1359;1359;1362;1362;1365;1365;1368;1368;1371;1371;1374;1374;1376;1376;1379;1379;1382;1382;1385;1385;1388;1388;1391;1391;1394;1394;140;140;137;137;134;134;131;131;128;128;125;125;123;123;120;120;117;117;114;114;111;111;108;108;105;105;102;102;99;99;96;96;93
1700007583533486.gadget2d_resized_512x512.png;class_0;1.0;polygon;x values;895;890;827;822;760;755;741;736;731;726;721;717;712;707;668;664;466;462;442;437;404;399;235;231;182;178;163;158;115;110;24;19;19;24;24;1058;1063;1381;1386;1434;1438;1520;1525;1636;1641;1737;1742;1785;1790;1828;1833;1891;1896;1934;1939;1949;1953;1958;1963;1968;1973;1992;1997;2059;2064;2218;2223;2242;2247;2281;2285;2319;2324;2353;2358;2367;2372;2377;2382;2391;2396;2459;2459;2281;2276;2040;2035;1929;1925;1881;1876;1872;1867;1833;1828;1790;1785;1241;1236;1179;1174;1097;1092;1068;1063;1049;1044;1025;1020;1015;1010
1700007583533486.gadget2d_resized_512x512.png;class_0;1.0;polygon;y values;284;287;287;290;290;292;292;295;295;298;298;301;301;304;304;307;307;310;310;313;313;316;316;319;319;322;322;325;325;328;328;331;1409;1412;1415;1415;1412;1412;1409;1409;1406;1406;1403;1403;1400;1400;1397;1397;1394;1394;1391;1391;1388;1388;1385;1385;1382;1382;1379;1379;1376;1376;1374;1374;1371;1371;1368;1368;1365;1365;1362;1362;1359;1359;1356;1356;1353;1353;1350;1350;1347;1347;284;284;287;287;290;290;287;287;284;284;287;287;290;290;292;292;295;295;298;298;295;295;292;292;290;290;287;287;284
1698702495784243.gadget2d_resized_512x512.png;class_0;1.0;polygon;x values;24;19;19;28;134;139;163;168;216;221;360;365;409;413;437;442;490;495;630;635;697;702;726;731;770;774;943;948;1015;1020;1049;1053;1111;1116;1251;1256;1333;1337;1429;1434;1515;1520;2208;2213;2459;2459;2334;2329;2300;2295;2285;2281;2257;2252;2026;2021;1987;1982;1958;1953;1910;1905;1679;1674;1641;1636;1621;1617;1588;1583;1270;1265;1116;1111;1034;1029;924;919
1698702495784243.gadget2d_resized_512x512.png;class_0;1.0;polygon;y values;93;96;1330;1335;1335;1338;1338;1341;1341;1344;1344;1347;1347;1350;1350;1353;1353;1356;1356;1359;1359;1362;1362;1365;1365;1368;1368;1371;1371;1374;1374;1376;1376;1379;1379;1382;1382;1385;1385;1388;1388;1391;1391;1394;1394;140;140;137;137;134;134;131;131;128;128;125;125;123;123;120;120;117;117;114;114;111;111;108;108;105;105;102;102;99;99;96;96;93
1698328270141016.gadget2d_resized_512x512.png;class_0;1.0;polygon;x values;24;19;19;24;24;125;129;202;206;240;245;293;298;433;437;514;519;582;587;654;659;731;736;765;770;789;794;856;861;1053;1058;1135;1140;1174;1179;1256;1260;1381;1386;1530;1535;1602;1607;2011;2016;2343;2348;2459;2459;2358;2353;2319;2314;2295;2290;2266;2261;2059;2054;2011;2006;1977;1973;1915;1910;1655;1650;1592;1588;1568;1564;1549;1544;1496;1491;1333;1328;1227;1222;1111;1106;1068;1063;1001;996;904;899;765;760
1698328270141016.gadget2d_resized_512x512.png;class_0;1.0;polygon;y values;70;73;1315;1318;1321;1321;1324;1324;1327;1327;1330;1330;1333;1333;1335;1335;1338;1338;1341;1341;1344;1344;1347;1347;1350;1350;1353;1353;1356;1356;1359;1359;1362;1362;1365;1365;1368;1368;1371;1371;1374;1374;1376;1376;1379;1379;1382;1382;117;117;114;114;111;111;108;108;105;105;102;102;99;99;96;96;93;93;90;90;87;87;84;84;82;82;79;79;82;82;79;79;76;76;73;73;70;70;73;73;70
1697980227377403.gadget2d_resized_512x512.png;class_0;1.0;polygon;x values;24;19;19;24;24;158;163;226;231;259;264;317;322;466;471;519;524;553;558;620;625;755;760;779;784;822;827;967;972;1169;1174;1289;1294;1381;1386;1477;1482;1641;1645;1814;1819;1920;1925;2093;2098;2156;2160;2180;2184;2271;2276;2358;2362;2425;2430;2459;2459;2435;2430;2180;2175;2136;2131;2112;2107;2064;2059;1843;1838;1785;1780;1756;1751;1732;1727;1434;1429;1294;1289;1193;1188;1068;1063
1697980227377403.gadget2d_resized_512x512.png;class_0;1.0;polygon;y values;70;73;1315;1318;1321;1321;1324;1324;1327;1327;1330;1330;1333;1333;1335;1335;1338;1338;1341;1341;1344;1344;1347;1347;1350;1350;1353;1353;1356;1356;1359;1359;1362;1362;1365;1365;1368;1368;1371;1371;1368;1368;1371;1371;1368;1368;1365;1365;1368;1368;1371;1371;1374;1374;1371;1371;108;108;105;105;102;102;99;99;96;96;93;93;90;90;87;87;84;84;82;82;79;79;76;76;73;73;70
1698291823001418.gadget2d_resized_512x512.png;class_0;1.0;polygon;x values;28;19;19;24;86;91;173;178;216;221;288;293;423;428;471;476;495;500;534;539;668;673;736;741;760;765;933;938;1078;1082;1130;1135;1155;1159;1203;1207;1482;1487;1698;1703;1780;1785;1896;1900;2064;2069;2362;2367;2459;2459;2382;2377;2343;2338;2329;2324;2295;2290;2026;2021;1973;1968;1929;1925;1872;1867;1669;1665;1607;1602;1583;1578;1525;1520;1020;1015;856;851;774;770;673;668;582;577;91;86
1698291823001418.gadget2d_resized_512x512.png;class_0;1.0;polygon;y values;93;99;1330;1333;1333;1335;1335;1338;1338;1341;1341;1344;1344;1347;1347;1350;1350;1353;1353;1356;1356;1359;1359;1362;1362;1365;1365;1368;1368;1371;1371;1374;1374;1376;1376;1379;1379;1382;1382;1385;1385;1382;1382;1385;1385;1388;1388;1391;1391;140;140;137;137;134;134;131;131;128;128;125;125;123;123;120;120;117;117;114;114;111;111;108;108;105;105;102;102;99;99;96;96;93;93;96;96;93
1698271484557142.gadget2d_resized_512x512.png;class_0;1.0;polygon;x values;24;19;19;24;139;144;202;206;226;231;279;283;418;423;466;471;486;490;519;524;649;654;717;721;745;750;798;803;1010;1015;1063;1068;1097;1102;1145;1150;1318;1323;1453;1458;1520;1525;1592;1597;2459;2459;2439;2435;2228;2223;2189;2184;2170;2165;2127;2122;1910;1905;1876;1872;1857;1852;1814;1809;1650;1645;1578;1573;1540;1535;1458;1453
1698271484557142.gadget2d_resized_512x512.png;class_0;1.0;polygon;y values;93;96;1330;1333;1333;1335;1335;1338;1338;1341;1341;1344;1344;1347;1347;1350;1350;1353;1353;1356;1356;1359;1359;1362;1362;1365;1365;1368;1368;1371;1371;1374;1374;1376;1376;1379;1379;1382;1382;1385;1385;1388;1388;1391;1391;131;131;128;128;125;125;123;123;120;120;117;117;114;114;111;111;108;108;105;105;102;102;99;99;96;96;93
1698672593165060.gadget2d_resized_512x512.png;class_0;1.0;polygon;x values;24;19;19;24;91;96;163;168;192;197;245;250;404;409;457;462;481;486;524;529;668;673;707;712;726;731;750;755;1053;1058;1130;1135;1164;1169;1236;1241;1400;1405;1520;1525;1607;1612;1689;1694;2459;2459;2310;2305;2281;2276;2257;2252;2218;2213;1949;1944;1910;1905;1886;1881;1848;1843;1607;1602;1559;1554;1530;1525;1482;1477
1698672593165060.gadget2d_resized_512x512.png;class_0;1.0;polygon;y values;82;84;1318;1321;1321;1324;1324;1327;1327;1330;1330;1333;1333;1335;1335;1338;1338;1341;1341;1344;1344;1347;1347;1350;1350;1353;1353;1356;1356;1359;1359;1362;1362;1365;1365;1368;1368;1371;1371;1374;1374;1376;1376;1379;1379;117;117;114;114;111;111;108;108;105;105;102;102;99;99;96;96;93;93;90;90;87;87;84;84;82
1700095220107237.gadget2d_resized_512x512.png;class_0;1.0;polygon;x values;24;19;19;24;24;33;38;202;206;283;288;327;332;394;399;481;486;534;539;563;567;611;616;770;774;827;832;885;890;976;981;1082;1087;1140;1145;1174;1179;1246;1251;1381;1386;1477;1482;1530;1535;1607;1612;1987;1992;2175;2180;2266;2271;2406;2411;2459;2459;2454;2449;2439;2435;2415;2411;2213;2208;2146;2141;2122;2117;2069;2064;1809;1804;1751;1746;1722;1718;1698;1694;1583;1578;1477;1472;1366;1361;1203;1198
1700095220107237.gadget2d_resized_512x512.png;class_0;1.0;polygon;y values;117;120;1300;1303;1306;1306;1309;1309;1312;1312;1315;1315;1318;1318;1321;1321;1324;1324;1327;1327;1330;1330;1333;1333;1335;1335;1338;1338;1341;1341;1344;1344;1347;1347;1350;1350;1353;1353;1356;1356;1359;1359;1362;1362;1365;1365;1368;1368;1371;1371;1374;1374;1376;1376;1379;1379;161;161;158;158;155;155;152;152;149;149;146;146;143;143;140;140;137;137;134;134;131;131;128;128;125;125;123;123;120;120;117
1699838785699481.gadget2d_resized_512x512.png;class_0;1.0;polygon;x values;0;0;197;202;240;245;264;269;312;317;452;457;495;500;514;519;548;553;664;668;721;726;755;760;818;822;1010;1015;1058;1063;1087;1092;1130;1135;1366;1371;1438;1443;1472;1477;1530;1535;1910;1915;2122;2127;2175;2180;2266;2271;2459;2459;2430;2425;2391;2387;2377;2372;2348;2343;2146;2141;2107;2103;2088;2083;2045;2040;1828;1823;1790;1785;1771;1766;1746;1742;1612;1607;1535;1530;1491;1487;1419;1414
1699838785699481.gadget2d_resized_512x512.png;class_0;1.0;polygon;y values;93;1333;1333;1335;1335;1338;1338;1341;1341;1344;1344;1347;1347;1350;1350;1353;1353;1356;1356;1359;1359;1362;1362;1365;1365;1368;1368;1371;1371;1374;1374;1376;1376;1379;1379;1382;1382;1385;1385;1388;1388;1391;1391;1394;1394;1397;1397;1400;1400;1403;1403;140;140;137;137;134;134;131;131;128;128;125;125;123;123;120;120;117;117;114;114;111;111;108;108;105;105;102;102;99;99;96;96;93
1698248707117821.gadget2d_resized_512x512.png;class_0;1.0;polygon;x values;24;19;19;24;24;52;57;115;120;269;274;317;322;341;346;385;389;514;519;563;567;596;601;644;649;789;794;890;895;924;928;981;986;1155;1159;1227;1232;1275;1280;1347;1352;1631;1636;1968;1973;2054;2059;2257;2261;2411;2415;2459;2459;2358;2353;2329;2324;2314;2310;2285;2281;2054;2050;2021;2016;2002;1997;1949;1944;1751;1746;1713;1708;1698;1694;1665;1660;1390;1386;1188;1183;1082;1078;986;981
1698248707117821.gadget2d_resized_512x512.png;class_0;1.0;polygon;y values;93;96;1333;1335;1338;1338;1341;1341;1344;1344;1347;1347;1350;1350;1353;1353;1356;1356;1359;1359;1362;1362;1365;1365;1368;1368;1371;1371;1374;1374;1376;1376;1379;1379;1382;1382;1385;1385;1388;1388;1391;1391;1394;1394;1397;1397;1400;1400;1403;1403;1400;1400;140;140;137;137;134;134;131;131;128;128;125;125;123;123;120;120;117;117;114;114;111;111;108;108;105;105;102;102;99;99;96;96;93
1698240299925280.gadget2d_resized_512x512.png;class_0;1.0;polygon;x values;24;19;19;24;129;134;187;192;211;216;259;264;394;399;437;442;462;466;505;510;649;654;707;712;731;736;789;794;1044;1049;1102;1106;1135;1140;1188;1193;1395;1400;1554;1559;1607;1612;1896;1900;2459;2459;2406;2401;2353;2348;2285;2281;2083;2079;2050;2045;2030;2026;1987;1982;1751;1746;1708;1703;1674;1669;1626;1621;1371;1366;1304;1299;1275;1270;1164;1159
1698240299925280.gadget2d_resized_512x512.png;class_0;1.0;polygon;y values;105;108;1330;1333;1333;1335;1335;1338;1338;1341;1341;1344;1344;1347;1347;1350;1350;1353;1353;1356;1356;1359;1359;1362;1362;1365;1365;1368;1368;1371;1371;1374;1374;1376;1376;1379;1379;1382;1382;1385;1385;1388;1388;1391;1391;149;149;146;146;143;143;140;140;137;137;134;134;131;131;128;128;125;125;123;123;120;120;117;117;114;114;111;111;108;108;105
1698173138514165.gadget2d_resized_512x512.png;class_0;1.0;polygon;x values;24;19;19;24;125;129;178;182;202;206;245;250;385;389;428;433;447;452;495;500;630;635;697;702;726;731;784;789;991;996;1058;1063;1087;1092;1130;1135;1357;1361;1472;1477;1520;1525;1655;1660;2459;2459;2281;2276;2247;2242;2223;2218;2189;2184;1953;1949;1920;1915;1905;1900;1867;1862;1698;1694;1641;1636;1592;1588;1511;1506
1698173138514165.gadget2d_resized_512x512.png;class_0;1.0;polygon;y values;93;96;1330;1333;1333;1335;1335;1338;1338;1341;1341;1344;1344;1347;1347;1350;1350;1353;1353;1356;1356;1359;1359;1362;1362;1365;1365;1368;1368;1371;1371;1374;1374;1376;1376;1379;1379;1382;1382;1385;1385;1388;1388;1391;1391;128;128;125;125;123;123;120;120;117;117;114;114;111;111;108;108;105;105;102;102;99;99;96;96;93
1700006089512809.gadget2d_resized_512x512.png;class_0;1.0;polygon;x values;649;644;630;625;606;591;591;587;587;582;582;577;577;572;572;577;577;582;582;587;587;596;596;611;616;630;630;635;635;640;640;644;644;654;654;659;659;664;673;678;688;693;697;745;745;750;750;760;760;755;755;765;774;779;794;803;808;818;818;808;789;784;770;765;750;745;741;736;736;721;630;625;616;611;601;596;587;582;567;563;548;543;486;481;409;404;394;389;404;409;413;418;423;437;442;457;462;505;510;519;524;529;539;539;534;524;519;514;505;500;495;481;476;428;423;404;399;389;385;341;336;312;308;173;168;24;19;19;1684;1684;1689;1703;1708;1756;1761;1968;1973;1982;1987;1997;2002;2045;2050;2175;2180;2233;2237;2271;2276;2334;2338;2459;2459;2271;2266;2247;2242;2237;2233;2213;2208;2131;2127;2107;2103;2098;2093;2083;2079;2030;2026;2021;2016;2011;2006;1992;1987;1905;1900;1872;1867;1862;1857;1833;1828;1756;1751;1742;1737;1732;1727;1718;1713;1684;1679;1669;1665;1660;1655;1645;1641;1631;1626;1617;1612;1607;1602;1597;1592;1588;1583;1578;1573;1568;1544;1535;1530;1515;1511;1491;1487;1482;1477;1443;1438;1419;1414;1376;1366;1361;1361;1357;1357;1361;1361;1366;1366;1361;1361;1352;1347;1337;1333;1328;1323;1318;1309;1304;1299;1294;1275;1270;1232;1227;1212;1207;1198;1193;1082;1078;1063;1058;1039;1034;1015;1010;991;986;981;967;962;957;952;948;948;943;943;952;972;991;991;996;1001;1005;1015;1029;1029;1034;1034;1039;1039;1029;1010;1005
1700006089512809.gadget2d_resized_512x512.png;class_0;1.0;polygon;y values;281;284;284;287;287;295;298;301;304;307;313;316;322;325;357;360;375;377;383;386;389;395;398;407;407;416;421;424;427;430;433;436;439;445;448;451;454;457;457;459;459;462;462;492;495;498;500;506;527;530;533;539;539;541;541;547;547;553;559;565;565;562;562;559;559;556;556;553;550;541;541;544;544;547;547;550;550;553;553;556;556;559;559;562;562;565;565;568;577;577;580;580;583;583;585;585;588;588;591;591;594;594;600;603;606;606;609;609;615;615;618;618;621;621;624;624;626;626;629;629;626;626;624;624;621;621;624;1497;1497;1494;1491;1491;1488;1488;1485;1485;1482;1482;1479;1479;1476;1476;1473;1473;1470;1470;1467;1467;1464;1464;1461;1461;386;386;383;383;380;380;377;377;375;375;377;377;380;380;383;383;386;386;389;389;392;392;395;395;398;398;395;395;392;392;389;389;386;386;383;383;380;380;377;377;375;375;372;372;369;369;366;366;363;363;360;360;357;357;354;354;351;351;348;348;345;345;331;331;328;328;325;325;322;322;319;319;316;316;319;319;325;325;328;331;345;348;351;354;366;369;372;377;377;383;383;386;386;389;389;392;392;395;395;398;398;401;401;404;404;407;407;404;404;401;401;398;398;395;395;392;392;383;383;380;380;377;372;369;366;360;360;348;345;342;342;339;339;331;325;322;313;310;290;284;284;281
1698274526631427.gadget2d_resized_512x512.png;class_0;1.0;polygon;x values;24;19;19;24;96;101;173;178;206;211;259;264;385;389;433;437;457;462;510;514;664;668;726;731;750;755;803;808;972;976;1029;1034;1063;1068;1126;1130;1280;1284;1361;1366;1438;1443;1515;1520;2189;2194;2444;2449;2459;2459;2329;2324;2295;2290;2285;2281;2257;2252;2030;2026;1987;1982;1953;1949;1910;1905;1718;1713;1684;1679;1669;1665;1641;1636;1337;1333;1207;1203;1150;1145;1058;1053
1698274526631427.gadget2d_resized_512x512.png;class_0;1.0;polygon;y values;93;96;1330;1333;1333;1335;1335;1338;1338;1341;1341;1344;1344;1347;1347;1350;1350;1353;1353;1356;1356;1359;1359;1362;1362;1365;1365;1368;1368;1371;1371;1374;1374;1376;1376;1379;1379;1382;1382;1385;1385;1388;1388;1391;1391;1394;1394;1397;1397;140;140;137;137;134;134;131;131;128;128;125;125;123;123;120;120;117;117;114;114;111;111;108;108;105;105;102;102;99;99;96;96;93
1698309360371186.gadget2d_resized_512x512.png;class_0;1.0;polygon;x values;24;19;19;24;24;67;72;240;245;283;288;312;317;356;360;500;505;543;548;567;572;625;630;760;765;818;822;856;861;933;938;1159;1164;1241;1246;1284;1289;1347;1352;1655;1660;1857;1862;1915;1920;2189;2194;2459;2459;2454;2449;2420;2415;2406;2401;2367;2362;2127;2122;2079;2074;2054;2050;2011;2006;1799;1795;1756;1751;1742;1737;1708;1703;1434;1429;1318;1313;1284;1280;1159;1155
1698309360371186.gadget2d_resized_512x512.png;class_0;1.0;polygon;y values;70;73;1312;1315;1318;1318;1321;1321;1324;1324;1327;1327;1330;1330;1333;1333;1335;1335;1338;1338;1341;1341;1344;1344;1347;1347;1350;1350;1353;1353;1356;1356;1359;1359;1362;1362;1365;1365;1368;1368;1371;1371;1374;1374;1376;1376;1379;1379;117;117;114;114;111;111;108;108;105;105;102;102;99;99;96;96;93;93;90;90;87;87;84;84;82;82;79;79;76;76;73;73;70
1700401500706806.gadget2d_resized_512x512.png;class_0;1.0;polygon;x values;1694;1689;1568;1564;1438;1434;1337;1333;981;976;938;933;914;909;871;866;539;534;486;481;462;457;423;418;231;226;202;197;182;178;149;144;0;0;14;19;837;842;1020;1025;1164;1169;1270;1275;1467;1472;1544;1549;1583;1588;1650;1655;1891;1896;1944;1949;1973;1977;2021;2026;2160;2165;2213;2218;2247;2252;2300;2305;2459;2459
1700401500706806.gadget2d_resized_512x512.png;class_0;1.0;polygon;y values;164;166;166;169;169;172;172;175;175;178;178;181;181;184;184;187;187;190;190;193;193;196;196;199;199;202;202;205;205;208;208;210;210;1289;1289;1286;1286;1283;1283;1280;1280;1277;1277;1274;1274;1271;1271;1268;1268;1265;1265;1262;1262;1259;1259;1256;1256;1253;1253;1250;1250;1248;1248;1245;1245;1242;1242;1239;1239;164
1700363485151790.gadget2d_resized_512x512.png;class_0;1.0;polygon;x values;1313;1309;1256;1251;1232;1227;1183;1179;837;832;789;784;765;760;712;707;442;437;409;404;394;389;356;351;96;91;28;24;24;19;19;24;24;28;67;72;462;466;726;731;1188;1193;1270;1275;1323;1328;1405;1410;1607;1612;1674;1679;1708;1713;1775;1780;1987;1992;2026;2030;2050;2054;2098;2103;2271;2276;2334;2338;2367;2372;2411;2415;2459;2459
1700363485151790.gadget2d_resized_512x512.png;class_0;1.0;polygon;y values;175;178;178;181;181;184;184;187;187;190;190;193;193;196;196;199;199;202;202;205;205;208;208;210;210;213;213;216;219;222;1286;1289;1291;1294;1294;1291;1291;1289;1289;1286;1286;1283;1283;1280;1280;1277;1277;1274;1274;1271;1271;1268;1268;1265;1265;1262;1262;1259;1259;1256;1256;1253;1253;1250;1250;1248;1248;1245;1245;1242;1242;1239;1239;175
1700400346712222.gadget2d_resized_512x512.png;class_0;1.0;polygon;x values;1337;1333;1280;1275;1246;1241;1198;1193;914;909;847;842;822;818;784;779;558;553;514;510;495;490;452;447;279;274;231;226;206;202;163;158;24;19;19;24;24;86;91;264;269;625;630;1044;1049;1106;1111;1164;1169;1260;1265;1453;1458;1515;1520;1559;1564;1621;1626;1809;1814;1857;1862;1886;1891;1949;1953;2093;2098;2136;2141;2165;2170;2208;2213;2372;2377;2411;2415;2459;2459
1700400346712222.gadget2d_resized_512x512.png;class_0;1.0;polygon;y values;175;178;178;181;181;184;184;187;187;190;190;193;193;196;196;199;199;202;202;205;205;208;208;210;210;213;213;216;216;219;219;222;222;225;1309;1312;1318;1318;1315;1315;1312;1312;1309;1309;1306;1306;1303;1303;1300;1300;1297;1297;1294;1294;1291;1291;1289;1289;1286;1286;1283;1283;1280;1280;1277;1277;1274;1274;1271;1271;1268;1268;1265;1265;1262;1262;1259;1259;1256;1256;175
1699775207384991.gadget2d_resized_512x512.png;class_0;1.0;polygon;x values;24;19;19;24;96;101;197;202;235;240;298;303;423;428;490;495;524;529;601;606;741;745;784;789;813;818;880;885;1092;1097;1159;1164;1198;1203;1246;1251;1463;1467;1665;1669;1785;1790;2184;2189;2459;2459;2420;2415;2334;2329;2305;2300;2271;2266;2098;2093;2050;2045;2016;2011;1939;1934;1703;1698;1655;1650;1636;1631;1617;1612;1583;1578;1034;1029;972;967;765;760
1699775207384991.gadget2d_resized_512x512.png;class_0;1.0;polygon;y values;93;96;1330;1333;1333;1335;1335;1338;1338;1341;1341;1344;1344;1347;1347;1350;1350;1353;1353;1356;1356;1359;1359;1362;1362;1365;1365;1368;1368;1371;1371;1374;1374;1376;1376;1379;1379;1382;1382;1385;1385;1388;1388;1391;1391;140;140;137;137;134;134;131;131;128;128;125;125;123;123;120;120;117;117;114;114;111;111;108;108;105;105;102;102;99;99;96;96;93
1698109319123757.gadget2d_resized_512x512.png;class_0;1.0;polygon;x values;24;19;19;28;211;216;269;274;298;303;360;365;505;510;548;553;567;572;606;611;784;789;904;909;981;986;1068;1073;1241;1246;1347;1352;1400;1405;1482;1487;2208;2213;2459;2459;2343;2338;2295;2290;2271;2266;2213;2208;2002;1997;1958;1953;1939;1934;1905;1900;1650;1645;1564;1559;1515;1511;1429;1424
1698109319123757.gadget2d_resized_512x512.png;class_0;1.0;polygon;y values;70;73;1303;1309;1309;1312;1312;1315;1315;1318;1318;1321;1321;1324;1324;1327;1327;1330;1330;1333;1333;1335;1335;1338;1338;1341;1341;1344;1344;1347;1347;1350;1350;1353;1353;1356;1356;1359;1359;105;105;102;102;99;99;96;96;93;93;90;90;87;87;84;84;82;82;79;79;76;76;73;73;70
1699804990007030.gadget2d_resized_512x512.png;class_0;1.0;polygon;x values;24;19;19;28;86;91;120;125;168;173;341;346;380;385;404;409;442;447;563;567;601;606;625;630;664;668;976;981;1034;1039;1068;1073;1135;1140;1337;1342;1429;1434;1491;1496;1612;1617;2459;2459;2430;2425;2391;2387;2367;2362;2334;2329;2083;2079;2040;2035;2021;2016;1982;1977;1761;1756;1722;1718;1708;1703;1674;1669;1294;1289;1183;1179;1102;1097;1020;1015
1699804990007030.gadget2d_resized_512x512.png;class_0;1.0;polygon;y values;70;73;1318;1324;1324;1327;1327;1330;1330;1333;1333;1335;1335;1338;1338;1341;1341;1344;1344;1347;1347;1350;1350;1353;1353;1356;1356;1359;1359;1362;1362;1365;1365;1368;1368;1371;1371;1374;1374;1376;1376;1379;1379;117;117;114;114;111;111;108;108;105;105;102;102;99;99;96;96;93;93;90;90;87;87;84;84;82;82;79;79;76;76;73;73;70
1698641274491007.gadget2d_resized_512x512.png;class_0;1.0;polygon;x values;24;19;19;24;24;154;158;206;211;235;240;293;298;466;471;514;519;548;553;616;620;750;755;789;794;827;832;914;919;1135;1140;1227;1232;1280;1284;1410;1414;1746;1751;1785;1790;1929;1934;2459;2459;2454;2449;2228;2223;2199;2194;2180;2175;2146;2141;1891;1886;1852;1848;1833;1828;1804;1799;1626;1621;1525;1520;1458;1453;1328;1323
1698641274491007.gadget2d_resized_512x512.png;class_0;1.0;polygon;y values;46;49;1291;1294;1297;1297;1300;1300;1303;1303;1306;1306;1309;1309;1312;1312;1315;1315;1318;1318;1321;1321;1324;1324;1327;1327;1330;1330;1333;1333;1335;1335;1338;1338;1341;1341;1344;1344;1347;1347;1344;1344;1347;1347;84;84;82;82;79;79;76;76;73;73;70;70;67;67;64;64;61;61;58;58;55;55;52;52;49;49;46
1697977744325699.gadget2d_resized_512x512.png;class_0;1.0;polygon;x values;24;19;19;24;24;43;48;206;211;269;274;303;308;365;370;457;462;495;500;514;519;553;558;673;678;755;760;784;789;837;842;1106;1111;1159;1164;1183;1188;1236;1241;1443;1448;1520;1525;1617;1621;1910;1915;2406;2411;2459;2459;2218;2213;2184;2180;2175;2170;2146;2141;1905;1900;1857;1852;1828;1823;1775;1771;1583;1578;1525;1520;1491;1487;1443;1438;981;976;895;890;861;856;750;745
1697977744325699.gadget2d_resized_512x512.png;class_0;1.0;polygon;y values;70;73;1347;1350;1353;1353;1356;1356;1359;1359;1362;1362;1365;1365;1368;1368;1371;1371;1374;1374;1376;1376;1379;1379;1382;1382;1385;1385;1388;1388;1391;1391;1394;1394;1397;1397;1400;1400;1403;1403;1406;1406;1409;1409;1412;1412;1415;1415;1412;1412;117;117;114;114;111;111;108;108;105;105;102;102;99;99;96;96;93;93;90;90;87;87;84;84;82;82;79;79;76;76;73;73;70
1698009670002645.gadget2d_resized_512x512.png;class_0;1.0;polygon;x values;24;19;19;24;24;57;62;211;216;269;274;293;298;360;365;471;476;519;524;548;553;596;601;707;712;741;745;750;755;784;789;1029;1034;1082;1087;1106;1111;1155;1159;1395;1400;1515;1520;1568;1573;1650;1655;2459;2459;2281;2276;2237;2233;2218;2213;2175;2170;1944;1939;1905;1900;1881;1876;1848;1843;1641;1636;1573;1568;1540;1535;1477;1472;1179;1174;1087;1082;1049;1044;972;967
1698009670002645.gadget2d_resized_512x512.png;class_0;1.0;polygon;y values;105;108;1335;1338;1341;1341;1344;1344;1347;1347;1350;1350;1353;1353;1356;1356;1359;1359;1362;1362;1365;1365;1368;1368;1371;1371;1374;1374;1376;1376;1379;1379;1382;1382;1385;1385;1388;1388;1391;1391;1394;1394;1397;1397;1400;1400;1403;1403;152;152;149;149;146;146;143;143;140;140;137;137;134;134;131;131;128;128;125;125;123;123;120;120;117;117;114;114;111;111;108;108;105
1700386546291279.gadget2d_resized_512x512.png;class_0;1.0;polygon;x values;1756;1751;1626;1621;1501;1496;1390;1386;1063;1058;991;986;967;962;919;914;563;558;490;486;471;466;428;423;283;279;245;240;221;216;182;178;0;0;644;649;693;697;731;736;871;875;1280;1284;1395;1400;1443;1448;1511;1515;1732;1737;1795;1799;1828;1833;1896;1900;2054;2059;2103;2107;2136;2141;2208;2213;2396;2401;2459;2459
1700386546291279.gadget2d_resized_512x512.png;class_0;1.0;polygon;y values;164;166;166;169;169;172;172;175;175;178;178;181;181;184;184;187;187;190;190;193;193;196;196;199;199;202;202;205;205;208;208;210;210;1286;1286;1283;1283;1280;1280;1277;1277;1274;1274;1271;1271;1268;1268;1265;1265;1262;1262;1259;1259;1256;1256;1253;1253;1250;1250;1248;1248;1245;1245;1242;1242;1239;1239;1236;1236;164
1699917340371460.gadget2d_resized_512x512.png;class_0;1.0;polygon;x values;28;19;19;28;57;62;105;110;240;245;312;317;346;351;389;394;524;529;625;630;654;659;702;707;808;813;909;914;962;967;1039;1044;1203;1207;1280;1284;1333;1337;1414;1419;1554;1559;1925;1929;1987;1992;2165;2170;2290;2295;2459;2459;2444;2439;2223;2218;2175;2170;2151;2146;2117;2112;1867;1862;1823;1819;1780;1775;1708;1703;1578;1573;1352;1347;1299;1294;1241;1236;866;861;789;784;760;755;683;678;553;548;543;539;389;385;178;173
1699917340371460.gadget2d_resized_512x512.png;class_0;1.0;polygon;y values;70;76;1309;1315;1315;1318;1318;1321;1321;1324;1324;1327;1327;1330;1330;1333;1333;1335;1335;1338;1338;1341;1341;1344;1344;1347;1347;1350;1350;1353;1353;1356;1356;1359;1359;1362;1362;1365;1365;1368;1368;1371;1371;1374;1374;1371;1371;1374;1374;1376;1376;120;120;117;117;114;114;111;111;108;108;105;105;102;102;99;99;96;96;93;93;90;90;87;87;84;84;82;82;79;79;76;76;73;73;70;70;73;73;70;70;73;73;70
1700318800671781.gadget2d_resized_512x512.png;class_0;1.0;polygon;x values;1607;1602;1525;1520;1467;1463;1390;1386;1087;1082;1005;1001;972;967;924;919;659;654;606;601;577;572;519;514;298;293;255;250;231;226;178;173;0;0;298;303;389;394;418;423;712;717;813;818;1001;1005;1328;1333;1405;1410;1472;1477;1568;1573;1718;1722;1775;1780;1804;1809;1862;1867;2045;2050;2093;2098;2122;2127;2170;2175;2324;2329;2382;2387;2406;2411;2459;2459
1700318800671781.gadget2d_resized_512x512.png;class_0;1.0;polygon;y values;175;178;178;181;181;184;184;187;187;190;190;193;193;196;196;199;199;202;202;205;205;208;208;210;210;213;213;216;216;219;219;222;222;1297;1297;1294;1294;1297;1297;1294;1294;1291;1291;1289;1289;1286;1286;1283;1283;1280;1280;1277;1277;1274;1274;1271;1271;1268;1268;1265;1265;1262;1262;1259;1259;1256;1256;1253;1253;1250;1250;1248;1248;1245;1245;1242;1242;175
1698244630020686.gadget2d_resized_512x512.png;class_0;1.0;polygon;x values;24;19;19;28;91;96;120;125;163;168;317;322;380;385;409;413;462;466;572;577;616;620;635;640;673;678;909;914;981;986;1029;1034;1111;1116;1227;1232;1299;1304;1333;1337;1429;1434;2131;2136;2362;2367;2449;2454;2459;2459;2430;2425;2396;2391;2372;2367;2343;2338;2112;2107;2074;2069;2054;2050;2011;2006;1771;1766;1737;1732;1718;1713;1684;1679;1448;1443;1299;1294;1256;1251;1188;1183
1698244630020686.gadget2d_resized_512x512.png;class_0;1.0;polygon;y values;93;96;1318;1324;1324;1327;1327;1330;1330;1333;1333;1335;1335;1338;1338;1341;1341;1344;1344;1347;1347;1350;1350;1353;1353;1356;1356;1359;1359;1362;1362;1365;1365;1368;1368;1371;1371;1374;1374;1376;1376;1379;1379;1382;1382;1385;1385;1388;1388;140;140;137;137;134;134;131;131;128;128;125;125;123;123;120;120;117;117;114;114;111;111;108;108;105;105;102;102;99;99;96;96;93
1698272457588456.gadget2d_resized_512x512.png;class_0;1.0;polygon;x values;24;19;19;24;24;81;86;129;134;288;293;341;346;365;370;409;413;558;563;630;635;654;659;697;702;822;827;924;928;972;976;1049;1053;1198;1203;1275;1280;1313;1318;1410;1414;1665;1669;1852;1857;1872;1876;1900;1905;2011;2016;2131;2136;2180;2184;2367;2372;2420;2425;2439;2444;2459;2459;2387;2382;2362;2358;2310;2305;2122;2117;2093;2088;2079;2074;2050;2045;1780;1775;1732;1727;1708;1703;1674;1669;1458;1453;1410;1405;1386;1381;1294;1289;1251;1246;1241;1236
1698272457588456.gadget2d_resized_512x512.png;class_0;1.0;polygon;y values;105;108;1309;1312;1315;1315;1318;1318;1321;1321;1324;1324;1327;1327;1330;1330;1333;1333;1335;1335;1338;1338;1341;1341;1344;1344;1347;1347;1350;1350;1353;1353;1356;1356;1359;1359;1362;1362;1365;1365;1368;1368;1371;1371;1374;1374;1376;1376;1379;1379;1376;1376;1374;1374;1376;1376;1379;1379;1376;1376;1379;1379;149;149;146;146;143;143;140;140;137;137;134;134;131;131;128;128;125;125;123;123;120;120;117;117;114;114;111;111;108;108;105;105;108;108;105
1699812104151364.gadget2d_resized_512x512.png;class_0;1.0;polygon;x values;0;0;9;14;77;81;110;115;158;163;288;293;336;341;360;365;399;404;548;553;591;596;620;625;664;668;875;880;948;952;991;996;1053;1058;1284;1289;1347;1352;1386;1390;1434;1438;1477;1482;1573;1578;2310;2314;2459;2459;2252;2247;2204;2199;2180;2175;2141;2136;1891;1886;1852;1848;1833;1828;1795;1790;1636;1631;1540;1535;1487;1482;1429;1424;938;933;880;875;861;856;803;798
1699812104151364.gadget2d_resized_512x512.png;class_0;1.0;polygon;y values;82;1338;1338;1335;1335;1338;1338;1341;1341;1344;1344;1347;1347;1350;1350;1353;1353;1356;1356;1359;1359;1362;1362;1365;1365;1368;1368;1371;1371;1374;1374;1376;1376;1379;1379;1382;1382;1385;1385;1388;1388;1385;1385;1388;1388;1391;1391;1394;1394;128;128;125;125;123;123;120;120;117;117;114;114;111;111;108;108;105;105;102;102;99;99;96;96;93;93;90;90;87;87;84;84;82
1699811759144644.gadget2d_resized_512x512.png;class_0;1.0;polygon;x values;24;19;19;24;24;86;91;235;240;279;283;303;308;341;346;495;500;524;529;548;553;587;591;721;726;818;822;890;895;957;962;1183;1188;1275;1280;1313;1318;1381;1386;2324;2329;2459;2459;2329;2324;2290;2285;2266;2261;2218;2213;1949;1944;1910;1905;1891;1886;1848;1843;1669;1665;1540;1535;1472;1467;1395;1390;986;981;885;880;847;842;789;784
1699811759144644.gadget2d_resized_512x512.png;class_0;1.0;polygon;y values;82;84;1333;1335;1341;1341;1344;1344;1347;1347;1350;1350;1353;1353;1356;1356;1359;1359;1362;1362;1365;1365;1368;1368;1371;1371;1374;1374;1376;1376;1379;1379;1382;1382;1385;1385;1388;1388;1391;1391;1394;1394;128;128;125;125;123;123;120;120;117;117;114;114;111;111;108;108;105;105;102;102;99;99;96;96;93;93;90;90;87;87;84;84;82
1700305794530991.gadget2d_resized_512x512.png;class_0;1.0;polygon;x values;1819;1814;1645;1641;1544;1540;1438;1434;1049;1044;981;976;957;952;914;909;620;616;529;524;490;486;437;433;264;259;231;226;211;206;173;168;0;0;640;644;707;712;755;760;914;919;1275;1280;1400;1405;1463;1467;1568;1573;1771;1775;1838;1843;1872;1876;1944;1949;2059;2064;2103;2107;2136;2141;2204;2208;2411;2415;2459;2459
1700305794530991.gadget2d_resized_512x512.png;class_0;1.0;polygon;y values;164;166;166;169;169;172;172;175;175;178;178;181;181;184;184;187;187;190;190;193;193;196;196;199;199;202;202;205;205;208;208;210;210;1286;1286;1283;1283;1280;1280;1277;1277;1274;1274;1271;1271;1268;1268;1265;1265;1262;1262;1259;1259;1256;1256;1253;1253;1250;1250;1248;1248;1245;1245;1242;1242;1239;1239;1236;1236;164
1698177131595698.gadget2d_resized_512x512.png;class_0;1.0;polygon;x values;24;19;19;24;81;86;139;144;168;173;231;235;365;370;399;404;423;428;466;471;596;601;668;673;702;707;750;755;933;938;1015;1020;1049;1053;1106;1111;1318;1323;1414;1419;1458;1463;1559;1564;2285;2290;2459;2459;2449;2444;2411;2406;2387;2382;2348;2343;2103;2098;2054;2050;2026;2021;1977;1973;1771;1766;1737;1732;1718;1713;1694;1689;1443;1438;1309;1304;1260;1256;1140;1135
1698177131595698.gadget2d_resized_512x512.png;class_0;1.0;polygon;y values;93;96;1330;1333;1333;1335;1335;1338;1338;1341;1341;1344;1344;1347;1347;1350;1350;1353;1353;1356;1356;1359;1359;1362;1362;1365;1365;1368;1368;1371;1371;1374;1374;1376;1376;1379;1379;1382;1382;1385;1385;1388;1388;1391;1391;1394;1394;140;140;137;137;134;134;131;131;128;128;125;125;123;123;120;120;117;117;114;114;111;111;108;108;105;105;102;102;99;99;96;96;93
1698141452829216.gadget2d_resized_512x512.png;class_0;1.0;polygon;x values;24;19;19;24;24;168;173;235;240;269;274;341;346;486;490;543;548;567;572;611;616;770;774;861;866;914;919;1005;1010;1150;1155;1227;1232;1275;1280;1361;1366;1698;1703;2026;2030;2208;2213;2459;2459;2454;2449;2439;2435;2415;2411;2160;2156;2112;2107;2088;2083;2040;2035;1833;1828;1795;1790;1775;1771;1746;1742;1520;1515;1405;1400;1333;1328;1236;1232
1698141452829216.gadget2d_resized_512x512.png;class_0;1.0;polygon;y values;70;73;1303;1306;1309;1309;1312;1312;1315;1315;1318;1318;1321;1321;1324;1324;1327;1327;1330;1330;1333;1333;1335;1335;1338;1338;1341;1341;1344;1344;1347;1347;1350;1350;1353;1353;1356;1356;1359;1359;1362;1362;1365;1365;114;114;111;111;108;108;105;105;102;102;99;99;96;96;93;93;90;90;87;87;84;84;82;82;79;79;76;76;73;73;70
1697959699940304.gadget2d_resized_512x512.png;class_0;1.0;polygon;x values;24;19;19;28;115;120;149;154;211;216;346;351;428;433;490;495;587;591;712;717;750;755;779;784;880;885;1063;1068;1188;1193;1232;1236;1323;1328;1698;1703;2343;2348;2439;2444;2459;2459;2425;2420;2233;2228;2160;2156;2131;2127;2088;2083;1828;1823;1785;1780;1766;1761;1751;1746;1722;1718;1708;1703;1679;1674;1232;1227
1697959699940304.gadget2d_resized_512x512.png;class_0;1.0;polygon;y values;46;49;1294;1300;1300;1303;1303;1306;1306;1309;1309;1312;1312;1315;1315;1318;1318;1321;1321;1324;1324;1327;1327;1330;1330;1333;1333;1335;1335;1338;1338;1341;1341;1344;1344;1347;1347;1350;1350;1353;1353;84;84;82;82;79;79;76;76;73;73;70;70;67;67;64;64;61;61;58;58;55;55;52;52;49;49;46
1699845317642071.gadget2d_resized_512x512.png;class_0;1.0;polygon;x values;1405;1400;1318;1313;1270;1265;1193;1188;837;832;774;770;745;741;688;683;447;442;413;409;399;394;360;356;125;120;24;24;19;19;24;24;202;206;1087;1092;1232;1236;1328;1333;1448;1453;1626;1631;1674;1679;1703;1708;1761;1766;2002;2006;2054;2059;2093;2098;2160;2165;2290;2295;2329;2334;2353;2358;2415;2420;2449;2454;2459;2459
1699845317642071.gadget2d_resized_512x512.png;class_0;1.0;polygon;y values;199;202;202;205;205;208;208;210;210;213;213;216;216;219;219;222;222;225;225;228;228;231;231;234;234;237;237;243;246;1306;1309;1312;1312;1309;1309;1306;1306;1303;1303;1300;1300;1297;1297;1294;1294;1291;1291;1289;1289;1286;1286;1283;1283;1280;1280;1277;1277;1274;1274;1271;1271;1268;1268;1265;1265;1262;1262;1265;1265;199
1700399551450734.gadget2d_resized_512x512.png;class_0;1.0;polygon;x values;1679;1674;1549;1544;1477;1472;1386;1381;1058;1053;991;986;967;962;924;919;577;572;514;510;486;481;437;433;269;264;235;231;216;211;178;173;24;19;19;24;702;707;904;909;943;948;1145;1150;1371;1376;1443;1448;1487;1491;1568;1573;1819;1823;1862;1867;1886;1891;1939;1944;2107;2112;2160;2165;2184;2189;2242;2247;2444;2449;2459;2459
1700399551450734.gadget2d_resized_512x512.png;class_0;1.0;polygon;y values;164;166;166;169;169;172;172;175;175;178;178;181;181;184;184;187;187;190;190;193;193;196;196;199;199;202;202;205;205;208;208;210;210;213;1283;1286;1286;1283;1283;1280;1280;1277;1277;1274;1274;1271;1271;1268;1268;1265;1265;1262;1262;1259;1259;1256;1256;1253;1253;1250;1250;1248;1248;1245;1245;1242;1242;1239;1239;1236;1236;164
1699065385206211.gadget2d_resized_512x512.png;class_0;1.0;polygon;x values;24;19;19;24;24;48;52;101;105;149;154;327;332;370;375;385;389;413;418;601;606;678;683;707;712;741;745;986;991;1140;1145;1174;1179;1256;1260;1525;1530;1867;1872;1929;1934;2112;2117;2459;2459;2228;2223;2184;2180;2170;2165;2131;2127;1905;1900;1872;1867;1848;1843;1814;1809;1564;1559;1458;1453;1410;1405;1313;1309
1699065385206211.gadget2d_resized_512x512.png;class_0;1.0;polygon;y values;46;49;1318;1321;1324;1324;1327;1327;1330;1330;1333;1333;1335;1335;1338;1338;1341;1341;1344;1344;1347;1347;1350;1350;1353;1353;1356;1356;1359;1359;1362;1362;1365;1365;1368;1368;1371;1371;1374;1374;1376;1376;1379;1379;82;82;79;79;76;76;73;73;70;70;67;67;64;64;61;61;58;58;55;55;52;52;49;49;46
1699057343034604.gadget2d_resized_512x512.png;class_0;1.0;polygon;x values;24;19;19;24;129;134;187;192;211;216;259;264;433;437;471;476;495;500;529;534;693;697;755;760;784;789;856;861;1092;1097;1145;1150;1174;1179;1232;1236;1482;1487;1578;1583;1617;1621;1795;1799;2343;2348;2459;2459;2411;2406;2362;2358;2338;2334;2300;2295;2098;2093;2054;2050;2030;2026;1987;1982;1771;1766;1737;1732;1718;1713;1694;1689;1463;1458;1318;1313;1246;1241;1169;1164
1699057343034604.gadget2d_resized_512x512.png;class_0;1.0;polygon;y values;70;73;1306;1309;1309;1312;1312;1315;1315;1318;1318;1321;1321;1324;1324;1327;1327;1330;1330;1333;1333;1335;1335;1338;1338;1341;1341;1344;1344;1347;1347;1350;1350;1353;1353;1356;1356;1359;1359;1362;1362;1365;1365;1368;1368;1371;1371;117;117;114;114;111;111;108;108;105;105;102;102;99;99;96;96;93;93;90;90;87;87;84;84;82;82;79;79;76;76;73;73;70
1698176162573482.gadget2d_resized_512x512.png;class_0;1.0;polygon;x values;24;19;19;24;24;38;43;105;110;245;250;308;312;332;336;389;394;514;519;548;553;563;567;591;596;745;750;871;875;914;919;1001;1005;1155;1159;1203;1207;1236;1241;1284;1289;1631;1636;1891;1896;1982;1987;2213;2218;2459;2459;2420;2415;2377;2372;2358;2353;2329;2324;2093;2088;2050;2045;2026;2021;1982;1977;1790;1785;1756;1751;1737;1732;1703;1698;1458;1453;1304;1299;1251;1246;1169;1164
1698176162573482.gadget2d_resized_512x512.png;class_0;1.0;polygon;y values;93;96;1321;1324;1327;1327;1330;1330;1333;1333;1335;1335;1338;1338;1341;1341;1344;1344;1347;1347;1350;1350;1353;1353;1356;1356;1359;1359;1362;1362;1365;1365;1368;1368;1371;1371;1374;1374;1376;1376;1379;1379;1382;1382;1385;1385;1388;1388;1391;1391;140;140;137;137;134;134;131;131;128;128;125;125;123;123;120;120;117;117;114;114;111;111;108;108;105;105;102;102;99;99;96;96;93
1700002085476646.gadget2d_resized_512x512.png;class_0;1.0;polygon;x values;899;895;837;832;755;750;741;726;721;717;712;697;678;673;486;481;457;452;437;433;404;399;134;129;28;24;24;19;19;24;24;1005;1010;1203;1207;1270;1275;1376;1381;1597;1602;1665;1669;1703;1708;1771;1775;1977;1982;2021;2026;2083;2088;2156;2160;2281;2285;2329;2334;2358;2362;2406;2411;2459;2459;2391;2387;1655;1650;1578;1573;1453;1448;1352;1347;1082;1078;1063;1049;1044;1034;1025;1020
1700002085476646.gadget2d_resized_512x512.png;class_0;1.0;polygon;y values;284;287;287;290;290;292;292;301;301;304;304;313;313;316;316;319;319;322;322;325;325;328;328;331;331;333;336;339;1397;1400;1403;1403;1400;1400;1397;1397;1394;1394;1391;1391;1388;1388;1385;1385;1382;1382;1379;1379;1376;1376;1374;1374;1371;1371;1368;1368;1365;1365;1362;1362;1359;1359;1356;1356;290;290;292;292;295;295;298;298;301;301;304;304;301;301;292;292;287;287;284
1698010488015637.gadget2d_resized_512x512.png;class_0;1.0;polygon;x values;0;0;9;14;19;24;77;81;110;115;158;163;317;322;360;365;389;394;437;442;553;558;620;625;644;649;688;693;818;822;904;909;938;943;1005;1010;1159;1164;1241;1246;1280;1284;1342;1347;1674;1679;1982;1987;2131;2136;2285;2290;2459;2459;2439;2435;2228;2223;2189;2184;2170;2165;2127;2122;1886;1881;1848;1843;1828;1823;1780;1775;1631;1626;1535;1530;1487;1482;1366;1361
1698010488015637.gadget2d_resized_512x512.png;class_0;1.0;polygon;y values;93;1341;1341;1338;1338;1335;1335;1338;1338;1341;1341;1344;1344;1347;1347;1350;1350;1353;1353;1356;1356;1359;1359;1362;1362;1365;1365;1368;1368;1371;1371;1374;1374;1376;1376;1379;1379;1382;1382;1385;1385;1388;1388;1391;1391;1394;1394;1397;1397;1400;1400;1403;1403;131;131;128;128;125;125;123;123;120;120;117;117;114;114;111;111;108;108;105;105;102;102;99;99;96;96;93
1700398420437491.gadget2d_resized_512x512.png;class_0;1.0;polygon;x values;1588;1583;1515;1511;1438;1434;1275;1270;972;967;933;928;904;899;851;847;539;534;486;481;466;462;428;423;250;245;216;211;202;197;168;163;0;0;726;731;789;794;832;837;976;981;1318;1323;1386;1390;1434;1438;1520;1525;1785;1790;1828;1833;1857;1862;1915;1920;2074;2079;2127;2131;2160;2165;2213;2218;2401;2406;2459;2459
1700398420437491.gadget2d_resized_512x512.png;class_0;1.0;polygon;y values;164;166;166;169;169;172;172;175;175;178;178;181;181;184;184;187;187;190;190;193;193;196;196;199;199;202;202;205;205;208;208;210;210;1286;1286;1283;1283;1280;1280;1277;1277;1274;1274;1271;1271;1268;1268;1265;1265;1262;1262;1259;1259;1256;1256;1253;1253;1250;1250;1248;1248;1245;1245;1242;1242;1239;1239;1236;1236;164
1699807636061195.gadget2d_resized_512x512.png;class_0;1.0;polygon;x values;24;19;19;24;158;163;202;206;226;231;269;274;409;413;457;462;481;486;524;529;659;664;712;717;741;745;837;842;1068;1073;1121;1126;1145;1150;1203;1207;1544;1549;1641;1645;1804;1809;2127;2131;2459;2459;2295;2290;2252;2247;2218;2213;2170;2165;1953;1949;1915;1910;1896;1891;1857;1852;1679;1674;1597;1592;1549;1544;1443;1438
1699807636061195.gadget2d_resized_512x512.png;class_0;1.0;polygon;y values;93;96;1330;1333;1333;1335;1335;1338;1338;1341;1341;1344;1344;1347;1347;1350;1350;1353;1353;1356;1356;1359;1359;1362;1362;1365;1365;1368;1368;1371;1371;1374;1374;1376;1376;1379;1379;1382;1382;1385;1385;1388;1388;1391;1391;128;128;125;125;123;123;120;120;117;117;114;114;111;111;108;108;105;105;102;102;99;99;96;96;93
1700324601734050.gadget2d_resized_512x512.png;class_0;1.0;polygon;x values;2026;2021;1896;1891;1795;1790;1597;1592;1222;1217;1116;1111;1078;1073;1010;1005;741;736;683;678;659;654;587;582;380;375;322;317;293;288;245;240;28;24;0;0;9;14;707;712;789;794;880;885;1193;1198;1410;1414;1477;1482;1511;1515;1573;1578;1780;1785;1833;1838;1872;1876;1944;1949;2088;2093;2136;2141;2165;2170;2208;2213;2377;2382;2459;2459;2454;2449
1700324601734050.gadget2d_resized_512x512.png;class_0;1.0;polygon;y values;175;178;178;181;181;184;184;187;187;190;190;193;193;196;196;199;199;202;202;205;205;208;208;210;210;213;213;216;216;219;219;222;222;225;225;1300;1300;1297;1297;1294;1294;1291;1291;1289;1289;1286;1286;1283;1283;1280;1280;1277;1277;1274;1274;1271;1271;1268;1268;1265;1265;1262;1262;1259;1259;1256;1256;1253;1253;1250;1250;1248;1248;178;178;175
1699835983530567.gadget2d_resized_512x512.png;class_0;1.0;polygon;x values;1795;1790;1597;1592;1549;1544;1400;1395;1078;1073;1015;1010;981;976;928;924;558;553;505;500;481;476;442;437;250;245;216;211;202;197;163;158;24;19;19;24;24;433;437;606;611;702;707;895;899;967;972;1265;1270;1472;1477;1535;1540;1578;1583;1641;1645;1732;1737;1780;1785;1809;1814;2040;2045;2199;2204;2252;2257;2290;2295;2329;2334;2459;2459
1699835983530567.gadget2d_resized_512x512.png;class_0;1.0;polygon;y values;210;213;213;216;216;219;219;222;222;225;225;228;228;231;231;234;234;237;237;240;240;243;243;246;246;249;249;251;251;254;254;257;257;260;1315;1318;1321;1321;1318;1318;1321;1321;1318;1318;1315;1315;1312;1312;1309;1309;1306;1306;1303;1303;1300;1300;1297;1297;1294;1294;1291;1291;1289;1289;1286;1286;1283;1283;1280;1280;1277;1277;1274;1274;210
1698320399594358.gadget2d_resized_512x512.png;class_0;1.0;polygon;x values;24;19;19;24;115;120;173;178;202;206;245;250;423;428;476;481;500;505;543;548;707;712;750;755;770;774;818;822;1068;1073;1126;1130;1155;1159;1241;1246;1511;1515;1660;1665;1722;1727;1987;1992;2035;2040;2059;2064;2459;2459;2435;2430;2425;2420;2396;2391;2127;2122;2079;2074;2054;2050;2011;2006;1771;1766;1732;1727;1713;1708;1679;1674;1333;1328;1222;1217;1169;1164;1058;1053
1698320399594358.gadget2d_resized_512x512.png;class_0;1.0;polygon;y values;70;73;1318;1321;1321;1324;1324;1327;1327;1330;1330;1333;1333;1335;1335;1338;1338;1341;1341;1344;1344;1347;1347;1350;1350;1353;1353;1356;1356;1359;1359;1362;1362;1365;1365;1368;1368;1371;1371;1374;1374;1376;1376;1379;1379;1376;1376;1379;1379;114;114;111;111;108;108;105;105;102;102;99;99;96;96;93;93;90;90;87;87;84;84;82;82;79;79;76;76;73;73;70
1700007588533039.gadget2d_resized_512x512.png;class_0;1.0;polygon;x values;875;871;794;789;750;745;736;717;717;707;697;693;510;505;471;466;452;447;428;423;206;202;129;125;101;96;28;19;19;24;789;794;914;919;972;976;1183;1188;1414;1419;1482;1487;1520;1525;1588;1592;1785;1790;1823;1828;1857;1862;1958;1963;2088;2093;2165;2170;2189;2194;2218;2223;2382;2387;2415;2420;2459;2459;2300;2295;1621;1617;1549;1544;1477;1472;1323;1318;1087;1082;1063;1049;1044;1034;1025;1020
1700007588533039.gadget2d_resized_512x512.png;class_0;1.0;polygon;y values;284;287;287;290;290;292;292;304;307;313;313;316;316;319;319;322;322;325;325;328;328;331;331;333;333;336;336;342;1423;1426;1426;1423;1423;1420;1420;1417;1417;1415;1415;1412;1412;1409;1409;1406;1406;1403;1403;1400;1400;1397;1397;1394;1394;1391;1391;1388;1388;1385;1385;1382;1382;1379;1379;1376;1376;1374;1374;290;290;292;292;295;295;298;298;301;301;304;304;301;301;292;292;287;287;284
1698273068600758.gadget2d_resized_512x512.png;class_0;1.0;polygon;x values;24;19;19;28;86;91;115;120;163;168;322;327;385;389;409;413;466;471;582;587;630;635;664;668;707;712;933;938;1010;1015;1053;1058;1116;1121;1265;1270;1361;1366;1400;1405;1472;1477;2088;2093;2252;2257;2430;2435;2459;2459;2420;2415;2401;2396;2362;2358;2107;2103;2069;2064;2050;2045;1992;1987;1756;1751;1718;1713;1698;1694;1669;1665;1400;1395;1280;1275;1212;1207;1058;1053
1698273068600758.gadget2d_resized_512x512.png;class_0;1.0;polygon;y values;93;96;1318;1324;1324;1327;1327;1330;1330;1333;1333;1335;1335;1338;1338;1341;1341;1344;1344;1347;1347;1350;1350;1353;1353;1356;1356;1359;1359;1362;1362;1365;1365;1368;1368;1371;1371;1374;1374;1376;1376;1379;1379;1382;1382;1385;1385;1388;1388;137;137;134;134;131;131;128;128;125;125;123;123;120;120;117;117;114;114;111;111;108;108;105;105;102;102;99;99;96;96;93
1697996972731585.gadget2d_resized_512x512.png;class_0;1.0;polygon;x values;24;19;19;24;24;57;62;120;125;283;288;336;341;360;365;409;413;543;548;616;620;644;649;702;707;842;847;967;972;1001;1005;1053;1058;1207;1212;1289;1294;1337;1342;1434;1438;2112;2117;2459;2459;2314;2310;2281;2276;2261;2257;2233;2228;1982;1977;1939;1934;1910;1905;1857;1852;1631;1626;1583;1578;1559;1554;1520;1515;1097;1092;948;943;880;875;745;741
1697996972731585.gadget2d_resized_512x512.png;class_0;1.0;polygon;y values;93;96;1333;1335;1338;1338;1341;1341;1344;1344;1347;1347;1350;1350;1353;1353;1356;1356;1359;1359;1362;1362;1365;1365;1368;1368;1371;1371;1374;1374;1376;1376;1379;1379;1382;1382;1385;1385;1388;1388;1391;1391;1394;1394;140;140;137;137;134;134;131;131;128;128;125;125;123;123;120;120;117;117;114;114;111;111;108;108;105;105;102;102;99;99;96;96;93
1698987005008363.gadget2d_resized_512x512.png;class_0;1.0;polygon;x values;33;28;24;19;19;24;125;129;192;197;216;221;264;269;413;418;481;486;514;519;572;577;717;721;760;765;789;794;871;875;1111;1116;1207;1212;1256;1260;1318;1323;1568;1573;2285;2290;2401;2406;2459;2459;2439;2435;2199;2194;2141;2136;2112;2107;2054;2050;1809;1804;1756;1751;1742;1737;1718;1713;1665;1660;1410;1405;1246;1241;1121;1116;462;457;322;317;101;96
1698987005008363.gadget2d_resized_512x512.png;class_0;1.0;polygon;y values;67;70;70;73;1318;1321;1321;1324;1324;1327;1327;1330;1330;1333;1333;1335;1335;1338;1338;1341;1341;1344;1344;1347;1347;1350;1350;1353;1353;1356;1356;1359;1359;1362;1362;1365;1365;1368;1368;1371;1371;1374;1374;1376;1376;108;108;105;105;102;102;99;99;96;96;93;93;90;90;87;87;84;84;82;82;79;79;76;76;73;73;70;70;67;67;70;70;67
1700287003713333.gadget2d_resized_512x512.png;class_0;1.0;polygon;x values;1347;1342;1280;1275;1246;1241;1183;1179;875;871;822;818;794;789;745;741;452;447;423;418;404;399;370;365;192;187;134;129;96;91;0;0;4;9;24;28;779;784;1029;1034;1135;1140;1232;1236;1467;1472;1525;1530;1568;1573;1650;1655;1843;1848;1900;1905;1934;1939;1987;1992;2131;2136;2184;2189;2213;2218;2266;2271;2459;2459
1700287003713333.gadget2d_resized_512x512.png;class_0;1.0;polygon;y values;175;178;178;181;181;184;184;187;187;190;190;193;193;196;196;199;199;202;202;205;205;208;208;210;210;213;213;216;216;219;219;1303;1303;1300;1300;1297;1297;1294;1294;1291;1291;1289;1289;1286;1286;1283;1283;1280;1280;1277;1277;1274;1274;1271;1271;1268;1268;1265;1265;1262;1262;1259;1259;1256;1256;1253;1253;1250;1250;175
1700330830804256.gadget2d_resized_512x512.png;class_0;1.0;polygon;x values;1559;1554;1482;1477;1424;1419;1347;1342;1049;1044;972;967;928;924;861;856;563;558;524;519;505;500;466;462;259;255;211;206;187;182;144;139;0;0;168;173;654;659;707;712;861;866;1294;1299;1371;1376;1434;1438;1525;1530;1674;1679;1737;1742;1771;1775;1833;1838;2050;2054;2088;2093;2117;2122;2175;2180;2329;2334;2387;2391;2411;2415;2459;2459
1700330830804256.gadget2d_resized_512x512.png;class_0;1.0;polygon;y values;175;178;178;181;181;184;184;187;187;190;190;193;193;196;196;199;199;202;202;205;205;208;208;210;210;213;213;216;216;219;219;222;222;1297;1297;1294;1294;1291;1291;1289;1289;1286;1286;1283;1283;1280;1280;1277;1277;1274;1274;1271;1271;1268;1268;1265;1265;1262;1262;1259;1259;1256;1256;1253;1253;1250;1250;1248;1248;1245;1245;1242;1242;175
1700291185383928.gadget2d_resized_512x512.png;class_0;1.0;polygon;x values;1429;1424;1342;1337;1299;1294;1236;1232;895;890;822;818;784;779;721;717;442;437;413;409;399;394;365;360;134;129;28;24;0;0;9;14;33;38;173;178;327;332;476;481;745;750;1251;1256;1333;1337;1386;1390;1472;1477;1669;1674;1746;1751;1785;1790;1852;1857;2050;2054;2093;2098;2117;2122;2170;2175;2343;2348;2396;2401;2415;2420;2459;2459
1700291185383928.gadget2d_resized_512x512.png;class_0;1.0;polygon;y values;175;178;178;181;181;184;184;187;187;190;190;193;193;196;196;199;199;202;202;205;205;208;208;210;210;213;213;216;216;1297;1297;1294;1294;1291;1291;1289;1289;1291;1291;1289;1289;1286;1286;1283;1283;1280;1280;1277;1277;1274;1274;1271;1271;1268;1268;1265;1265;1262;1262;1259;1259;1256;1256;1253;1253;1250;1250;1248;1248;1245;1245;1242;1242;175
1699069386302219.gadget2d_resized_512x512.png;class_0;1.0;polygon;x values;24;19;19;24;24;48;52;226;231;279;283;312;317;370;375;505;510;548;553;567;572;601;606;765;770;856;861;924;928;1034;1039;1150;1155;1256;1260;1299;1304;1400;1405;1958;1963;2348;2353;2439;2444;2459;2459;2324;2319;2285;2281;2261;2257;2213;2208;2002;1997;1958;1953;1939;1934;1900;1896;1669;1665;1597;1592;1564;1559;1482;1477
1699069386302219.gadget2d_resized_512x512.png;class_0;1.0;polygon;y values;70;73;1300;1303;1306;1306;1309;1309;1312;1312;1315;1315;1318;1318;1321;1321;1324;1324;1327;1327;1330;1330;1333;1333;1335;1335;1338;1338;1341;1341;1344;1344;1347;1347;1350;1350;1353;1353;1356;1356;1359;1359;1362;1362;1365;1365;105;105;102;102;99;99;96;96;93;93;90;90;87;87;84;84;82;82;79;79;76;76;73;73;70
1698245513042213.gadget2d_resized_512x512.png;class_0;1.0;polygon;x values;24;19;19;24;24;163;168;216;221;245;250;298;303;433;437;481;486;510;514;558;563;712;717;755;760;784;789;866;871;1039;1044;1092;1097;1126;1130;1169;1174;1309;1313;1438;1443;1515;1520;1626;1631;2362;2367;2420;2425;2435;2439;2459;2459;2237;2233;2204;2199;2180;2175;2141;2136;1910;1905;1872;1867;1857;1852;1814;1809;1669;1665;1568;1564;1515;1511;1414;1410
1698245513042213.gadget2d_resized_512x512.png;class_0;1.0;polygon;y values;93;96;1327;1330;1333;1333;1335;1335;1338;1338;1341;1341;1344;1344;1347;1347;1350;1350;1353;1353;1356;1356;1359;1359;1362;1362;1365;1365;1368;1368;1371;1371;1374;1374;1376;1376;1379;1379;1382;1382;1385;1385;1388;1388;1391;1391;1394;1394;1391;1391;1394;1394;128;128;125;125;123;123;120;120;117;117;114;114;111;111;108;108;105;105;102;102;99;99;96;96;93
1698272448588282.gadget2d_resized_512x512.png;class_0;1.0;polygon;x values;24;19;19;24;24;28;48;52;105;110;264;269;327;332;370;375;433;437;582;587;635;640;659;664;702;707;832;837;895;899;919;924;1049;1053;1155;1159;1217;1222;1347;1352;1414;1419;1732;1737;1795;1799;1848;1852;2310;2314;2358;2362;2459;2459;2372;2367;2338;2334;2329;2324;2300;2295;2074;2069;2030;2026;2011;2006;1949;1944;1722;1718;1694;1689;1679;1674;1655;1650;1530;1525;1482;1477;1390;1386;1217;1212;1159;1155;1029;1025
1698272448588282.gadget2d_resized_512x512.png;class_0;1.0;polygon;y values;93;96;1318;1321;1324;1327;1327;1330;1330;1333;1333;1335;1335;1338;1338;1341;1341;1344;1344;1347;1347;1350;1350;1353;1353;1356;1356;1359;1359;1362;1362;1365;1365;1368;1368;1371;1371;1374;1374;1376;1376;1379;1379;1382;1382;1379;1379;1382;1382;1385;1385;1388;1388;140;140;137;137;134;134;131;131;128;128;125;125;123;123;120;120;117;117;114;114;111;111;108;108;105;105;102;102;99;99;102;102;99;99;96;96;93
1699862408851586.gadget2d_resized_512x512.png;class_0;1.0;polygon;x values;1650;1645;1549;1544;1491;1487;1390;1386;986;981;933;928;909;904;861;856;553;548;505;500;486;481;447;442;259;255;202;197;168;163;105;101;24;19;19;24;736;741;871;875;943;948;1183;1188;1463;1467;1544;1549;1588;1592;1641;1645;1737;1742;1785;1790;1828;1833;2021;2026;2204;2208;2242;2247;2276;2281;2319;2324;2459;2459
1699862408851586.gadget2d_resized_512x512.png;class_0;1.0;polygon;y values;199;202;202;205;205;208;208;210;210;213;213;216;216;219;219;222;222;225;225;228;228;231;231;234;234;237;237;240;240;243;243;246;246;249;1318;1321;1321;1318;1318;1315;1315;1312;1312;1309;1309;1306;1306;1303;1303;1300;1300;1297;1297;1294;1294;1291;1291;1289;1289;1286;1286;1283;1283;1280;1280;1277;1277;1274;1274;199
1699812791168314.gadget2d_resized_512x512.png;class_0;1.0;polygon;x values;24;19;19;24;24;57;62;226;231;274;279;298;303;356;360;500;505;534;539;553;558;587;591;755;760;851;856;909;914;1005;1010;1212;1217;1284;1289;1328;1333;1405;1410;2103;2107;2435;2439;2459;2459;2411;2406;2367;2362;2300;2295;2083;2079;2054;2050;2030;2026;1992;1987;1771;1766;1718;1713;1694;1689;1631;1626;1313;1309;1256;1251;1227;1222;1164;1159
1699812791168314.gadget2d_resized_512x512.png;class_0;1.0;polygon;y values;82;84;1321;1324;1330;1330;1333;1333;1335;1335;1338;1338;1341;1341;1344;1344;1347;1347;1350;1350;1353;1353;1356;1356;1359;1359;1362;1362;1365;1365;1368;1368;1371;1371;1374;1374;1376;1376;1379;1379;1382;1382;1385;1385;125;125;123;123;120;120;117;117;114;114;111;111;108;108;105;105;102;102;99;99;96;96;93;93;90;90;87;87;84;84;82
1699065316204240.gadget2d_resized_512x512.png;class_0;1.0;polygon;x values;24;19;19;24;24;28;86;91;293;298;346;351;370;375;437;442;553;558;591;596;611;616;649;654;895;899;976;981;1025;1029;1102;1106;1246;1251;1318;1323;1357;1361;1448;1453;2199;2204;2435;2439;2459;2459;2401;2396;2362;2358;2348;2343;2319;2314;2059;2054;2021;2016;2002;1997;1963;1958;1775;1771;1742;1737;1718;1713;1684;1679
1699065316204240.gadget2d_resized_512x512.png;class_0;1.0;polygon;y values;58;61;1321;1324;1327;1330;1330;1333;1333;1335;1335;1338;1338;1341;1341;1344;1344;1347;1347;1350;1350;1353;1353;1356;1356;1359;1359;1362;1362;1365;1365;1368;1368;1371;1371;1374;1374;1376;1376;1379;1379;1382;1382;1385;1385;93;93;90;90;87;87;84;84;82;82;79;79;76;76;73;73;70;70;67;67;64;64;61;61;58
1698291825001168.gadget2d_resized_512x512.png;class_0;1.0;polygon;x values;24;19;19;24;24;28;86;91;154;158;279;283;322;327;346;351;399;404;543;548;601;606;635;640;688;693;822;827;904;909;948;952;1029;1034;1198;1203;1280;1284;1313;1318;1386;1390;1886;1891;2165;2170;2439;2444;2459;2459;2444;2439;2213;2208;2184;2180;2170;2165;2136;2131;1852;1848;1799;1795;1766;1761;1708;1703;1477;1472;1376;1371;1342;1337;1289;1284
1698291825001168.gadget2d_resized_512x512.png;class_0;1.0;polygon;y values;105;108;1330;1333;1335;1338;1338;1341;1341;1344;1344;1347;1347;1350;1350;1353;1353;1356;1356;1359;1359;1362;1362;1365;1365;1368;1368;1371;1371;1374;1374;1376;1376;1379;1379;1382;1382;1385;1385;1388;1388;1391;1391;1394;1394;1397;1397;1400;1400;143;143;140;140;137;137;134;134;131;131;128;128;125;125;123;123;120;120;117;117;114;114;111;111;108;108;105
1700310497580874.gadget2d_resized_512x512.png;class_0;1.0;polygon;x values;2050;2045;1910;1905;1838;1833;1684;1679;1241;1236;1174;1169;1121;1116;1034;1029;750;745;702;697;673;668;620;616;389;385;332;327;308;303;255;250;38;33;9;4;0;0;24;28;543;548;697;702;818;822;1357;1361;1424;1429;1458;1463;1530;1535;1732;1737;1795;1799;1828;1833;1896;1900;2083;2088;2136;2141;2165;2170;2204;2208;2377;2382;2415;2420;2459;2459;2449;2444
1700310497580874.gadget2d_resized_512x512.png;class_0;1.0;polygon;y values;175;178;178;181;181;184;184;187;187;190;190;193;193;196;196;199;199;202;202;205;205;208;208;210;210;213;213;216;216;219;219;222;222;225;225;228;228;1297;1297;1294;1294;1291;1291;1289;1289;1286;1286;1283;1283;1280;1280;1277;1277;1274;1274;1271;1271;1268;1268;1265;1265;1262;1262;1259;1259;1256;1256;1253;1253;1250;1250;1248;1248;1245;1245;178;178;175
1700086936939737.gadget2d_resized_512x512.png;class_0;1.0;polygon;x values;24;19;19;24;24;28;115;120;173;178;298;303;356;360;385;389;428;433;616;620;678;683;707;712;755;760;856;861;938;943;972;976;1025;1029;1155;1159;1232;1236;1280;1284;1337;1342;1554;1559;2016;2021;2156;2160;2459;2459;2449;2444;2367;2362;2175;2170;2136;2131;2117;2112;2083;2079;1838;1833;1790;1785;1756;1751;1708;1703;1540;1535;1438;1434;1405;1400;1352;1347;957;952;808;803;765;760;668;664
1700086936939737.gadget2d_resized_512x512.png;class_0;1.0;polygon;y values;93;96;1330;1333;1335;1338;1338;1341;1341;1344;1344;1347;1347;1350;1350;1353;1353;1356;1356;1359;1359;1362;1362;1365;1365;1368;1368;1371;1371;1374;1374;1376;1376;1379;1379;1382;1382;1385;1385;1388;1388;1391;1391;1394;1394;1397;1397;1400;1400;146;146;143;143;140;140;137;137;134;134;131;131;128;128;125;125;123;123;120;120;117;117;114;114;111;111;108;108;105;105;102;102;99;99;96;96;93
1697989438575526.gadget2d_resized_512x512.png;class_0;1.0;polygon;x values;0;0;158;163;206;211;240;245;327;332;437;442;476;481;495;500;539;543;673;678;731;736;750;755;832;837;1053;1058;1111;1116;1145;1150;1203;1207;1405;1410;1530;1535;1588;1592;2146;2151;2459;2459;2420;2415;2367;2362;2348;2343;2319;2314;2093;2088;2054;2050;2026;2021;1977;1973;1746;1742;1708;1703;1694;1689;1665;1660;1438;1434;1294;1289;1236;1232;1121;1116
1697989438575526.gadget2d_resized_512x512.png;class_0;1.0;polygon;y values;93;1333;1333;1335;1335;1338;1338;1341;1341;1344;1344;1347;1347;1350;1350;1353;1353;1356;1356;1359;1359;1362;1362;1365;1365;1368;1368;1371;1371;1374;1374;1376;1376;1379;1379;1382;1382;1385;1385;1388;1388;1391;1391;140;140;137;137;134;134;131;131;128;128;125;125;123;123;120;120;117;117;114;114;111;111;108;108;105;105;102;102;99;99;96;96;93
1700353708043269.gadget2d_resized_512x512.png;class_0;1.0;polygon;x values;1722;1718;1631;1626;1588;1583;1472;1467;1145;1140;1068;1063;1020;1015;957;952;693;688;649;644;630;625;577;572;341;336;293;288;274;269;221;216;19;14;0;0;4;9;519;524;741;745;813;818;976;981;1309;1313;1390;1395;1438;1443;1525;1530;1698;1703;1761;1766;1795;1799;1857;1862;2035;2040;2079;2083;2107;2112;2170;2175;2319;2324;2377;2382;2406;2411;2459;2459
1700353708043269.gadget2d_resized_512x512.png;class_0;1.0;polygon;y values;175;178;178;181;181;184;184;187;187;190;190;193;193;196;196;199;199;202;202;205;205;208;208;210;210;213;213;216;216;219;219;222;222;225;225;1300;1300;1297;1297;1294;1294;1291;1291;1289;1289;1286;1286;1283;1283;1280;1280;1277;1277;1274;1274;1271;1271;1268;1268;1265;1265;1262;1262;1259;1259;1256;1256;1253;1253;1250;1250;1248;1248;1245;1245;1242;1242;175
1698365789885623.gadget2d_resized_512x512.png;class_0;1.0;polygon;x values;24;19;19;24;24;43;48;192;197;255;259;288;293;346;351;471;476;548;553;587;591;630;635;770;774;822;827;871;875;967;972;1102;1106;1169;1174;1212;1217;1260;1265;1347;1352;1641;1645;1891;1896;2131;2136;2459;2459;2367;2362;2324;2319;2300;2295;2266;2261;2059;2054;2011;2006;1982;1977;1934;1929;1694;1689;1631;1626;1597;1592;1564;1559;1448;1443;1328;1323;1299;1294;1111;1106;1053;1049;803;798
1698365789885623.gadget2d_resized_512x512.png;class_0;1.0;polygon;y values;93;96;1324;1327;1330;1330;1333;1333;1335;1335;1338;1338;1341;1341;1344;1344;1347;1347;1350;1350;1353;1353;1356;1356;1359;1359;1362;1362;1365;1365;1368;1368;1371;1371;1374;1374;1376;1376;1379;1379;1382;1382;1385;1385;1388;1388;1391;1391;140;140;137;137;134;134;131;131;128;128;125;125;123;123;120;120;117;117;114;114;111;111;108;108;105;105;102;102;105;105;102;102;99;99;96;96;93
1699816482243604.gadget2d_resized_512x512.png;class_0;1.0;polygon;x values;24;19;19;24;24;38;43;72;77;120;125;274;279;322;327;341;346;380;385;500;505;534;539;553;558;591;596;765;770;832;837;866;871;938;943;1126;1130;1174;1179;1207;1212;1275;1280;1602;1607;1713;1718;1785;1790;1963;1968;2459;2459;2353;2348;2310;2305;2290;2285;2252;2247;2059;2054;2021;2016;1997;1992;1953;1949;1742;1737;1698;1694;1674;1669;1612;1607;1337;1333;1284;1280;1251;1246;1203;1198
1699816482243604.gadget2d_resized_512x512.png;class_0;1.0;polygon;y values;82;84;1318;1321;1324;1324;1327;1327;1330;1330;1333;1333;1335;1335;1338;1338;1341;1341;1344;1344;1347;1347;1350;1350;1353;1353;1356;1356;1359;1359;1362;1362;1365;1365;1368;1368;1371;1371;1374;1374;1376;1376;1379;1379;1382;1382;1385;1385;1388;1388;1391;1391;128;128;125;125;123;123;120;120;117;117;114;114;111;111;108;108;105;105;102;102;99;99;96;96;93;93;90;90;87;87;84;84;82
1699860932831015.gadget2d_resized_512x512.png;class_0;1.0;polygon;x values;2329;2324;1559;1554;1429;1424;1294;1289;928;924;866;861;822;818;745;741;476;471;399;394;370;365;360;356;351;346;327;322;154;149;120;115;96;91;33;28;24;19;19;24;24;28;389;394;462;466;582;587;712;717;919;924;1443;1448;1515;1520;1559;1564;1631;1636;1785;1790;1823;1828;1857;1862;2098;2103;2199;2204;2247;2252;2281;2285;2329;2334;2459;2459;2444;2439
1699860932831015.gadget2d_resized_512x512.png;class_0;1.0;polygon;y values;187;190;190;193;193;196;196;199;199;202;202;205;205;208;208;210;210;208;208;210;210;213;213;216;216;219;219;222;222;225;225;228;228;231;231;234;234;237;1297;1300;1303;1306;1306;1303;1303;1300;1300;1303;1303;1300;1300;1297;1297;1294;1294;1291;1291;1289;1289;1286;1286;1283;1283;1280;1280;1277;1277;1274;1274;1271;1271;1268;1268;1265;1265;1262;1262;190;190;187
1698231436731707.gadget2d_resized_512x512.png;class_0;1.0;polygon;x values;24;19;19;24;24;105;110;144;149;206;211;346;351;389;394;409;413;457;462;577;582;630;635;654;659;697;702;933;938;986;991;1015;1020;1068;1073;1246;1251;1328;1333;1390;1395;1482;1487;2343;2348;2425;2430;2435;2439;2459;2459;2435;2430;2213;2208;2175;2170;2156;2151;2127;2122;1838;1833;1795;1790;1766;1761;1708;1703;1520;1515;1448;1443;1405;1400;1337;1333;827;822;760;755;731;726;240;235
1698231436731707.gadget2d_resized_512x512.png;class_0;1.0;polygon;y values;93;96;1330;1333;1335;1335;1338;1338;1341;1341;1344;1344;1347;1347;1350;1350;1353;1353;1356;1356;1359;1359;1362;1362;1365;1365;1368;1368;1371;1371;1374;1374;1376;1376;1379;1379;1382;1382;1385;1385;1388;1388;1391;1391;1394;1394;1391;1391;1394;1394;143;143;140;140;137;137;134;134;131;131;128;128;125;125;123;123;120;120;117;117;114;114;111;111;108;108;105;105;102;102;99;99;96;96;93
1699793680039491.gadget2d_resized_512x512.png;class_0;1.0;polygon;x values;1809;1804;1727;1722;1655;1650;1472;1467;1121;1116;1049;1044;1001;996;943;938;668;664;601;596;567;563;514;510;346;341;288;283;255;250;206;202;28;19;19;28;182;187;418;423;471;476;611;616;755;760;904;909;1400;1405;1467;1472;1515;1520;1607;1612;1689;1694;1727;1732;1756;1761;1823;1828;2088;2093;2127;2131;2151;2156;2247;2252;2343;2348;2382;2387;2411;2415;2449;2454;2459;2459
1699793680039491.gadget2d_resized_512x512.png;class_0;1.0;polygon;y values;199;202;202;205;205;208;208;210;210;213;213;216;216;219;219;222;222;225;225;228;228;231;231;234;234;237;237;240;240;243;243;246;246;251;1315;1321;1321;1318;1318;1315;1315;1312;1312;1315;1315;1312;1312;1309;1309;1306;1306;1303;1303;1300;1300;1297;1297;1294;1294;1291;1291;1289;1289;1286;1286;1283;1283;1280;1280;1277;1277;1274;1274;1271;1271;1268;1268;1265;1265;1268;1268;199
1698249184123878.gadget2d_resized_512x512.png;class_0;1.0;polygon;x values;24;19;19;24;134;139;187;192;216;221;269;274;399;404;442;447;471;476;519;524;640;644;712;717;741;745;789;794;1020;1025;1078;1082;1102;1106;1155;1159;1342;1347;1438;1443;1506;1511;1592;1597;2319;2324;2459;2459;2454;2449;2430;2425;2208;2204;2170;2165;2151;2146;2112;2107;1872;1867;1828;1823;1809;1804;1761;1756;1588;1583;1477;1472;1429;1424;1337;1333
1698249184123878.gadget2d_resized_512x512.png;class_0;1.0;polygon;y values;93;96;1330;1333;1333;1335;1335;1338;1338;1341;1341;1344;1344;1347;1347;1350;1350;1353;1353;1356;1356;1359;1359;1362;1362;1365;1365;1368;1368;1371;1371;1374;1374;1376;1376;1379;1379;1382;1382;1385;1385;1388;1388;1391;1391;1394;1394;134;134;131;131;128;128;125;125;123;123;120;120;117;117;114;114;111;111;108;108;105;105;102;102;99;99;96;96;93
1698229572691994.gadget2d_resized_512x512.png;class_0;1.0;polygon;x values;24;19;19;24;24;62;67;129;134;274;279;317;322;346;351;399;404;519;524;596;601;635;640;693;697;847;851;962;967;996;1001;1049;1053;1193;1198;1294;1299;1386;1390;1472;1477;2314;2319;2425;2430;2435;2459;2459;2223;2218;2194;2189;2175;2170;2141;2136;1862;1857;1809;1804;1775;1771;1718;1713;1535;1530;1443;1438;1390;1386;1304;1299
1698229572691994.gadget2d_resized_512x512.png;class_0;1.0;polygon;y values;105;108;1333;1335;1338;1338;1341;1341;1344;1344;1347;1347;1350;1350;1353;1353;1356;1356;1359;1359;1362;1362;1365;1365;1368;1368;1371;1371;1374;1374;1376;1376;1379;1379;1382;1382;1385;1385;1388;1388;1391;1391;1394;1394;1391;1394;1394;140;140;137;137;134;134;131;131;128;128;125;125;123;123;120;120;117;117;114;114;111;111;108;108;105
1700074424681732.gadget2d_resized_512x512.png;class_0;1.0;polygon;x values;24;19;19;24;24;28;48;52;72;77;134;139;197;202;312;317;365;370;399;404;457;462;640;644;702;707;726;731;755;760;822;827;899;904;948;952;1010;1015;1159;1164;1227;1232;1270;1275;1323;1328;1559;1564;2141;2146;2218;2223;2444;2449;2459;2459;2358;2353;2324;2319;2300;2295;2276;2271;2098;2093;2045;2040;2011;2006;1944;1939;1718;1713;1679;1674;1665;1660;1636;1631;1520;1515;1260;1256;1207;1203;1102;1097
1700074424681732.gadget2d_resized_512x512.png;class_0;1.0;polygon;y values;93;96;1330;1333;1335;1338;1338;1335;1335;1338;1338;1341;1341;1344;1344;1347;1347;1350;1350;1353;1353;1356;1356;1359;1359;1362;1362;1365;1365;1368;1368;1371;1371;1374;1374;1376;1376;1379;1379;1382;1382;1385;1385;1388;1388;1391;1391;1394;1394;1397;1397;1400;1400;1403;1403;140;140;137;137;134;134;131;131;128;128;125;125;123;123;120;120;117;117;114;114;111;111;108;108;105;105;102;102;99;99;96;96;93
1700396782418673.gadget2d_resized_512x512.png;class_0;1.0;polygon;x values;1910;1905;1766;1761;1617;1612;1491;1487;1092;1087;1029;1025;1001;996;957;952;640;635;519;514;486;481;437;433;283;279;250;245;231;226;202;197;0;0;659;664;731;736;784;789;1087;1092;1328;1333;1400;1405;1453;1458;1525;1530;1756;1761;1809;1814;1838;1843;1910;1915;2064;2069;2117;2122;2146;2151;2199;2204;2420;2425;2459;2459
1700396782418673.gadget2d_resized_512x512.png;class_0;1.0;polygon;y values;164;166;166;169;169;172;172;175;175;178;178;181;181;184;184;187;187;190;190;193;193;196;196;199;199;202;202;205;205;208;208;210;210;1286;1286;1283;1283;1280;1280;1277;1277;1274;1274;1271;1271;1268;1268;1265;1265;1262;1262;1259;1259;1256;1256;1253;1253;1250;1250;1248;1248;1245;1245;1242;1242;1239;1239;1236;1236;164
1698272431588488.gadget2d_resized_512x512.png;class_0;1.0;polygon;x values;24;19;19;28;158;163;226;231;255;259;298;303;462;466;519;524;548;553;596;601;741;745;784;789;808;813;943;948;1111;1116;1159;1164;1179;1183;1232;1236;1535;1540;1833;1838;1968;1973;2170;2175;2459;2459;2454;2449;2372;2367;2156;2151;2127;2122;2103;2098;2069;2064;1785;1780;1746;1742;1718;1713;1679;1674;1395;1390;1294;1289;1222;1217;1116;1111
1698272431588488.gadget2d_resized_512x512.png;class_0;1.0;polygon;y values;105;108;1327;1333;1333;1335;1335;1338;1338;1341;1341;1344;1344;1347;1347;1350;1350;1353;1353;1356;1356;1359;1359;1362;1362;1365;1365;1368;1368;1371;1371;1374;1374;1376;1376;1379;1379;1382;1382;1385;1385;1388;1388;1391;1391;146;146;143;143;140;140;137;137;134;134;131;131;128;128;125;125;123;123;120;120;117;117;114;114;111;111;108;108;105
1697961991988614.gadget2d_resized_512x512.png;class_0;1.0;polygon;x values;24;19;19;28;105;110;144;149;202;206;341;346;462;466;563;567;668;673;745;750;818;822;866;871;919;924;1130;1135;1159;1164;1179;1183;1256;1260;1463;1467;1799;1804;1997;2002;2131;2136;2459;2459;2425;2420;2377;2372;2189;2184;2131;2127;2103;2098;2069;2064;1804;1799;1761;1756;1751;1746;1737;1732;1722;1718;1713;1708;1689;1684;1612;1607;1448;1443;1174;1169
1697961991988614.gadget2d_resized_512x512.png;class_0;1.0;polygon;y values;46;49;1294;1300;1300;1303;1303;1306;1306;1309;1309;1312;1312;1315;1315;1318;1318;1321;1321;1324;1324;1327;1327;1330;1330;1333;1333;1335;1335;1338;1338;1341;1341;1344;1344;1347;1347;1350;1350;1353;1353;1356;1356;87;87;84;84;82;82;79;79;76;76;73;73;70;70;67;67;64;64;61;61;58;58;55;55;52;52;49;49;46;46;49;49;46
1698322035632592.gadget2d_resized_512x512.png;class_0;1.0;polygon;x values;24;19;19;24;115;120;163;168;192;197;245;250;423;428;466;471;481;486;519;524;668;673;721;726;745;750;794;798;1049;1053;1126;1130;1155;1159;1212;1217;1371;1376;1525;1530;1573;1578;1650;1655;2459;2459;2257;2252;2218;2213;2204;2199;2170;2165;1925;1920;1886;1881;1862;1857;1823;1819;1674;1669;1592;1588;1554;1549;1482;1477
1698322035632592.gadget2d_resized_512x512.png;class_0;1.0;polygon;y values;93;96;1318;1321;1321;1324;1324;1327;1327;1330;1330;1333;1333;1335;1335;1338;1338;1341;1341;1344;1344;1347;1347;1350;1350;1353;1353;1356;1356;1359;1359;1362;1362;1365;1365;1368;1368;1371;1371;1374;1374;1376;1376;1379;1379;128;128;125;125;123;123;120;120;117;117;114;114;111;111;108;108;105;105;102;102;99;99;96;96;93
1700398112432073.gadget2d_resized_512x512.png;class_0;1.0;polygon;x values;1785;1780;1631;1626;1530;1525;1419;1414;1053;1049;991;986;967;962;919;914;611;606;510;505;476;471;433;428;250;245;216;211;206;202;173;168;0;0;741;745;871;875;933;938;1169;1174;1414;1419;1501;1506;1549;1554;1621;1626;1857;1862;1905;1910;1934;1939;1997;2002;2136;2141;2194;2199;2223;2228;2271;2276;2459;2459
1700398112432073.gadget2d_resized_512x512.png;class_0;1.0;polygon;y values;164;166;166;169;169;172;172;175;175;178;178;181;181;184;184;187;187;190;190;193;193;196;196;199;199;202;202;205;205;208;208;210;210;1286;1286;1283;1283;1280;1280;1277;1277;1274;1274;1271;1271;1268;1268;1265;1265;1262;1262;1259;1259;1256;1256;1253;1253;1250;1250;1248;1248;1245;1245;1242;1242;1239;1239;164
1697605748339723.gadget2d_resized_512x512.png;class_0;1.0;polygon;x values;24;19;19;28;86;91;120;125;173;178;317;322;365;370;399;404;447;452;596;601;649;654;673;678;712;717;904;909;1010;1015;1053;1058;1121;1126;1232;1236;1294;1299;1342;1347;1424;1429;1934;1939;2228;2233;2334;2338;2396;2401;2439;2444;2459;2459;2257;2252;2223;2218;2208;2204;2170;2165;1949;1944;1915;1910;1900;1896;1857;1852;1660;1655;1573;1568;1535;1530;1458;1453
1697605748339723.gadget2d_resized_512x512.png;class_0;1.0;polygon;y values;93;96;1318;1324;1324;1327;1327;1330;1330;1333;1333;1335;1335;1338;1338;1341;1341;1344;1344;1347;1347;1350;1350;1353;1353;1356;1356;1359;1359;1362;1362;1365;1365;1368;1368;1371;1371;1374;1374;1376;1376;1379;1379;1382;1382;1385;1385;1388;1388;1385;1385;1388;1388;128;128;125;125;123;123;120;120;117;117;114;114;111;111;108;108;105;105;102;102;99;99;96;96;93
1698082403560351.gadget2d_resized_512x512.png;class_0;1.0;polygon;x values;24;19;19;24;24;57;62;91;96;139;144;298;303;360;365;399;404;452;457;563;567;611;616;630;635;678;683;909;914;996;1001;1044;1049;1111;1116;1246;1251;1318;1323;1357;1361;1458;1463;2006;2011;2237;2242;2319;2324;2459;2459;2372;2367;2343;2338;2300;2295;2079;2074;2045;2040;2021;2016;1982;1977;1756;1751;1713;1708;1689;1684;1636;1631;1357;1352;1270;1265;1227;1222;1145;1140
1698082403560351.gadget2d_resized_512x512.png;class_0;1.0;polygon;y values;82;84;1318;1321;1324;1324;1327;1327;1330;1330;1333;1333;1335;1335;1338;1338;1341;1341;1344;1344;1347;1347;1350;1350;1353;1353;1356;1356;1359;1359;1362;1362;1365;1365;1368;1368;1371;1371;1374;1374;1376;1376;1379;1379;1382;1382;1385;1385;1388;1388;125;125;123;123;120;120;117;117;114;114;111;111;108;108;105;105;102;102;99;99;96;96;93;93;90;90;87;87;84;84;82
1699818755291038.gadget2d_resized_512x512.png;class_0;1.0;polygon;x values;24;19;19;28;57;62;110;115;259;264;303;308;327;332;370;375;519;524;558;563;591;596;635;640;851;856;924;928;952;957;1029;1034;1222;1227;1313;1318;1361;1366;1535;1540;2295;2300;2420;2425;2439;2444;2459;2459;2338;2334;2314;2310;2295;2290;2266;2261;2011;2006;1958;1953;1939;1934;1900;1896;1674;1669;1626;1621;1597;1592;1559;1554;1121;1116;986;981;943;938;866;861
1699818755291038.gadget2d_resized_512x512.png;class_0;1.0;polygon;y values;93;96;1333;1338;1338;1341;1341;1344;1344;1347;1347;1350;1350;1353;1353;1356;1356;1359;1359;1362;1362;1365;1365;1368;1368;1371;1371;1374;1374;1376;1376;1379;1379;1382;1382;1385;1385;1388;1388;1391;1391;1394;1394;1391;1391;1394;1394;140;140;137;137;134;134;131;131;128;128;125;125;123;123;120;120;117;117;114;114;111;111;108;108;105;105;102;102;99;99;96;96;93
1698361588798714.gadget2d_resized_512x512.png;class_0;1.0;polygon;x values;385;380;28;24;24;19;19;24;24;163;168;255;259;303;308;380;385;519;524;539;543;563;567;664;668;688;693;726;731;822;827;851;856;861;866;871;875;895;899;919;924;948;952;1068;1073;1169;1174;1265;1270;1318;1323;1386;1390;1934;1939;1968;1973;2131;2136;2348;2353;2459;2459;2425;2420;2396;2391;2353;2348;2160;2156;2088;2083;2054;2050;1992;1987;1679;1674;1631;1626;1602;1592;1588;1583;1559;1554;1458;1453;1400;1395;1357;1352;1265;1260;1116;1111;774;770;726;721
1698361588798714.gadget2d_resized_512x512.png;class_0;1.0;polygon;y values;73;76;76;79;82;84;1327;1330;1333;1333;1335;1335;1338;1338;1341;1341;1344;1344;1341;1341;1338;1338;1335;1335;1338;1338;1341;1341;1344;1344;1347;1347;1350;1350;1353;1353;1356;1356;1359;1359;1362;1362;1365;1365;1368;1368;1371;1371;1374;1374;1376;1376;1379;1379;1382;1382;1379;1379;1382;1382;1385;1385;114;114;111;111;108;108;105;105;102;102;99;99;96;96;93;93;90;90;87;87;82;82;79;79;76;76;73;73;76;76;79;79;82;82;79;79;76;76;73
1699810814128389.gadget2d_resized_512x512.png;class_0;1.0;polygon;x values;24;19;19;24;154;158;216;221;259;264;327;332;423;428;457;462;481;486;519;524;678;683;803;808;866;871;991;996;1058;1063;1092;1097;1126;1130;1179;1183;1337;1342;1549;1554;1592;1597;1626;1631;1746;1751;2103;2107;2459;2459;2348;2343;2314;2310;2290;2285;2247;2242;2040;2035;2011;2006;1992;1987;1949;1944;1727;1722;1684;1679;1655;1650;1583;1578
1699810814128389.gadget2d_resized_512x512.png;class_0;1.0;polygon;y values;93;96;1330;1333;1333;1335;1335;1338;1338;1341;1341;1344;1344;1347;1347;1350;1350;1353;1353;1356;1356;1359;1359;1362;1362;1365;1365;1368;1368;1371;1371;1374;1374;1376;1376;1379;1379;1376;1376;1379;1379;1382;1382;1385;1385;1388;1388;1391;1391;128;128;125;125;123;123;120;120;117;117;114;114;111;111;108;108;105;105;102;102;99;99;96;96;93
1699845321641386.gadget2d_resized_512x512.png;class_0;1.0;polygon;x values;1886;1881;1713;1708;1669;1665;1592;1588;1130;1126;1039;1034;991;986;933;928;635;630;577;572;553;548;510;505;317;312;259;255;235;231;182;178;24;19;19;24;24;322;327;457;462;659;664;707;712;952;957;1328;1333;1410;1414;1472;1477;1559;1564;1684;1689;1727;1732;1756;1761;1848;1852;2103;2107;2136;2141;2165;2170;2218;2223;2362;2367;2459;2459;2454;2449
1699845321641386.gadget2d_resized_512x512.png;class_0;1.0;polygon;y values;199;202;202;205;205;208;208;210;210;213;213;216;216;219;219;222;222;225;225;228;228;231;231;234;234;237;237;240;240;243;243;246;246;249;1312;1315;1318;1318;1315;1315;1312;1312;1315;1315;1312;1312;1309;1309;1306;1306;1303;1303;1300;1300;1297;1297;1294;1294;1291;1291;1289;1289;1286;1286;1283;1283;1280;1280;1277;1277;1274;1274;1271;1271;202;202;199
1700337214870734.gadget2d_resized_512x512.png;class_0;1.0;polygon;x values;1977;1973;1862;1857;1795;1790;1703;1698;1265;1260;1179;1174;1106;1102;1001;996;760;755;707;702;678;673;625;620;404;399;365;360;336;332;293;288;52;48;19;14;0;0;9;14;745;750;981;986;1053;1058;1193;1198;1448;1453;1525;1530;1568;1573;1645;1650;1838;1843;1900;1905;1934;1939;1992;1997;2127;2131;2175;2180;2204;2208;2261;2266;2420;2425;2459;2459
1700337214870734.gadget2d_resized_512x512.png;class_0;1.0;polygon;y values;175;178;178;181;181;184;184;187;187;190;190;193;193;196;196;199;199;202;202;205;205;208;208;210;210;213;213;216;216;219;219;222;222;225;225;228;228;1300;1300;1297;1297;1294;1294;1291;1291;1289;1289;1286;1286;1283;1283;1280;1280;1277;1277;1274;1274;1271;1271;1268;1268;1265;1265;1262;1262;1259;1259;1256;1256;1253;1253;1250;1250;1248;1248;175
1699060121097517.gadget2d_resized_512x512.png;class_0;1.0;polygon;x values;24;19;19;24;144;149;221;226;255;259;341;346;490;495;539;543;563;567;630;635;789;794;885;890;938;943;1068;1073;1207;1212;1299;1304;1357;1361;1453;1458;1785;1790;2050;2054;2093;2098;2180;2184;2295;2300;2319;2324;2358;2372;2372;2367;2367;2372;2372;2377;2382;2459;2459;2338;2334;2300;2295;2290;2285;2252;2247;2074;2069;2035;2030;2021;2016;1982;1977;1785;1780;1737;1732;1718;1713;1684;1679;1525;1520;1434;1429;1390;1386;1299;1294
1699060121097517.gadget2d_resized_512x512.png;class_0;1.0;polygon;y values;11;14;1236;1239;1239;1242;1242;1245;1245;1248;1248;1250;1250;1253;1253;1256;1256;1259;1259;1262;1262;1265;1265;1268;1268;1271;1271;1274;1274;1277;1277;1280;1280;1283;1283;1286;1286;1289;1289;1291;1291;1294;1294;1297;1297;1294;1294;1297;1297;1306;1309;1312;1318;1321;1327;1327;1330;1330;58;58;55;55;52;52;49;49;46;46;43;43;41;41;38;38;35;35;32;32;29;29;26;26;23;23;20;20;17;17;14;14;11
1698079260490766.gadget2d_resized_512x512.png;class_0;1.0;polygon;x values;28;19;19;24;24;28;33;38;168;173;202;206;255;259;423;428;471;476;495;500;543;548;721;726;789;794;875;880;952;957;1155;1159;1183;1188;1212;1217;1472;1477;2151;2156;2459;2459;2372;2367;2329;2324;2305;2300;2242;2237;2103;2098;2088;2083;2079;2074;2064;2059;2016;2011;1987;1982;1722;1718;1674;1669;1641;1636;1588;1583;996;991;895;890;866;861;798;794
1698079260490766.gadget2d_resized_512x512.png;class_0;1.0;polygon;y values;58;64;1294;1297;1300;1303;1303;1300;1300;1303;1303;1306;1306;1309;1309;1312;1312;1315;1315;1318;1318;1321;1321;1324;1324;1327;1327;1330;1330;1333;1333;1335;1335;1338;1338;1341;1341;1344;1344;1347;1347;105;105;102;102;99;99;96;96;93;93;90;90;87;87;84;84;82;82;79;79;82;82;79;79;76;76;73;73;70;70;67;67;64;64;61;61;58
1700399578450858.gadget2d_resized_512x512.png;class_0;1.0;polygon;x values;2170;2165;1896;1891;1799;1795;1631;1626;1174;1169;1111;1106;1068;1063;1005;1001;673;668;620;616;567;563;510;505;365;360;322;317;303;298;279;274;19;14;0;0;19;24;885;890;1053;1058;1135;1140;1260;1265;1472;1477;1549;1554;1592;1597;1655;1660;1929;1934;1973;1977;2002;2006;2050;2054;2223;2228;2276;2281;2300;2305;2343;2348;2459;2459;2454;2449
1700399578450858.gadget2d_resized_512x512.png;class_0;1.0;polygon;y values;164;166;166;169;169;172;172;175;175;178;178;181;181;184;184;187;187;190;190;193;193;196;196;199;199;202;202;205;205;208;208;210;210;213;213;1289;1289;1286;1286;1283;1283;1280;1280;1277;1277;1274;1274;1271;1271;1268;1268;1265;1265;1262;1262;1259;1259;1256;1256;1253;1253;1250;1250;1248;1248;1245;1245;1242;1242;1239;1239;166;166;164
1700418447473108.gadget2d_resized_512x512.png;class_0;1.0;polygon;x values;1934;1929;1804;1799;1742;1737;1592;1588;1203;1198;1135;1130;1092;1087;1015;1010;717;712;678;673;659;654;616;611;394;389;332;327;303;298;250;245;24;19;0;0;668;673;750;755;866;871;1092;1097;1371;1376;1448;1453;1487;1491;1559;1564;1746;1751;1804;1809;1838;1843;1910;1915;2093;2098;2136;2141;2165;2170;2208;2213;2387;2391;2459;2459
1700418447473108.gadget2d_resized_512x512.png;class_0;1.0;polygon;y values;175;178;178;181;181;184;184;187;187;190;190;193;193;196;196;199;199;202;202;205;205;208;208;210;210;213;213;216;216;219;219;222;222;225;225;1297;1297;1294;1294;1291;1291;1289;1289;1286;1286;1283;1283;1280;1280;1277;1277;1274;1274;1271;1271;1268;1268;1265;1265;1262;1262;1259;1259;1256;1256;1253;1253;1250;1250;1248;1248;175
1699880926075315.gadget2d_resized_512x512.png;class_0;1.0;polygon;x values;1313;1309;1294;1289;1284;1280;1207;1203;1164;1159;1145;1140;1097;1092;741;736;683;678;664;659;514;510;365;360;332;327;322;317;283;279;33;28;24;24;19;19;24;24;28;57;62;380;385;534;539;620;625;1063;1068;1222;1227;1294;1299;1419;1424;1617;1621;1665;1669;1698;1703;1771;1775;2016;2021;2059;2064;2093;2098;2160;2165;2305;2310;2343;2348;2372;2377;2459;2459;2257;2252;1862;1857;1554;1549;1448;1443;1410;1405;1390;1386
1699880926075315.gadget2d_resized_512x512.png;class_0;1.0;polygon;y values;190;193;193;196;196;199;199;202;202;205;205;208;208;210;210;213;213;216;216;219;219;222;222;225;225;228;228;231;231;234;234;237;237;240;243;1306;1309;1312;1315;1315;1312;1312;1309;1309;1312;1312;1309;1309;1306;1306;1303;1303;1300;1300;1297;1297;1294;1294;1291;1291;1289;1289;1286;1286;1283;1283;1280;1280;1277;1277;1274;1274;1271;1271;1268;1268;1265;1265;190;190;193;193;196;196;199;199;196;196;193;193;190
1697783220904739.gadget2d_resized_512x512.png;class_0;1.0;polygon;x values;606;601;500;495;481;476;471;466;457;452;447;442;433;428;418;413;404;399;389;385;356;351;134;129;115;110;101;91;86;81;77;72;67;57;57;19;14;14;9;0;0;19;24;105;110;144;149;158;163;182;187;240;245;279;283;288;293;298;308;312;317;322;332;336;341;351;375;380;385;385;394;394;404;404;409;409;413;413;399;394;385;375;370;360;356;346;341;336;332;327;322;317;312;303;298;288;283;274;269;211;206;173;168;144;134;134;129;125;120;110;105;52;48;24;19;0;0;4;9;9;14;14;19;19;24;24;28;33;52;62;96;101;120;134;134;139;139;125;96;91;72;67;57;52;0;0;9;14;120;125;187;192;255;259;351;356;404;409;462;466;587;591;717;721;755;760;784;789;880;885;972;976;1029;1034;1078;1082;1140;1145;1193;1198;1299;1304;1400;1405;1424;1429;1443;1448;1650;1655;1727;1732;1771;1775;1823;1828;2276;2281;2459;2459;2343;2338;2276;2271;2247;2242;2208;2204;2064;2059;1944;1939;1910;1905;1857;1852;1708;1703;1665;1660;1631;1626;1617;1612;1597;1592;1544;1540;1381;1376;1087;1082;1020;1015;851;847;726;721;668;664;625;620
1697783220904739.gadget2d_resized_512x512.png;class_0;1.0;polygon;y values;84;87;87;90;90;93;93;96;96;99;99;102;102;105;105;108;108;111;111;114;114;117;117;114;114;111;111;105;105;102;102;99;99;93;87;87;90;93;96;96;152;152;149;149;146;146;143;143;140;140;137;137;140;140;143;143;146;146;152;152;155;155;161;161;164;164;178;178;181;184;190;193;199;202;205;208;210;213;222;222;228;228;231;231;234;234;237;237;240;240;243;243;246;246;249;249;251;251;254;254;257;257;260;260;266;287;290;290;292;292;295;295;292;292;295;295;404;404;407;410;413;418;421;424;427;430;430;433;433;427;427;430;430;439;442;445;454;462;462;459;459;457;457;454;454;1338;1338;1335;1335;1338;1338;1341;1341;1344;1344;1347;1347;1350;1350;1353;1353;1356;1356;1359;1359;1362;1362;1365;1365;1368;1368;1371;1371;1374;1374;1376;1376;1379;1379;1376;1376;1379;1379;1382;1382;1385;1385;1388;1388;1385;1385;1388;1388;1391;1391;1394;1394;1397;1397;140;140;137;137;134;134;131;131;128;128;125;125;123;123;120;120;117;117;114;114;111;111;108;108;105;105;102;102;99;99;102;102;99;99;96;96;93;93;90;90;87;87;84
1697995578704302.gadget2d_resized_512x512.png;class_0;1.0;polygon;x values;24;19;19;24;24;28;77;81;125;129;264;269;303;308;322;327;370;375;510;514;543;548;572;577;625;630;745;750;808;813;856;861;943;948;1140;1145;1174;1179;1207;1212;1256;1260;1515;1520;1597;1602;1665;1669;1746;1751;2329;2334;2425;2430;2435;2439;2459;2459;2425;2420;2387;2382;2329;2324;2136;2131;2103;2098;2093;2088;2064;2059;1843;1838;1809;1804;1790;1785;1751;1746;1592;1588;1549;1544;1525;1520;1477;1472
1697995578704302.gadget2d_resized_512x512.png;class_0;1.0;polygon;y values;105;108;1330;1333;1335;1338;1338;1341;1341;1344;1344;1347;1347;1350;1350;1353;1353;1356;1356;1359;1359;1362;1362;1365;1365;1368;1368;1371;1371;1374;1374;1376;1376;1379;1379;1382;1382;1385;1385;1388;1388;1391;1391;1394;1394;1397;1397;1400;1400;1403;1403;1406;1406;1403;1403;1406;1406;149;149;146;146;143;143;140;140;137;137;134;134;131;131;128;128;125;125;123;123;120;120;117;117;114;114;111;111;108;108;105
1698663520969682.gadget2d_resized_512x512.png;class_0;1.0;polygon;x values;24;19;19;28;96;101;125;129;134;139;154;158;332;336;394;399;423;428;471;476;673;678;745;750;774;779;837;842;1087;1092;1155;1159;1198;1203;1265;1270;1496;1501;1665;1669;1891;1896;2324;2329;2391;2396;2444;2449;2459;2459;2252;2247;2208;2204;2175;2170;2122;2117;1925;1920;1891;1886;1872;1867;1828;1823;1592;1588;1477;1472;1414;1410;1318;1313
1698663520969682.gadget2d_resized_512x512.png;class_0;1.0;polygon;y values;70;73;1303;1309;1309;1312;1312;1315;1315;1318;1318;1321;1321;1324;1324;1327;1327;1330;1330;1333;1333;1335;1335;1338;1338;1341;1341;1344;1344;1347;1347;1350;1350;1353;1353;1356;1356;1359;1359;1362;1362;1365;1365;1368;1368;1365;1365;1368;1368;105;105;102;102;99;99;96;96;93;93;90;90;87;87;84;84;82;82;79;79;76;76;73;73;70
1697977996330884.gadget2d_resized_512x512.png;class_0;1.0;polygon;x values;24;19;19;24;24;178;182;255;259;293;298;365;370;548;553;601;606;635;640;673;678;875;880;943;948;981;986;1015;1020;1087;1092;1140;1145;1357;1361;1438;1443;1482;1487;1592;1597;2156;2160;2218;2223;2459;2459;2439;2435;2420;2415;2343;2338;2329;2324;2295;2290;2093;2088;2064;2059;2050;2045;2006;2002;1785;1780;1703;1698;1650;1645;1607;1602;1159;1155;1106;1102;1078;1073;899;895
1697977996330884.gadget2d_resized_512x512.png;class_0;1.0;polygon;y values;35;38;1303;1306;1309;1309;1312;1312;1315;1315;1318;1318;1321;1321;1324;1324;1327;1327;1330;1330;1333;1333;1335;1335;1338;1338;1335;1335;1338;1338;1341;1341;1344;1344;1347;1347;1350;1350;1353;1353;1356;1356;1359;1359;1356;1356;79;79;82;82;79;79;76;76;73;73;70;70;67;67;64;64;61;61;58;58;55;55;52;52;49;49;46;46;43;43;41;41;38;38;35
1698085977641197.gadget2d_resized_512x512.png;class_0;1.0;polygon;x values;24;19;19;28;206;211;264;269;293;298;365;370;500;505;543;548;563;567;611;616;770;774;899;904;962;967;1058;1063;1169;1174;1246;1251;1294;1299;1371;1376;2079;2083;2290;2295;2372;2377;2382;2387;2435;2439;2459;2459;2425;2420;2396;2391;2338;2334;2103;2098;2069;2064;2054;2050;2016;2011;1751;1746;1703;1698;1674;1669;1626;1621;1241;1236;1164;1159;1116;1111;1025;1020
1698085977641197.gadget2d_resized_512x512.png;class_0;1.0;polygon;y values;82;84;1327;1333;1333;1335;1335;1338;1338;1341;1341;1344;1344;1347;1347;1350;1350;1353;1353;1356;1356;1359;1359;1362;1362;1365;1365;1368;1368;1371;1371;1374;1374;1376;1376;1379;1379;1382;1382;1385;1385;1388;1388;1385;1385;1388;1388;125;125;123;123;120;120;117;117;114;114;111;111;108;108;105;105;102;102;99;99;96;96;93;93;90;90;87;87;84;84;82
1700392170363052.gadget2d_resized_512x512.png;class_0;1.0;polygon;x values;1790;1785;1607;1602;1506;1501;1434;1429;1063;1058;976;972;943;938;899;895;635;630;519;514;486;481;437;433;274;269;240;235;221;216;192;187;0;0;712;717;770;774;818;822;1010;1015;1323;1328;1400;1405;1453;1458;1535;1540;1833;1838;1886;1891;1910;1915;1968;1973;2103;2107;2160;2165;2189;2194;2247;2252;2439;2444;2459;2459
1700392170363052.gadget2d_resized_512x512.png;class_0;1.0;polygon;y values;164;166;166;169;169;172;172;175;175;178;178;181;181;184;184;187;187;190;190;193;193;196;196;199;199;202;202;205;205;208;208;210;210;1286;1286;1283;1283;1280;1280;1277;1277;1274;1274;1271;1271;1268;1268;1265;1265;1262;1262;1259;1259;1256;1256;1253;1253;1250;1250;1248;1248;1245;1245;1242;1242;1239;1239;1236;1236;164
1698102831994657.gadget2d_resized_512x512.png;class_0;1.0;polygon;x values;24;19;19;24;24;33;38;86;91;144;149;312;317;365;370;394;399;437;442;616;620;693;697;731;736;774;779;957;962;1034;1039;1073;1078;1164;1169;1328;1333;1419;1424;1472;1477;1578;1583;2165;2170;2444;2449;2459;2459;2439;2435;2189;2184;2160;2156;2146;2141;2117;2112;1872;1867;1828;1823;1809;1804;1756;1751;1568;1564;1525;1520;1506;1501;1463;1458
1698102831994657.gadget2d_resized_512x512.png;class_0;1.0;polygon;y values;82;84;1306;1309;1312;1312;1315;1315;1318;1318;1321;1321;1324;1324;1327;1327;1330;1330;1333;1333;1335;1335;1338;1338;1341;1341;1344;1344;1347;1347;1350;1350;1353;1353;1356;1356;1359;1359;1362;1362;1365;1365;1368;1368;1371;1371;1374;1374;120;120;117;117;114;114;111;111;108;108;105;105;102;102;99;99;96;96;93;93;90;90;87;87;84;84;82
1700399661188823.gadget2d_resized_512x512.png;class_0;1.0;polygon;x values;1650;1645;1530;1525;1448;1443;1318;1313;943;938;899;895;866;861;818;813;486;481;447;442;428;423;394;389;178;173;144;139;129;125;91;86;24;19;19;24;789;794;952;957;1106;1111;1246;1251;1487;1491;1578;1583;1621;1626;1698;1703;1929;1934;1987;1992;2021;2026;2074;2079;2233;2237;2281;2285;2310;2314;2387;2391;2459;2459
1700399661188823.gadget2d_resized_512x512.png;class_0;1.0;polygon;y values;164;166;166;169;169;172;172;175;175;178;178;181;181;184;184;187;187;190;190;193;193;196;196;199;199;202;202;205;205;208;208;210;210;213;1271;1274;1274;1271;1271;1268;1268;1265;1265;1262;1262;1259;1259;1256;1256;1253;1253;1250;1250;1248;1248;1245;1245;1242;1242;1239;1239;1236;1236;1233;1233;1230;1230;1227;1227;164
1698079223489578.gadget2d_resized_512x512.png;class_0;1.0;polygon;x values;24;19;19;24;96;101;163;168;182;187;226;231;336;341;389;394;413;418;466;471;572;577;616;620;630;635;664;668;779;784;861;866;899;904;972;976;1063;1068;1102;1106;1126;1130;1150;1155;1390;1395;1434;1438;1443;1448;1463;1467;1477;1482;1491;1496;1506;1511;1525;1530;1554;1559;1573;1578;1583;1588;1592;1597;1607;1612;1626;1631;1636;1641;1669;1674;1775;1780;1804;1809;1819;1823;1848;1852;1891;1896;1910;1915;1929;1934;1963;1968;2016;2021;2045;2050;2059;2064;2098;2103;2459;2459;2387;2382;2208;2204;1973;1968;1857;1852;1819;1814;1761;1756;1559;1554;1491;1487;1448;1443;1395;1390;1116;1111;1063;1058;1039;1034;991;986
1698079223489578.gadget2d_resized_512x512.png;class_0;1.0;polygon;y values;105;108;1318;1321;1321;1324;1324;1327;1327;1330;1330;1333;1333;1335;1335;1338;1338;1341;1341;1344;1344;1347;1347;1350;1350;1353;1353;1356;1356;1359;1359;1362;1362;1365;1365;1368;1368;1371;1371;1374;1374;1376;1376;1379;1379;1382;1382;1385;1385;1388;1388;1391;1391;1394;1394;1397;1397;1400;1400;1403;1403;1406;1406;1409;1409;1412;1412;1415;1415;1417;1417;1420;1420;1423;1423;1426;1426;1423;1423;1420;1420;1417;1417;1415;1415;1412;1412;1409;1409;1406;1406;1403;1403;1400;1400;1397;1397;1394;1394;1391;1391;146;146;143;143;140;140;137;137;134;134;131;131;128;128;125;125;123;123;120;120;117;117;114;114;111;111;108;108;105
1699799355895346.gadget2d_resized_512x512.png;class_0;1.0;polygon;x values;24;19;19;24;24;28;81;86;231;235;312;317;346;351;389;394;543;548;630;635;659;664;693;697;813;818;890;895;976;981;1082;1087;1145;1150;1198;1203;1265;1270;1371;1376;1554;1559;1862;1867;2079;2083;2257;2261;2459;2459;2439;2435;2430;2367;2362;2338;2334;2305;2300;2107;2103;2069;2064;2054;2050;2016;2011;1771;1766;1732;1727;1713;1708;1674;1669;1453;1448;1371;1366;1270;1265;1183;1179
1699799355895346.gadget2d_resized_512x512.png;class_0;1.0;polygon;y values;82;84;1321;1324;1327;1330;1330;1333;1333;1335;1335;1338;1338;1341;1341;1344;1344;1347;1347;1350;1350;1353;1353;1356;1356;1359;1359;1362;1362;1365;1365;1368;1368;1371;1371;1374;1374;1376;1376;1379;1379;1382;1382;1385;1385;1388;1388;1391;1391;125;125;128;125;125;123;123;120;120;117;117;114;114;111;111;108;108;105;105;102;102;99;99;96;96;93;93;90;90;87;87;84;84;82
1698253719207033.gadget2d_resized_512x512.png;class_0;1.0;polygon;x values;24;19;19;24;129;134;187;192;211;216;255;259;423;428;471;476;500;505;548;553;702;707;765;770;808;813;899;904;1053;1058;1111;1116;1135;1140;1174;1179;1448;1453;1602;1607;1679;1684;1867;1872;2459;2459;2430;2425;2387;2382;2367;2362;2334;2329;2127;2122;2088;2083;2064;2059;2016;2011;1795;1790;1756;1751;1737;1732;1708;1703;1463;1458;1328;1323;1289;1284;1198;1193
1698253719207033.gadget2d_resized_512x512.png;class_0;1.0;polygon;y values;93;96;1330;1333;1333;1335;1335;1338;1338;1341;1341;1344;1344;1347;1347;1350;1350;1353;1353;1356;1356;1359;1359;1362;1362;1365;1365;1368;1368;1371;1371;1374;1374;1376;1376;1379;1379;1382;1382;1385;1385;1388;1388;1391;1391;140;140;137;137;134;134;131;131;128;128;125;125;123;123;120;120;117;117;114;114;111;111;108;108;105;105;102;102;99;99;96;96;93
1697603612293406.gadget2d_resized_512x512.png;class_0;1.0;polygon;x values;24;19;19;24;110;115;173;178;206;211;264;269;394;399;437;442;471;476;524;529;659;664;712;717;741;745;784;789;962;967;1010;1015;1039;1044;1097;1102;1280;1284;1361;1366;1424;1429;1525;1530;2127;2131;2459;2459;2257;2252;2218;2213;2204;2199;2170;2165;1939;1934;1910;1905;1896;1891;1862;1857;1665;1660;1559;1554;1511;1506;1434;1429
1697603612293406.gadget2d_resized_512x512.png;class_0;1.0;polygon;y values;93;96;1330;1333;1333;1335;1335;1338;1338;1341;1341;1344;1344;1347;1347;1350;1350;1353;1353;1356;1356;1359;1359;1362;1362;1365;1365;1368;1368;1371;1371;1374;1374;1376;1376;1379;1379;1382;1382;1385;1385;1388;1388;1391;1391;1394;1394;128;128;125;125;123;123;120;120;117;117;114;114;111;111;108;108;105;105;102;102;99;99;96;96;93
1699836076530061.gadget2d_resized_512x512.png;class_0;1.0;polygon;x values;1390;1386;1260;1256;1217;1212;1140;1135;760;755;721;717;702;697;664;659;394;389;322;317;293;288;240;235;28;19;19;24;24;28;43;48;447;452;457;789;794;1280;1284;1381;1386;1443;1448;1540;1544;1679;1684;1722;1727;1751;1756;1833;1838;2093;2098;2131;2136;2160;2165;2218;2223;2358;2362;2406;2411;2439;2444;2459;2459
1699836076530061.gadget2d_resized_512x512.png;class_0;1.0;polygon;y values;210;213;213;216;216;219;219;222;222;225;225;228;228;231;231;234;234;237;237;240;240;243;243;246;246;251;1306;1309;1312;1315;1315;1312;1312;1309;1312;1312;1309;1309;1306;1306;1303;1303;1300;1300;1297;1297;1294;1294;1291;1291;1289;1289;1286;1286;1283;1283;1280;1280;1277;1277;1274;1274;1271;1271;1268;1268;1271;1271;210
1698136870726722.gadget2d_resized_512x512.png;class_0;1.0;polygon;x values;24;19;19;24;24;43;48;211;216;269;274;293;298;351;356;476;481;519;524;543;548;587;591;741;745;789;794;822;827;933;938;1111;1116;1174;1179;1207;1212;1280;1284;1530;1535;1645;1650;1708;1713;2064;2069;2459;2459;2444;2439;2420;2415;2184;2180;2141;2136;2122;2117;2074;2069;1867;1862;1838;1833;1823;1819;1785;1780;1573;1568;1482;1477;1429;1424;1333;1328
1698136870726722.gadget2d_resized_512x512.png;class_0;1.0;polygon;y values;70;73;1300;1303;1306;1306;1309;1309;1312;1312;1315;1315;1318;1318;1321;1321;1324;1324;1327;1327;1330;1330;1333;1333;1335;1335;1338;1338;1341;1341;1344;1344;1347;1347;1350;1350;1353;1353;1356;1356;1359;1359;1362;1362;1365;1365;1368;1368;111;111;108;108;105;105;102;102;99;99;96;96;93;93;90;90;87;87;84;84;82;82;79;79;76;76;73;73;70
1699799673893350.gadget2d_resized_512x512.png;class_0;1.0;polygon;x values;24;19;19;24;81;86;158;163;192;197;245;250;394;399;462;466;510;514;644;649;741;745;760;765;774;779;808;813;1010;1015;1121;1126;1150;1155;1212;1217;1313;1318;1419;1424;1463;1467;1525;1530;2459;2459;2367;2362;2329;2324;2314;2310;2285;2281;2050;2045;1997;1992;1963;1958;1900;1896;1718;1713;1674;1669;1650;1645;1612;1607;1289;1284;1174;1169;1058;1053;948;943
1699799673893350.gadget2d_resized_512x512.png;class_0;1.0;polygon;y values;70;73;1318;1321;1321;1324;1324;1327;1327;1330;1330;1333;1333;1335;1335;1338;1338;1341;1341;1344;1344;1347;1347;1350;1350;1353;1353;1356;1356;1359;1359;1362;1362;1365;1365;1368;1368;1371;1371;1374;1374;1376;1376;1379;1379;117;117;114;114;111;111;108;108;105;105;102;102;99;99;96;96;93;93;90;90;87;87;84;84;82;82;79;79;76;76;73;73;70
1698063818154814.gadget2d_resized_512x512.png;class_0;1.0;polygon;x values;24;19;19;24;77;81;139;144;168;173;206;211;375;380;433;437;471;476;524;529;640;644;683;688;702;707;736;741;972;976;1058;1063;1111;1116;1164;1169;1304;1309;1400;1405;1443;1448;1549;1554;2242;2247;2439;2444;2459;2459;2444;2439;2204;2199;2170;2165;2151;2146;2122;2117;1900;1896;1857;1852;1833;1828;1785;1780;1602;1597;1559;1554;1530;1525;1482;1477
1698063818154814.gadget2d_resized_512x512.png;class_0;1.0;polygon;y values;82;84;1318;1321;1321;1324;1324;1327;1327;1330;1330;1333;1333;1335;1335;1338;1338;1341;1341;1344;1344;1347;1347;1350;1350;1353;1353;1356;1356;1359;1359;1362;1362;1365;1365;1368;1368;1371;1371;1374;1374;1376;1376;1379;1379;1382;1382;1385;1385;120;120;117;117;114;114;111;111;108;108;105;105;102;102;99;99;96;96;93;93;90;90;87;87;84;84;82
1700064003462127.gadget2d_resized_512x512.png;class_0;1.0;polygon;x values;24;19;19;28;182;187;255;259;283;288;336;341;481;486;601;606;630;635;668;673;755;760;794;798;827;832;952;957;1126;1130;1179;1183;1222;1227;1270;1275;1448;1453;1573;1578;1746;1751;1939;1944;2387;2391;2401;2406;2449;2454;2459;2459;2439;2435;2367;2362;2131;2127;2098;2093;2083;2079;2054;2050;1799;1795;1751;1746;1722;1718;1679;1674;1515;1511;1328;1323;1289;1284;1227;1222
1700064003462127.gadget2d_resized_512x512.png;class_0;1.0;polygon;y values;82;84;1315;1321;1321;1324;1324;1327;1327;1330;1330;1333;1333;1335;1335;1338;1338;1341;1341;1344;1344;1347;1347;1350;1350;1353;1353;1356;1356;1359;1359;1362;1362;1365;1365;1368;1368;1371;1371;1374;1374;1376;1376;1379;1379;1382;1382;1379;1379;1382;1382;123;123;120;120;117;117;114;114;111;111;108;108;105;105;102;102;99;99;96;96;93;93;90;90;87;87;84;84;82
1700331764812863.gadget2d_resized_512x512.png;class_0;1.0;polygon;x values;1684;1679;1597;1592;1549;1544;1458;1453;1092;1087;1015;1010;981;976;933;928;668;664;620;616;591;587;524;519;293;288;240;235;211;206;163;158;0;0;668;673;803;808;924;928;1111;1116;1405;1410;1487;1491;1525;1530;1612;1617;1795;1799;1852;1857;1886;1891;1958;1963;2151;2156;2199;2204;2223;2228;2285;2290;2459;2459
1700331764812863.gadget2d_resized_512x512.png;class_0;1.0;polygon;y values;175;178;178;181;181;184;184;187;187;190;190;193;193;196;196;199;199;202;202;205;205;208;208;210;210;213;213;216;216;219;219;222;222;1297;1297;1294;1294;1291;1291;1289;1289;1286;1286;1283;1283;1280;1280;1277;1277;1274;1274;1271;1271;1268;1268;1265;1265;1262;1262;1259;1259;1256;1256;1253;1253;1250;1250;175
1699916590352339.gadget2d_resized_512x512.png;class_0;1.0;polygon;x values;24;19;19;24;24;28;33;72;77;129;134;274;279;341;346;375;380;423;428;534;539;591;596;620;625;654;659;856;861;928;933;976;981;1049;1053;1140;1145;1207;1212;1251;1256;1294;1299;1597;1602;1848;1852;1939;1944;1992;1997;2237;2242;2449;2454;2459;2459;2372;2367;2300;2295;2276;2271;2242;2237;1982;1977;1915;1910;1900;1896;1862;1857;1698;1694;1621;1617;1583;1578;1525;1520;1116;1111;1010;1005;972;967;847;842
1699916590352339.gadget2d_resized_512x512.png;class_0;1.0;polygon;y values;82;84;1318;1321;1324;1324;1327;1327;1330;1330;1333;1333;1335;1335;1338;1338;1341;1341;1344;1344;1347;1347;1350;1350;1353;1353;1356;1356;1359;1359;1362;1362;1365;1365;1368;1368;1371;1371;1374;1374;1376;1376;1379;1379;1382;1382;1385;1385;1382;1382;1385;1385;1388;1388;1391;1391;128;128;125;125;123;123;120;120;117;117;114;114;111;111;108;108;105;105;102;102;99;99;96;96;93;93;90;90;87;87;84;84;82
1699808854086154.gadget2d_resized_512x512.png;class_0;1.0;polygon;x values;24;19;19;24;24;28;77;81;125;129;308;312;351;356;370;375;418;423;548;553;582;587;596;601;630;635;871;875;928;933;967;972;1058;1063;1246;1251;1328;1333;1371;1376;1472;1477;2141;2146;2290;2295;2435;2439;2459;2459;2425;2420;2175;2170;2141;2136;2127;2122;2088;2083;1823;1819;1780;1775;1756;1751;1708;1703;1482;1477;1434;1429;1395;1390;1256;1251
1699808854086154.gadget2d_resized_512x512.png;class_0;1.0;polygon;y values;82;84;1318;1321;1324;1327;1327;1330;1330;1333;1333;1335;1335;1338;1338;1341;1341;1344;1344;1347;1347;1350;1350;1353;1353;1356;1356;1359;1359;1362;1362;1365;1365;1368;1368;1371;1371;1374;1374;1376;1376;1379;1379;1382;1382;1385;1385;1388;1388;120;120;117;117;114;114;111;111;108;108;105;105;102;102;99;99;96;96;93;93;90;90;87;87;84;84;82
1700008730547573.gadget2d_resized_512x512.png;class_0;1.0;polygon;x values;895;890;813;808;750;745;736;702;688;683;486;481;447;442;428;423;389;385;91;86;24;24;19;19;24;24;437;442;664;668;813;818;1357;1361;1419;1424;1463;1467;1554;1559;1703;1708;1761;1766;1804;1809;1891;1896;1992;1997;2050;2054;2093;2098;2175;2180;2314;2319;2372;2377;2406;2411;2459;2459;1982;1977;1872;1867;1799;1795;1713;1708;1645;1641;1544;1540;1078;1073;1063;1049;1044;1034;1029;1025
1700008730547573.gadget2d_resized_512x512.png;class_0;1.0;polygon;y values;284;287;287;290;290;292;292;313;313;316;316;319;319;322;322;325;325;328;328;331;331;333;336;1400;1403;1406;1406;1409;1409;1406;1406;1403;1403;1400;1400;1397;1397;1394;1394;1391;1391;1388;1388;1385;1385;1382;1382;1379;1379;1376;1376;1374;1374;1371;1371;1368;1368;1365;1365;1362;1362;1359;1359;292;292;295;295;292;292;295;295;298;298;301;301;304;304;301;301;292;292;287;287;284
1698010397013234.gadget2d_resized_512x512.png;class_0;1.0;polygon;x values;24;19;19;24;24;182;187;269;274;317;322;370;375;500;505;553;558;620;625;717;721;861;866;991;996;1034;1039;1082;1087;1260;1265;1337;1342;1366;1371;1568;1573;2401;2406;2411;2415;2439;2444;2459;2459;2444;2439;2391;2387;2165;2160;2136;2131;2127;2122;2093;2088;1833;1828;1795;1790;1775;1771;1718;1713;1448;1443;1381;1376;1352;1347;1284;1280
1698010397013234.gadget2d_resized_512x512.png;class_0;1.0;polygon;y values;58;61;1327;1330;1333;1333;1335;1335;1338;1338;1341;1341;1344;1344;1347;1347;1350;1350;1353;1353;1356;1356;1359;1359;1362;1362;1365;1365;1368;1368;1371;1371;1374;1374;1376;1376;1379;1379;1382;1382;1379;1379;1382;1382;99;99;96;96;93;93;90;90;87;87;84;84;82;82;79;79;76;76;73;73;70;70;67;67;64;64;61;61;58
1699027466135626.gadget2d_resized_512x512.png;class_0;1.0;polygon;x values;0;0;163;168;211;216;235;240;288;293;457;462;500;505;519;524;563;567;702;707;745;750;779;784;890;895;1121;1126;1174;1179;1217;1222;1299;1304;1554;1559;1694;1698;1929;1934;2112;2117;2459;2459;2444;2439;2213;2208;2180;2175;2165;2160;2127;2122;1876;1872;1838;1833;1819;1814;1771;1766;1612;1607;1501;1496;1443;1438;1328;1323
1699027466135626.gadget2d_resized_512x512.png;class_0;1.0;polygon;y values;93;1321;1321;1324;1324;1327;1327;1330;1330;1333;1333;1335;1335;1338;1338;1341;1341;1344;1344;1347;1347;1350;1350;1353;1353;1356;1356;1359;1359;1362;1362;1365;1365;1368;1368;1371;1371;1374;1374;1376;1376;1379;1379;131;131;128;128;125;125;123;123;120;120;117;117;114;114;111;111;108;108;105;105;102;102;99;99;96;96;93
1700311528591474.gadget2d_resized_512x512.png;class_0;1.0;polygon;x values;2285;2281;2156;2151;2064;2059;1929;1925;1333;1328;1275;1270;1227;1222;1145;1140;842;837;798;794;779;774;741;736;433;428;404;399;385;380;346;341;129;125;91;86;72;67;0;0;9;14;726;731;909;914;991;996;1188;1193;1458;1463;1535;1540;1568;1573;1641;1645;1848;1852;1896;1900;1925;1929;1973;1977;2136;2141;2175;2180;2199;2204;2247;2252;2411;2415;2459;2459;2425;2420
1700311528591474.gadget2d_resized_512x512.png;class_0;1.0;polygon;y values;175;178;178;181;181;184;184;187;187;190;190;193;193;196;196;199;199;202;202;205;205;208;208;210;210;213;213;216;216;219;219;222;222;225;225;228;228;231;231;1300;1300;1297;1297;1294;1294;1291;1291;1289;1289;1286;1286;1283;1283;1280;1280;1277;1277;1274;1274;1271;1271;1268;1268;1265;1265;1262;1262;1259;1259;1256;1256;1253;1253;1250;1250;1248;1248;178;178;175
1698242843977769.gadget2d_resized_512x512.png;class_0;1.0;polygon;x values;24;19;19;28;48;52;120;125;264;269;317;322;341;346;394;399;510;514;548;553;563;567;601;606;745;750;837;842;899;904;972;976;1126;1130;1174;1179;1207;1212;1256;1260;1597;1602;1746;1751;2011;2016;2237;2242;2459;2459;2338;2334;2310;2305;2290;2285;2257;2252;2026;2021;1973;1968;1934;1929;1886;1881;1694;1689;1650;1645;1631;1626;1588;1583;1275;1270;1106;1102;1049;1044;928;924
1698242843977769.gadget2d_resized_512x512.png;class_0;1.0;polygon;y values;93;96;1321;1327;1327;1330;1330;1333;1333;1335;1335;1338;1338;1341;1341;1344;1344;1347;1347;1350;1350;1353;1353;1356;1356;1359;1359;1362;1362;1365;1365;1368;1368;1371;1371;1374;1374;1376;1376;1379;1379;1382;1382;1385;1385;1388;1388;1391;1391;140;140;137;137;134;134;131;131;128;128;125;125;123;123;120;120;117;117;114;114;111;111;108;108;105;105;102;102;99;99;96;96;93
1699019478728465.gadget2d_resized_512x512.png;class_0;1.0;polygon;x values;24;19;19;24;33;38;129;134;163;168;206;211;336;341;394;399;418;423;471;476;630;635;678;683;702;707;741;745;924;928;1010;1015;1053;1058;1126;1130;1260;1265;1371;1376;1443;1448;1520;1525;2079;2083;2334;2338;2459;2459;2343;2338;2305;2300;2290;2285;2257;2252;2054;2050;2011;2006;1977;1973;1910;1905;1669;1665;1617;1612;1597;1592;1559;1554;1265;1260;1164;1159;1102;1097;991;986
1699019478728465.gadget2d_resized_512x512.png;class_0;1.0;polygon;y values;93;96;1318;1321;1321;1324;1324;1327;1327;1330;1330;1333;1333;1335;1335;1338;1338;1341;1341;1344;1344;1347;1347;1350;1350;1353;1353;1356;1356;1359;1359;1362;1362;1365;1365;1368;1368;1371;1371;1374;1374;1376;1376;1379;1379;1382;1382;1385;1385;140;140;137;137;134;134;131;131;128;128;125;125;123;123;120;120;117;117;114;114;111;111;108;108;105;105;102;102;99;99;96;96;93
1698176100572587.gadget2d_resized_512x512.png;class_0;1.0;polygon;x values;24;19;19;28;178;182;245;250;274;279;332;336;481;486;519;524;543;548;577;582;707;712;765;770;808;813;914;919;1121;1126;1169;1174;1203;1207;1251;1256;1554;1559;1665;1669;1766;1771;1828;1833;1843;1848;2112;2117;2459;2459;2425;2420;2411;2406;2372;2367;2131;2127;2093;2088;2074;2069;2030;2026;1790;1785;1751;1746;1737;1732;1703;1698;1438;1434;1289;1284;1241;1236;1130;1126
1698176100572587.gadget2d_resized_512x512.png;class_0;1.0;polygon;y values;93;96;1327;1333;1333;1335;1335;1338;1338;1341;1341;1344;1344;1347;1347;1350;1350;1353;1353;1356;1356;1359;1359;1362;1362;1365;1365;1368;1368;1371;1371;1374;1374;1376;1376;1379;1379;1382;1382;1385;1385;1388;1388;1385;1385;1388;1388;1391;1391;137;137;134;134;131;131;128;128;125;125;123;123;120;120;117;117;114;114;111;111;108;108;105;105;102;102;99;99;96;96;93
1700068497556798.gadget2d_resized_512x512.png;class_0;1.0;polygon;x values;24;19;19;24;24;43;48;96;101;154;158;312;317;389;394;423;428;476;481;606;611;664;668;693;697;731;736;851;856;957;962;996;1001;1058;1063;1179;1183;1270;1275;1323;1328;1419;1424;2021;2026;2324;2329;2459;2459;2415;2411;2358;2353;2290;2285;2103;2098;2069;2064;2054;2050;2021;2016;1756;1751;1708;1703;1679;1674;1626;1621;1395;1390;1246;1241;1217;1212;1145;1140
1700068497556798.gadget2d_resized_512x512.png;class_0;1.0;polygon;y values;105;108;1341;1344;1347;1347;1350;1350;1353;1353;1356;1356;1359;1359;1362;1362;1365;1365;1368;1368;1371;1371;1374;1374;1376;1376;1379;1379;1382;1382;1385;1385;1388;1388;1391;1391;1394;1394;1397;1397;1400;1400;1403;1403;1406;1406;1409;1409;149;149;146;146;143;143;140;140;137;137;134;134;131;131;128;128;125;125;123;123;120;120;117;117;114;114;111;111;108;108;105
1699816994253819.gadget2d_resized_512x512.png;class_0;1.0;polygon;x values;24;19;19;24;24;154;158;202;206;231;235;274;279;394;399;433;437;457;462;500;505;668;673;721;726;750;755;827;832;1044;1049;1097;1102;1126;1130;1179;1183;1438;1443;1511;1515;1559;1564;1857;1862;2459;2459;2252;2247;2213;2208;2184;2180;2131;2127;1891;1886;1857;1852;1833;1828;1790;1785;1631;1626;1511;1506;1453;1448;1400;1395
1699816994253819.gadget2d_resized_512x512.png;class_0;1.0;polygon;y values;93;96;1327;1330;1333;1333;1335;1335;1338;1338;1341;1341;1344;1344;1347;1347;1350;1350;1353;1353;1356;1356;1359;1359;1362;1362;1365;1365;1368;1368;1371;1371;1374;1374;1376;1376;1379;1379;1382;1382;1385;1385;1388;1388;1391;1391;128;128;125;125;123;123;120;120;117;117;114;114;111;111;108;108;105;105;102;102;99;99;96;96;93
1698217567430352.gadget2d_resized_512x512.png;class_0;1.0;polygon;x values;24;19;19;24;24;38;43;206;211;259;264;293;298;394;399;481;486;519;524;553;558;616;620;745;750;832;837;962;967;1044;1049;1130;1135;1183;1188;1217;1222;1280;1284;1588;1592;2050;2054;2213;2218;2459;2459;2444;2439;2425;2420;2401;2396;2141;2136;2107;2103;2093;2088;2050;2045;1804;1799;1756;1751;1742;1737;1708;1703;1496;1491;1323;1318;1280;1275;1174;1169
1698217567430352.gadget2d_resized_512x512.png;class_0;1.0;polygon;y values;93;96;1324;1327;1330;1330;1333;1333;1335;1335;1338;1338;1341;1341;1344;1344;1347;1347;1350;1350;1353;1353;1356;1356;1359;1359;1362;1362;1365;1365;1368;1368;1371;1371;1374;1374;1376;1376;1379;1379;1382;1382;1385;1385;1388;1388;137;137;134;134;131;131;128;128;125;125;123;123;120;120;117;117;114;114;111;111;108;108;105;105;102;102;99;99;96;96;93
1699814240195069.gadget2d_resized_512x512.png;class_0;1.0;polygon;x values;24;19;19;28;125;129;158;163;206;211;312;317;351;356;380;385;437;442;587;591;635;640;664;668;717;721;938;943;1010;1015;1049;1053;1111;1116;1410;1414;1496;1501;1549;1554;1674;1679;2459;2459;1915;1910;1852;1848;1828;1823;1785;1780;1597;1592;1419;1414;1352;1347;1284;1280
1699814240195069.gadget2d_resized_512x512.png;class_0;1.0;polygon;y values;93;96;1330;1335;1335;1338;1338;1341;1341;1344;1344;1347;1347;1350;1350;1353;1353;1356;1356;1359;1359;1362;1362;1365;1365;1368;1368;1371;1371;1374;1374;1376;1376;1379;1379;1382;1382;1385;1385;1388;1388;1391;1391;117;117;114;114;111;111;108;108;105;105;102;102;99;99;96;96;93
1698304149266817.gadget2d_resized_512x512.png;class_0;1.0;polygon;x values;24;19;19;24;125;129;163;168;182;187;235;240;389;394;433;437;457;462;495;500;630;635;693;697;721;726;789;794;1020;1025;1082;1087;1111;1116;1169;1174;1395;1400;1520;1525;1564;1568;1660;1665;2459;2459;2276;2271;2247;2242;2233;2228;2204;2199;1963;1958;1910;1905;1891;1886;1848;1843;1655;1650;1612;1607;1592;1588;1554;1549;1174;1169;1020;1015;957;952;794;789
1698304149266817.gadget2d_resized_512x512.png;class_0;1.0;polygon;y values;70;73;1306;1309;1309;1312;1312;1315;1315;1318;1318;1321;1321;1324;1324;1327;1327;1330;1330;1333;1333;1335;1335;1338;1338;1341;1341;1344;1344;1347;1347;1350;1350;1353;1353;1356;1356;1359;1359;1362;1362;1365;1365;1368;1368;117;117;114;114;111;111;108;108;105;105;102;102;99;99;96;96;93;93;90;90;87;87;84;84;82;82;79;79;76;76;73;73;70
1699992747362712.gadget2d_resized_512x512.png;class_0;1.0;polygon;x values;895;890;832;827;755;750;741;726;721;712;707;697;678;673;471;466;433;428;409;404;375;370;81;77;24;24;19;19;24;24;394;399;476;481;572;577;654;659;731;736;1280;1284;1386;1390;1443;1448;1520;1525;1660;1665;1751;1756;1809;1814;1900;1905;2006;2011;2156;2160;2180;2184;2223;2228;2362;2367;2459;2459;1751;1746;1655;1650;1592;1588;1424;1419;1082;1078;1063;1049;1044;1039;1034;1029;1025;1020
1699992747362712.gadget2d_resized_512x512.png;class_0;1.0;polygon;y values;284;287;287;290;290;292;292;301;301;307;307;313;313;316;316;319;319;322;322;325;325;328;328;331;331;336;339;1400;1403;1406;1406;1409;1409;1412;1412;1409;1409;1406;1406;1403;1403;1400;1400;1397;1397;1394;1394;1391;1391;1388;1388;1385;1385;1382;1382;1379;1379;1376;1376;1374;1374;1371;1371;1368;1368;1365;1365;292;292;295;295;298;298;301;301;304;304;301;301;292;292;290;290;287;287;284
1699866325275301.gadget2d_resized_512x512.png;class_0;1.0;polygon;x values;702;697;548;543;28;19;19;24;38;43;139;144;206;211;269;274;380;385;466;471;505;510;553;558;741;745;784;789;822;827;880;885;1049;1053;1135;1140;1188;1193;1304;1309;1405;1410;1617;1621;1727;1732;2093;2098;2459;2459;2439;2435;2362;2358;2314;2310;2285;2281;2252;2247;2180;2175;2069;2064;2021;2016;1934;1929;1795;1790;1742;1737;1674;1669;1631;1626;1410;1405;1294;1289;1280;1275;1251;1246;1232;1227;1212;1207;1183;1179;1063;1058;875;871;760;755
1699866325275301.gadget2d_resized_512x512.png;class_0;1.0;polygon;y values;64;67;67;70;70;76;1306;1309;1309;1312;1312;1315;1315;1318;1318;1321;1321;1324;1324;1327;1327;1330;1330;1333;1333;1335;1335;1338;1338;1341;1341;1344;1344;1347;1347;1350;1350;1353;1353;1356;1356;1359;1359;1362;1362;1365;1365;1368;1368;120;120;117;117;114;114;111;111;108;108;105;105;102;102;99;99;96;96;93;93;96;96;99;99;96;96;93;93;90;90;87;87;84;84;82;82;79;79;76;76;73;73;70;70;67;67;64
1698250729150788.gadget2d_resized_512x512.png;class_0;1.0;polygon;x values;24;19;19;24;125;129;182;187;216;221;279;283;413;418;457;462;476;481;519;524;683;688;745;750;770;774;851;856;1039;1044;1097;1102;1126;1130;1164;1169;1390;1395;1515;1520;1578;1583;1713;1718;2459;2459;2454;2449;2425;2420;2160;2156;2122;2117;2103;2098;2064;2059;1823;1819;1771;1766;1751;1746;1718;1713;1496;1491;1299;1294;1241;1236;1126;1121
1698250729150788.gadget2d_resized_512x512.png;class_0;1.0;polygon;y values;93;96;1330;1333;1333;1335;1335;1338;1338;1341;1341;1344;1344;1347;1347;1350;1350;1353;1353;1356;1356;1359;1359;1362;1362;1365;1365;1368;1368;1371;1371;1374;1374;1376;1376;1379;1379;1382;1382;1385;1385;1388;1388;1391;1391;134;134;131;131;128;128;125;125;123;123;120;120;117;117;114;114;111;111;108;108;105;105;102;102;99;99;96;96;93
1699811884275649.gadget2d_resized_512x512.png;class_0;1.0;polygon;x values;1645;1641;1525;1520;1458;1453;1333;1328;943;938;885;880;856;851;803;798;486;481;447;442;428;423;394;389;221;216;158;154;125;120;28;19;19;24;24;308;312;413;418;779;784;1304;1309;1371;1376;1443;1448;1568;1573;1674;1679;1718;1722;1746;1751;1809;1814;2098;2103;2136;2141;2165;2170;2247;2252;2372;2377;2420;2425;2439;2444;2459;2459
1699811884275649.gadget2d_resized_512x512.png;class_0;1.0;polygon;y values;199;202;202;205;205;208;208;210;210;213;213;216;216;219;219;222;222;225;225;228;228;231;231;234;234;237;237;240;240;243;243;249;1309;1312;1318;1318;1315;1315;1312;1312;1309;1309;1306;1306;1303;1303;1300;1300;1297;1297;1294;1294;1291;1291;1289;1289;1286;1286;1283;1283;1280;1280;1277;1277;1274;1274;1271;1271;1268;1268;1271;1271;199
1698270378538295.gadget2d_resized_512x512.png;class_0;1.0;polygon;x values;24;19;19;24;24;28;33;38;67;72;192;197;235;240;264;269;351;356;567;572;654;659;683;688;731;736;818;822;890;895;943;948;1044;1049;1183;1188;1246;1251;1289;1294;1371;1376;2088;2093;2285;2290;2358;2362;2459;2459;2261;2257;2228;2223;2213;2208;2184;2180;1939;1934;1900;1896;1872;1867;1823;1819;1621;1617;1559;1554;1530;1525;1477;1472;933;928;808;803;745;741;625;620
1698270378538295.gadget2d_resized_512x512.png;class_0;1.0;polygon;y values;93;96;1335;1338;1341;1344;1344;1341;1341;1344;1344;1347;1347;1350;1350;1353;1353;1356;1356;1359;1359;1362;1362;1365;1365;1368;1368;1371;1371;1374;1374;1376;1376;1379;1379;1382;1382;1385;1385;1388;1388;1391;1391;1394;1394;1397;1397;1400;1400;140;140;137;137;134;134;131;131;128;128;125;125;123;123;120;120;117;117;114;114;111;111;108;108;105;105;102;102;99;99;96;96;93
1700286129708564.gadget2d_resized_512x512.png;class_0;1.0;polygon;x values;1713;1708;1597;1592;1530;1525;1414;1410;1078;1073;996;991;957;952;904;899;635;630;567;563;524;519;471;466;293;288;250;245;221;216;173;168;0;0;19;24;818;822;996;1001;1116;1121;1241;1246;1443;1448;1515;1520;1554;1559;1636;1641;1823;1828;1881;1886;1915;1920;1982;1987;2131;2136;2194;2199;2218;2223;2281;2285;2459;2459
1700286129708564.gadget2d_resized_512x512.png;class_0;1.0;polygon;y values;175;178;178;181;181;184;184;187;187;190;190;193;193;196;196;199;199;202;202;205;205;208;208;210;210;213;213;216;216;219;219;222;222;1300;1300;1297;1297;1294;1294;1291;1291;1289;1289;1286;1286;1283;1283;1280;1280;1277;1277;1274;1274;1271;1271;1268;1268;1265;1265;1262;1262;1259;1259;1256;1256;1253;1253;1250;1250;175
1697956493870061.gadget2d_resized_512x512.png;class_0;1.0;polygon;x values;24;19;19;24;24;72;77;134;139;283;288;341;346;370;375;418;423;630;635;697;702;741;745;789;794;976;981;1053;1058;1092;1097;1150;1155;1284;1289;1472;1477;1790;1795;2170;2175;2459;2459;2430;2425;2218;2213;2175;2170;2151;2146;2103;2098;1872;1867;1828;1823;1804;1799;1766;1761;1718;1713;1679;1674;1621;1617;1246;1241
1697956493870061.gadget2d_resized_512x512.png;class_0;1.0;polygon;y values;46;49;1286;1289;1291;1291;1294;1294;1297;1297;1300;1300;1303;1303;1306;1306;1309;1309;1312;1312;1315;1315;1318;1318;1321;1321;1324;1324;1327;1327;1330;1330;1333;1333;1335;1335;1338;1338;1341;1341;1344;1344;84;84;82;82;79;79;76;76;73;73;70;70;67;67;64;64;61;61;58;58;55;55;52;52;49;49;46
1700393839378976.gadget2d_resized_512x512.png;class_0;1.0;polygon;x values;1795;1790;1602;1597;1515;1511;1400;1395;1082;1078;996;991;957;952;895;890;539;534;481;476;457;452;418;413;264;259;240;235;221;216;187;182;0;0;760;765;856;861;928;933;1169;1174;1357;1361;1434;1438;1491;1496;1573;1578;1795;1799;1852;1857;1881;1886;1968;1973;2131;2136;2180;2184;2208;2213;2247;2252;2459;2459
1700393839378976.gadget2d_resized_512x512.png;class_0;1.0;polygon;y values;164;166;166;169;169;172;172;175;175;178;178;181;181;184;184;187;187;190;190;193;193;196;196;199;199;202;202;205;205;208;208;210;210;1286;1286;1283;1283;1280;1280;1277;1277;1274;1274;1271;1271;1268;1268;1265;1265;1262;1262;1259;1259;1256;1256;1253;1253;1250;1250;1248;1248;1245;1245;1242;1242;1239;1239;164
1700399583450632.gadget2d_resized_512x512.png;class_0;1.0;polygon;x values;1520;1515;1352;1347;1294;1289;1198;1193;895;890;832;827;808;803;770;765;471;466;437;433;418;413;389;385;187;182;144;139;125;120;77;72;0;0;86;91;664;668;702;707;789;794;1063;1068;1126;1130;1260;1265;1361;1366;1419;1424;1530;1535;1742;1746;1799;1804;1838;1843;1920;1925;2079;2083;2131;2136;2170;2175;2242;2247;2459;2459
1700399583450632.gadget2d_resized_512x512.png;class_0;1.0;polygon;y values;164;166;166;169;169;172;172;175;175;178;178;181;181;184;184;187;187;190;190;193;193;196;196;199;199;202;202;205;205;208;208;210;210;1286;1286;1283;1283;1280;1280;1277;1277;1274;1274;1277;1277;1274;1274;1271;1271;1268;1268;1265;1265;1262;1262;1259;1259;1256;1256;1253;1253;1250;1250;1248;1248;1245;1245;1242;1242;1239;1239;164
1700420433756645.gadget2d_resized_512x512.png;class_0;1.0;polygon;x values;24;19;19;24;24;91;96;250;255;327;332;356;360;394;399;591;596;649;654;673;678;712;717;832;837;938;943;981;986;1049;1053;1183;1188;1241;1246;1275;1280;1323;1328;1525;1530;2030;2035;2252;2257;2435;2439;2459;2459;2305;2300;2257;2252;2242;2237;2208;2204;1997;1992;1939;1934;1910;1905;1862;1857;1674;1669;1617;1612;1592;1588;1559;1554;1482;1477;1337;1333;1130;1126;1025;1020;986;981;933;928
1700420433756645.gadget2d_resized_512x512.png;class_0;1.0;polygon;y values;70;73;1309;1312;1318;1318;1321;1321;1324;1324;1327;1327;1330;1330;1333;1333;1335;1335;1338;1338;1341;1341;1344;1344;1347;1347;1350;1350;1353;1353;1356;1356;1359;1359;1362;1362;1365;1365;1368;1368;1371;1371;1374;1374;1376;1376;1379;1379;117;117;114;114;111;111;108;108;105;105;102;102;99;99;96;96;93;93;90;90;87;87;84;84;82;82;79;79;82;82;79;79;76;76;73;73;70
1697952572789579.gadget2d_resized_512x512.png;class_0;1.0;polygon;x values;24;19;19;24;24;28;120;125;250;255;322;327;351;356;399;404;548;553;616;620;664;668;726;731;794;798;871;875;952;957;1025;1029;1179;1183;1251;1256;1280;1284;1313;1318;1578;1583;2021;2026;2069;2074;2141;2146;2338;2343;2444;2449;2459;2459;2324;2319;2247;2242;2218;2213;2175;2170;1915;1910;1857;1852;1823;1819;1746;1742;1703;1698;1655;1650;1544;1540;1438;1434;962;957;813;808;784;779;745;741
1697952572789579.gadget2d_resized_512x512.png;class_0;1.0;polygon;y values;82;84;1333;1335;1338;1341;1341;1344;1344;1347;1347;1350;1350;1353;1353;1356;1356;1359;1359;1362;1362;1365;1365;1368;1368;1371;1371;1374;1374;1376;1376;1379;1379;1382;1382;1385;1385;1388;1388;1391;1391;1394;1394;1397;1397;1400;1400;1397;1397;1400;1400;1403;1403;128;128;125;125;123;123;120;120;117;117;114;114;111;111;108;108;105;105;102;102;99;99;96;96;93;93;90;90;87;87;84;84;82
1698233891786038.gadget2d_resized_512x512.png;class_0;1.0;polygon;x values;24;19;19;24;24;72;77;163;168;264;269;317;322;356;360;418;423;543;548;591;596;625;630;673;678;861;866;943;948;986;991;1063;1068;1203;1207;1294;1299;1376;1381;1588;1592;2199;2204;2382;2387;2411;2415;2439;2444;2459;2459;2276;2271;2242;2237;2223;2218;2189;2184;1953;1949;1915;1910;1900;1896;1852;1848;1621;1617;1573;1568;1554;1549;1515;1511;1020;1015;885;880;798;794;697;693
1698233891786038.gadget2d_resized_512x512.png;class_0;1.0;polygon;y values;93;96;1333;1335;1338;1338;1341;1341;1344;1344;1347;1347;1350;1350;1353;1353;1356;1356;1359;1359;1362;1362;1365;1365;1368;1368;1371;1371;1374;1374;1376;1376;1379;1379;1382;1382;1385;1385;1388;1388;1391;1391;1394;1394;1397;1397;1394;1394;1397;1397;140;140;137;137;134;134;131;131;128;128;125;125;123;123;120;120;117;117;114;114;111;111;108;108;105;105;102;102;99;99;96;96;93
1698288853935454.gadget2d_resized_512x512.png;class_0;1.0;polygon;x values;24;19;19;28;96;101;120;125;168;173;332;336;394;399;423;428;481;486;567;572;625;630;649;654;683;688;943;948;1025;1029;1073;1078;1135;1140;1251;1256;1386;1390;1434;1438;1515;1520;2276;2281;2459;2459;2372;2367;2329;2324;2305;2300;2257;2252;2064;2059;2026;2021;2006;2002;1963;1958;1751;1746;1708;1703;1679;1674;1631;1626;1304;1299;1236;1232;1198;1193;1121;1116
1698288853935454.gadget2d_resized_512x512.png;class_0;1.0;polygon;y values;82;84;1318;1324;1324;1327;1327;1330;1330;1333;1333;1335;1335;1338;1338;1341;1341;1344;1344;1347;1347;1350;1350;1353;1353;1356;1356;1359;1359;1362;1362;1365;1365;1368;1368;1371;1371;1374;1374;1376;1376;1379;1379;1382;1382;128;128;125;125;123;123;120;120;117;117;114;114;111;111;108;108;105;105;102;102;99;99;96;96;93;93;90;90;87;87;84;84;82
1700291225386350.gadget2d_resized_512x512.png;class_0;1.0;polygon;x values;1376;1371;1304;1299;1275;1270;1217;1212;914;909;851;847;822;818;765;760;466;462;442;437;423;418;394;389;206;202;158;154;129;125;77;72;24;19;19;28;86;91;442;447;693;697;847;851;1260;1265;1352;1357;1395;1400;1477;1482;1679;1684;1746;1751;1775;1780;1838;1843;2045;2050;2088;2093;2112;2117;2170;2175;2353;2358;2396;2401;2420;2425;2459;2459
1700291225386350.gadget2d_resized_512x512.png;class_0;1.0;polygon;y values;175;178;178;181;181;184;184;187;187;190;190;193;193;196;196;199;199;202;202;205;205;208;208;210;210;213;213;216;216;219;219;222;222;225;1291;1297;1297;1294;1294;1291;1291;1289;1289;1286;1286;1283;1283;1280;1280;1277;1277;1274;1274;1271;1271;1268;1268;1265;1265;1262;1262;1259;1259;1256;1256;1253;1253;1250;1250;1248;1248;1245;1245;1242;1242;175
1700298990463333.gadget2d_resized_512x512.png;class_0;1.0;polygon;x values;2088;2083;1645;1641;1559;1554;1477;1472;1092;1087;1015;1010;991;986;952;948;673;668;611;606;548;543;471;466;288;283;255;250;240;235;206;202;24;19;19;24;717;721;928;933;1140;1145;1260;1265;1443;1448;1515;1520;1559;1564;1636;1641;1823;1828;1881;1886;1915;1920;1982;1987;2127;2131;2175;2180;2208;2213;2281;2285;2420;2425;2459;2459
1700298990463333.gadget2d_resized_512x512.png;class_0;1.0;polygon;y values;164;166;166;169;169;172;172;175;175;178;178;181;181;184;184;187;187;190;190;193;193;196;196;199;199;202;202;205;205;208;208;210;210;213;1294;1297;1297;1294;1294;1291;1291;1289;1289;1286;1286;1283;1283;1280;1280;1277;1277;1274;1274;1271;1271;1268;1268;1265;1265;1262;1262;1259;1259;1256;1256;1253;1253;1250;1250;1248;1248;164
1698217191422891.gadget2d_resized_512x512.png;class_0;1.0;polygon;x values;28;19;19;24;24;28;129;134;250;255;293;298;317;322;370;375;495;500;534;539;563;567;630;635;760;765;871;875;938;943;1010;1015;1174;1179;1236;1241;1270;1275;1366;1371;2050;2054;2329;2334;2415;2420;2435;2439;2459;2459;2425;2420;2411;2406;2367;2362;2146;2141;2103;2098;2079;2074;2040;2035;1819;1814;1775;1771;1756;1751;1727;1722;1482;1477;1347;1342;1299;1294;1217;1212;770;765;678;673;640;635;548;543;409;404;245;240
1698217191422891.gadget2d_resized_512x512.png;class_0;1.0;polygon;y values;82;87;1333;1335;1338;1341;1341;1344;1344;1347;1347;1350;1350;1353;1353;1356;1356;1359;1359;1362;1362;1365;1365;1368;1368;1371;1371;1374;1374;1376;1376;1379;1379;1382;1382;1385;1385;1388;1388;1391;1391;1394;1394;1397;1397;1394;1394;1397;1397;137;137;134;134;131;131;128;128;125;125;123;123;120;120;117;117;114;114;111;111;108;108;105;105;102;102;99;99;96;96;93;93;90;90;87;87;84;84;82;82;84;84;82
1698998692263390.gadget2d_resized_512x512.png;class_0;1.0;polygon;x values;77;72;52;48;38;33;28;24;24;19;19;28;91;96;125;129;168;173;322;327;399;404;428;433;481;486;664;668;707;712;726;731;760;765;1034;1039;1102;1106;1135;1140;1203;1207;1438;1443;1559;1564;1617;1621;1742;1746;2459;2459;2406;2401;2127;2122;2093;2088;2074;2069;2045;2040;1780;1775;1713;1708;1684;1679;1641;1636;1434;1429;1289;1284;1232;1227;1155;1150
1698998692263390.gadget2d_resized_512x512.png;class_0;1.0;polygon;y values;82;84;84;87;87;90;90;93;96;99;1294;1300;1300;1303;1303;1306;1306;1309;1309;1312;1312;1315;1315;1318;1318;1321;1321;1324;1324;1327;1327;1330;1330;1333;1333;1335;1335;1338;1338;1341;1341;1344;1344;1347;1347;1350;1350;1353;1353;1356;1356;120;120;117;117;114;114;111;111;108;108;105;105;102;102;99;99;96;96;93;93;90;90;87;87;84;84;82
1698168804426438.gadget2d_resized_512x512.png;class_0;1.0;polygon;x values;24;19;19;24;24;149;154;216;221;269;274;346;351;466;471;519;524;553;558;611;616;741;745;789;794;837;842;976;981;1102;1106;1164;1169;1207;1212;1280;1284;1568;1573;1713;1718;2006;2011;2276;2281;2459;2459;2324;2319;2285;2281;2261;2257;2228;2223;2021;2016;1982;1977;1963;1958;1920;1915;1703;1698;1645;1641;1612;1607;1549;1544
1698168804426438.gadget2d_resized_512x512.png;class_0;1.0;polygon;y values;93;96;1327;1330;1333;1333;1335;1335;1338;1338;1341;1341;1344;1344;1347;1347;1350;1350;1353;1353;1356;1356;1359;1359;1362;1362;1365;1365;1368;1368;1371;1371;1374;1374;1376;1376;1379;1379;1382;1382;1385;1385;1388;1388;1391;1391;128;128;125;125;123;123;120;120;117;117;114;114;111;111;108;108;105;105;102;102;99;99;96;96;93
1698007849969259.gadget2d_resized_512x512.png;class_0;1.0;polygon;x values;24;19;19;24;24;149;154;226;231;259;264;327;332;457;462;510;514;543;548;606;611;736;741;779;784;808;813;899;904;1082;1087;1135;1140;1169;1174;1227;1232;1463;1467;1568;1573;1597;1602;1665;1669;1732;1737;1953;1958;2459;2459;2382;2377;2343;2338;2324;2319;2285;2281;2059;2054;2030;2026;2016;2011;1977;1973;1703;1698;1641;1636;1612;1607;1564;1559;1284;1280;1203;1198;1145;1140;1063;1058
1698007849969259.gadget2d_resized_512x512.png;class_0;1.0;polygon;y values;105;108;1338;1341;1344;1344;1347;1347;1350;1350;1353;1353;1356;1356;1359;1359;1362;1362;1365;1365;1368;1368;1371;1371;1374;1374;1376;1376;1379;1379;1382;1382;1385;1385;1388;1388;1391;1391;1394;1394;1397;1397;1400;1400;1403;1403;1400;1400;1403;1403;152;152;149;149;146;146;143;143;140;140;137;137;134;134;131;131;128;128;125;125;123;123;120;120;117;117;114;114;111;111;108;108;105
1697620060646897.gadget2d_resized_512x512.png;class_0;1.0;polygon;x values;24;19;19;24;115;120;168;173;202;206;259;264;404;409;452;457;476;481;524;529;668;673;726;731;750;755;789;794;991;996;1049;1053;1087;1092;1145;1150;1313;1318;1424;1429;1506;1511;1612;1617;2281;2285;2459;2459;2449;2444;2228;2223;2199;2194;2180;2175;2151;2146;1929;1925;1900;1896;1881;1876;1843;1838;1645;1641;1564;1559;1515;1511;1434;1429
1697620060646897.gadget2d_resized_512x512.png;class_0;1.0;polygon;y values;93;96;1330;1333;1333;1335;1335;1338;1338;1341;1341;1344;1344;1347;1347;1350;1350;1353;1353;1356;1356;1359;1359;1362;1362;1365;1365;1368;1368;1371;1371;1374;1374;1376;1376;1379;1379;1382;1382;1385;1385;1388;1388;1391;1391;1394;1394;131;131;128;128;125;125;123;123;120;120;117;117;114;114;111;111;108;108;105;105;102;102;99;99;96;96;93
1698056988006956.gadget2d_resized_512x512.png;class_0;1.0;polygon;x values;24;19;19;28;91;96;120;125;173;178;317;322;360;365;380;385;433;437;620;625;668;673;688;693;721;726;933;938;1015;1020;1073;1078;1135;1140;1318;1323;1414;1419;1453;1458;1511;1515;2334;2338;2459;2459;2237;2233;2208;2204;2189;2184;2160;2156;1905;1900;1862;1857;1838;1833;1795;1790;1564;1559;1511;1506;1477;1472;1424;1419
1698056988006956.gadget2d_resized_512x512.png;class_0;1.0;polygon;y values;82;84;1318;1324;1324;1327;1327;1330;1330;1333;1333;1335;1335;1338;1338;1341;1341;1344;1344;1347;1347;1350;1350;1353;1353;1356;1356;1359;1359;1362;1362;1365;1365;1368;1368;1371;1371;1374;1374;1376;1376;1379;1379;1382;1382;117;117;114;114;111;111;108;108;105;105;102;102;99;99;96;96;93;93;90;90;87;87;84;84;82
1700408895366070.gadget2d_resized_512x512.png;class_0;1.0;polygon;x values;1660;1655;1578;1573;1506;1501;1419;1414;1111;1106;1053;1049;1015;1010;962;957;688;683;649;644;630;625;572;567;336;332;288;283;259;255;206;202;14;9;0;0;216;221;399;404;437;442;635;640;683;688;755;760;1203;1207;1299;1304;1390;1395;1458;1463;1636;1641;1694;1698;1722;1727;1795;1799;1977;1982;2026;2030;2054;2059;2103;2107;2242;2247;2290;2295;2319;2324;2362;2367;2459;2459
1700408895366070.gadget2d_resized_512x512.png;class_0;1.0;polygon;y values;175;178;178;181;181;184;184;187;187;190;190;193;193;196;196;199;199;202;202;205;205;208;208;210;210;213;213;216;216;219;219;222;222;225;225;1309;1309;1306;1306;1309;1309;1306;1306;1303;1303;1300;1300;1297;1297;1294;1294;1291;1291;1289;1289;1286;1286;1283;1283;1280;1280;1277;1277;1274;1274;1271;1271;1268;1268;1265;1265;1262;1262;1259;1259;1256;1256;1253;1253;1250;1250;175
1700396653416891.gadget2d_resized_512x512.png;class_0;1.0;polygon;x values;1766;1761;1626;1621;1520;1515;1414;1410;1087;1082;1020;1015;991;986;948;943;678;673;543;539;505;500;452;447;303;298;274;269;255;250;216;211;24;19;19;28;81;86;909;914;1044;1049;1102;1106;1222;1227;1429;1434;1515;1520;1568;1573;1636;1641;1852;1857;1900;1905;1934;1939;1982;1987;2127;2131;2184;2189;2208;2213;2257;2261;2459;2459
1700396653416891.gadget2d_resized_512x512.png;class_0;1.0;polygon;y values;164;166;166;169;169;172;172;175;175;178;178;181;181;184;184;187;187;190;190;193;193;196;196;199;199;202;202;205;205;208;208;210;210;213;1283;1289;1289;1286;1286;1283;1283;1280;1280;1277;1277;1274;1274;1271;1271;1268;1268;1265;1265;1262;1262;1259;1259;1256;1256;1253;1253;1250;1250;1248;1248;1245;1245;1242;1242;1239;1239;164
1700347119971768.gadget2d_resized_512x512.png;class_0;1.0;polygon;x values;1559;1554;1376;1371;1323;1318;1256;1251;933;928;885;880;851;847;794;789;553;548;471;466;433;428;389;385;206;202;173;168;154;149;115;110;0;0;9;14;231;235;827;832;1116;1121;1241;1246;1328;1333;1540;1544;1597;1602;1636;1641;1722;1727;1929;1934;1977;1982;2006;2011;2059;2064;2208;2213;2247;2252;2281;2285;2343;2348;2459;2459
1700347119971768.gadget2d_resized_512x512.png;class_0;1.0;polygon;y values;187;190;190;193;193;196;196;199;199;202;202;205;205;208;208;210;210;213;213;216;216;219;219;222;222;225;225;228;228;231;231;234;234;1303;1303;1300;1300;1297;1297;1294;1294;1291;1291;1289;1289;1286;1286;1283;1283;1280;1280;1277;1277;1274;1274;1271;1271;1268;1268;1265;1265;1262;1262;1259;1259;1256;1256;1253;1253;1250;1250;187
1699881718084807.gadget2d_resized_512x512.png;class_0;1.0;polygon;x values;1607;1602;1472;1467;1390;1386;1294;1289;981;976;933;928;909;904;856;851;505;500;437;433;413;409;385;380;197;192;163;158;139;134;101;96;24;19;19;24;28;33;48;52;952;957;1106;1111;1236;1241;1381;1386;1568;1573;1626;1631;1650;1655;1689;1694;1780;1785;1838;1843;2016;2021;2127;2131;2228;2233;2281;2285;2319;2324;2387;2391;2459;2459
1699881718084807.gadget2d_resized_512x512.png;class_0;1.0;polygon;y values;187;190;190;193;193;196;196;199;199;202;202;205;205;208;208;210;210;213;213;216;216;219;219;222;222;225;225;228;228;231;231;234;234;237;1306;1309;1309;1312;1312;1309;1309;1306;1306;1303;1303;1300;1300;1297;1297;1294;1294;1291;1291;1289;1289;1286;1286;1283;1283;1280;1280;1277;1277;1274;1274;1271;1271;1268;1268;1265;1265;1262;1262;187
1698284116830357.gadget2d_resized_512x512.png;class_0;1.0;polygon;x values;24;19;19;24;24;48;52;86;91;134;139;298;303;351;356;375;380;428;433;548;553;587;591;601;606;640;644;784;789;880;885;972;976;1068;1073;1232;1236;1318;1323;1357;1361;1424;1429;1737;1742;2228;2233;2329;2334;2459;2459;2439;2435;2204;2199;2175;2170;2156;2151;2122;2117;1872;1867;1823;1819;1795;1790;1746;1742;1554;1549;1487;1482;1453;1448;1376;1371
1698284116830357.gadget2d_resized_512x512.png;class_0;1.0;polygon;y values;82;84;1318;1321;1324;1324;1327;1327;1330;1330;1333;1333;1335;1335;1338;1338;1341;1341;1344;1344;1347;1347;1350;1350;1353;1353;1356;1356;1359;1359;1362;1362;1365;1365;1368;1368;1371;1371;1374;1374;1376;1376;1379;1379;1382;1382;1385;1385;1388;1388;120;120;117;117;114;114;111;111;108;108;105;105;102;102;99;99;96;96;93;93;90;90;87;87;84;84;82
1699809632103008.gadget2d_resized_512x512.png;class_0;1.0;polygon;x values;24;19;19;24;134;139;192;197;216;221;259;264;389;394;428;433;452;457;495;500;649;654;702;707;731;736;798;803;1049;1053;1102;1106;1135;1140;1198;1203;1501;1506;1626;1631;1684;1689;2021;2026;2459;2459;2449;2444;2252;2247;2213;2208;2184;2180;2141;2136;1900;1896;1838;1833;1804;1799;1756;1751;1612;1607;1472;1467;1395;1390;1328;1323
1699809632103008.gadget2d_resized_512x512.png;class_0;1.0;polygon;y values;93;96;1330;1333;1333;1335;1335;1338;1338;1341;1341;1344;1344;1347;1347;1350;1350;1353;1353;1356;1356;1359;1359;1362;1362;1365;1365;1368;1368;1371;1371;1374;1374;1376;1376;1379;1379;1382;1382;1385;1385;1388;1388;1391;1391;131;131;128;128;125;125;123;123;120;120;117;117;114;114;111;111;108;108;105;105;102;102;99;99;96;96;93
1698164927338036.gadget2d_resized_512x512.png;class_0;1.0;polygon;x values;24;19;19;24;81;86;163;168;197;202;245;250;394;399;437;442;466;471;514;519;659;664;736;741;760;765;847;851;1058;1063;1130;1135;1164;1169;1222;1227;1491;1496;1703;1708;1900;1905;1915;1920;2314;2319;2459;2459;2406;2401;2343;2338;2088;2083;2050;2045;2021;2016;1963;1958;1708;1703;1645;1641;1602;1597;1530;1525
1698164927338036.gadget2d_resized_512x512.png;class_0;1.0;polygon;y values;93;96;1330;1333;1333;1335;1335;1338;1338;1341;1341;1344;1344;1347;1347;1350;1350;1353;1353;1356;1356;1359;1359;1362;1362;1365;1365;1368;1368;1371;1371;1374;1374;1376;1376;1379;1379;1382;1382;1385;1385;1382;1382;1385;1385;1388;1388;123;123;120;120;117;117;114;114;111;111;108;108;105;105;102;102;99;99;96;96;93
1699839291570446.gadget2d_resized_512x512.png;class_0;1.0;polygon;x values;1665;1660;1511;1506;1463;1458;1371;1366;981;976;914;909;890;885;827;822;495;490;471;466;452;447;418;413;255;250;182;178;149;144;86;81;24;19;19;24;24;28;52;57;409;413;601;606;750;755;1241;1246;1313;1318;1381;1386;1520;1525;1655;1660;1694;1698;1718;1722;1780;1785;2054;2059;2098;2103;2131;2136;2189;2194;2338;2343;2382;2387;2411;2415;2449;2454;2459;2459
1699839291570446.gadget2d_resized_512x512.png;class_0;1.0;polygon;y values;199;202;202;205;205;208;208;210;210;213;213;216;216;219;219;222;222;225;225;228;228;231;231;234;234;237;237;240;240;243;243;246;246;249;1306;1309;1312;1315;1315;1312;1312;1309;1309;1312;1312;1309;1309;1306;1306;1303;1303;1300;1300;1297;1297;1294;1294;1291;1291;1289;1289;1286;1286;1283;1283;1280;1280;1277;1277;1274;1274;1271;1271;1268;1268;1265;1265;1268;1268;199
1697952636790395.gadget2d_resized_512x512.png;class_0;1.0;polygon;x values;173;168;28;24;24;19;19;24;38;43;48;52;101;105;178;182;216;221;288;293;409;413;471;476;500;505;548;553;736;741;789;794;822;827;866;871;972;976;1087;1092;1121;1126;1164;1169;1260;1265;1342;1347;1506;1511;1588;1592;2459;2459;2415;2411;2151;2146;2103;2098;2088;2083;2054;2050;1838;1833;1795;1790;1751;1746;1703;1698;1669;1665;1636;1631;1626;1621;1621;1626;1626;1511;1501;1496;1491;1482;1477;1463;1458;1438;1434;1395;1390;1357;1352;1260;1256;1217;1212;1188;1183;1135;1130;851;847;765;760;654;649;558;553;336;332;259;255
1697952636790395.gadget2d_resized_512x512.png;class_0;1.0;polygon;y values;70;73;73;76;79;82;1330;1333;1333;1335;1335;1333;1333;1335;1335;1338;1338;1341;1341;1344;1344;1347;1347;1350;1350;1353;1353;1356;1356;1359;1359;1362;1362;1365;1365;1368;1368;1371;1371;1374;1374;1376;1376;1379;1379;1382;1382;1385;1385;1388;1388;1391;1391;120;120;117;117;114;114;111;111;108;108;105;105;102;102;99;99;96;96;93;93;90;90;87;87;84;82;79;76;76;82;82;84;84;87;87;84;84;87;87;90;90;93;93;90;90;87;87;84;84;82;82;79;79;76;76;73;73;76;76;73;73;70
1699837177551291.gadget2d_resized_512x512.png;class_0;1.0;polygon;x values;1554;1549;1371;1366;1318;1313;1232;1227;895;890;837;832;818;813;765;760;447;442;413;409;399;394;356;351;120;115;81;77;57;52;28;19;19;28;110;115;1010;1015;1058;1063;1068;1203;1207;1304;1309;1429;1434;1564;1568;1621;1626;1645;1650;1689;1694;1761;1766;1809;1814;1852;1857;2117;2122;2204;2208;2281;2285;2300;2305;2334;2338;2459;2459
1699837177551291.gadget2d_resized_512x512.png;class_0;1.0;polygon;y values;210;213;213;216;216;219;219;222;222;225;225;228;228;231;231;234;234;237;237;240;240;243;243;246;246;249;249;251;251;254;254;260;1318;1324;1324;1321;1321;1318;1318;1321;1318;1318;1315;1315;1312;1312;1309;1309;1306;1306;1303;1303;1300;1300;1297;1297;1294;1294;1291;1291;1289;1289;1286;1286;1283;1283;1280;1280;1277;1277;1274;1274;210
1699819077314296.gadget2d_resized_512x512.png;class_0;1.0;polygon;x values;0;0;14;19;67;72;149;154;173;178;216;221;356;360;394;399;409;413;447;452;620;625;678;683;712;717;760;765;962;967;1020;1025;1049;1053;1097;1102;1357;1361;1434;1438;1472;1477;1540;1544;2324;2329;2459;2459;2444;2439;2228;2223;2184;2180;2170;2165;2127;2122;1900;1896;1867;1862;1848;1843;1809;1804;1641;1636;1535;1530;1472;1467;1400;1395
1699819077314296.gadget2d_resized_512x512.png;class_0;1.0;polygon;y values;93;1335;1335;1333;1333;1335;1335;1338;1338;1341;1341;1344;1344;1347;1347;1350;1350;1353;1353;1356;1356;1359;1359;1362;1362;1365;1365;1368;1368;1371;1371;1374;1374;1376;1376;1379;1379;1382;1382;1385;1385;1388;1388;1391;1391;1394;1394;131;131;128;128;125;125;123;123;120;120;117;117;114;114;111;111;108;108;105;105;102;102;99;99;96;96;93
1698288703931808.gadget2d_resized_512x512.png;class_0;1.0;polygon;x values;24;19;19;28;43;48;105;110;269;274;322;327;356;360;409;413;514;519;558;563;587;591;630;635;779;784;885;890;938;943;1020;1025;1164;1169;1246;1251;1280;1284;1333;1337;1944;1949;2247;2252;2435;2439;2459;2459;2261;2257;2223;2218;2208;2204;2175;2170;1944;1939;1905;1900;1886;1881;1852;1848;1674;1669;1592;1588;1549;1544;1458;1453
1698288703931808.gadget2d_resized_512x512.png;class_0;1.0;polygon;y values;93;96;1321;1327;1327;1330;1330;1333;1333;1335;1335;1338;1338;1341;1341;1344;1344;1347;1347;1350;1350;1353;1353;1356;1356;1359;1359;1362;1362;1365;1365;1368;1368;1371;1371;1374;1374;1376;1376;1379;1379;1382;1382;1385;1385;1388;1388;128;128;125;125;123;123;120;120;117;117;114;114;111;111;108;108;105;105;102;102;99;99;96;96;93
1700363075145479.gadget2d_resized_512x512.png;class_0;1.0;polygon;x values;1313;1309;1251;1246;1212;1207;1140;1135;827;822;765;760;717;712;616;611;423;418;385;380;365;360;327;322;38;33;0;0;14;19;33;38;264;269;664;668;1145;1150;1241;1246;1313;1318;1395;1400;1549;1554;1636;1641;1674;1679;1746;1751;1958;1963;1997;2002;2021;2026;2069;2074;2228;2233;2285;2290;2319;2324;2382;2387;2459;2459
1700363075145479.gadget2d_resized_512x512.png;class_0;1.0;polygon;y values;175;178;178;181;181;184;184;187;187;190;190;193;193;196;196;199;199;202;202;205;205;208;208;210;210;213;213;1297;1297;1294;1294;1291;1291;1289;1289;1286;1286;1283;1283;1280;1280;1277;1277;1274;1274;1271;1271;1268;1268;1265;1265;1262;1262;1259;1259;1256;1256;1253;1253;1250;1250;1248;1248;1245;1245;1242;1242;1239;1239;175
1700070499598492.gadget2d_resized_512x512.png;class_0;1.0;polygon;x values;24;19;19;24;38;43;129;134;168;173;216;221;356;360;428;433;457;462;510;514;654;659;688;693;707;712;745;750;972;976;1068;1073;1116;1121;1174;1179;1299;1304;1424;1429;1491;1496;1732;1737;2459;2459;2257;2252;2218;2213;2208;2204;2175;2170;1929;1925;1881;1876;1857;1852;1795;1790;1544;1540;1467;1463;1438;1434;1376;1371;943;938;813;808;760;755;659;654;567;563;558;553
1700070499598492.gadget2d_resized_512x512.png;class_0;1.0;polygon;y values;93;96;1341;1344;1344;1347;1347;1350;1350;1353;1353;1356;1356;1359;1359;1362;1362;1365;1365;1368;1368;1371;1371;1374;1374;1376;1376;1379;1379;1382;1382;1385;1385;1388;1388;1391;1391;1394;1394;1397;1397;1400;1400;1403;1403;140;140;137;137;134;134;131;131;128;128;125;125;123;123;120;120;117;117;114;114;111;111;108;108;105;105;102;102;99;99;96;96;93;93;96;96;93
1698243751000561.gadget2d_resized_512x512.png;class_0;1.0;polygon;x values;24;19;19;28;182;187;245;250;269;274;322;327;462;466;505;510;519;524;558;563;693;697;755;760;784;789;875;880;1068;1073;1126;1130;1155;1159;1207;1212;1434;1438;1535;1540;1597;1602;1722;1727;2435;2439;2459;2459;2415;2411;2348;2343;2180;2175;2151;2146;2136;2131;2103;2098;1872;1867;1823;1819;1790;1785;1746;1742;1568;1564;1520;1515;1491;1487;1438;1434;976;972;875;871;822;818;755;750
1698243751000561.gadget2d_resized_512x512.png;class_0;1.0;polygon;y values;93;96;1327;1333;1333;1335;1335;1338;1338;1341;1341;1344;1344;1347;1347;1350;1350;1353;1353;1356;1356;1359;1359;1362;1362;1365;1365;1368;1368;1371;1371;1374;1374;1376;1376;1379;1379;1382;1382;1385;1385;1388;1388;1391;1391;1394;1394;146;146;143;143;140;140;137;137;134;134;131;131;128;128;125;125;123;123;120;120;117;117;114;114;111;111;108;108;105;105;102;102;99;99;96;96;93
1698273007599359.gadget2d_resized_512x512.png;class_0;1.0;polygon;x values;24;19;19;24;24;163;168;211;216;240;245;288;293;447;452;495;500;519;524;563;567;688;693;750;755;784;789;938;943;1082;1087;1140;1145;1174;1179;1241;1246;1583;1588;1881;1886;2079;2083;2218;2223;2459;2459;2449;2444;2425;2420;2180;2175;2136;2131;2112;2107;2064;2059;1843;1838;1799;1795;1780;1775;1746;1742;1559;1554;1453;1448;1400;1395;1299;1294
1698273007599359.gadget2d_resized_512x512.png;class_0;1.0;polygon;y values;93;96;1327;1330;1333;1333;1335;1335;1338;1338;1341;1341;1344;1344;1347;1347;1350;1350;1353;1353;1356;1356;1359;1359;1362;1362;1365;1365;1368;1368;1371;1371;1374;1374;1376;1376;1379;1379;1382;1382;1385;1385;1388;1388;1391;1391;134;134;131;131;128;128;125;125;123;123;120;120;117;117;114;114;111;111;108;108;105;105;102;102;99;99;96;96;93
1698237520862411.gadget2d_resized_512x512.png;class_0;1.0;polygon;x values;24;19;19;24;163;168;211;216;240;245;303;308;442;447;490;495;510;514;543;548;736;741;842;847;914;919;1010;1015;1203;1207;1318;1323;1376;1381;1525;1530;2459;2459;2338;2334;2319;2314;2305;2300;2285;2281;2131;2127;2098;2093;2079;2074;2050;2045;1896;1891;1867;1862;1857;1852;1833;1828;1689;1684;1645;1641;1626;1621;1568;1564
1698237520862411.gadget2d_resized_512x512.png;class_0;1.0;polygon;y values;70;73;1306;1309;1309;1312;1312;1315;1315;1318;1318;1321;1321;1324;1324;1327;1327;1330;1330;1333;1333;1335;1335;1338;1338;1341;1341;1344;1344;1347;1347;1350;1350;1353;1353;1356;1356;117;117;114;114;111;111;108;108;105;105;102;102;99;99;96;96;93;93;90;90;87;87;84;84;82;82;79;79;76;76;73;73;70
1698063298143342.gadget2d_resized_512x512.png;class_0;1.0;polygon;x values;24;19;19;24;24;158;163;206;211;231;235;274;279;437;442;481;486;505;510;543;548;673;678;721;726;745;750;803;808;1092;1097;1145;1150;1169;1174;1251;1256;1472;1477;1592;1597;1631;1636;1925;1929;2459;2459;2329;2324;2295;2290;2281;2276;2242;2237;2026;2021;1973;1968;1939;1934;1896;1891;1684;1679;1641;1636;1621;1617;1588;1583;1275;1270;1029;1025;976;972;880;875
1698063298143342.gadget2d_resized_512x512.png;class_0;1.0;polygon;y values;70;73;1315;1318;1321;1321;1324;1324;1327;1327;1330;1330;1333;1333;1335;1335;1338;1338;1341;1341;1344;1344;1347;1347;1350;1350;1353;1353;1356;1356;1359;1359;1362;1362;1365;1365;1368;1368;1371;1371;1374;1374;1376;1376;1379;1379;117;117;114;114;111;111;108;108;105;105;102;102;99;99;96;96;93;93;90;90;87;87;84;84;82;82;79;79;76;76;73;73;70
1700072629640471.gadget2d_resized_512x512.png;class_0;1.0;polygon;x values;24;19;19;24;67;72;168;173;202;206;255;259;385;389;437;442;471;476;519;524;697;702;750;755;774;779;803;808;948;952;1010;1015;1044;1049;1130;1135;1251;1256;1352;1357;1405;1410;1549;1554;2136;2141;2377;2382;2396;2401;2435;2439;2459;2459;2319;2314;2285;2281;2266;2261;2242;2237;1987;1982;1944;1939;1915;1910;1876;1872;1679;1674;1631;1626;1602;1597;1564;1559;1251;1246;1126;1121;1053;1049;952;948
1700072629640471.gadget2d_resized_512x512.png;class_0;1.0;polygon;y values;93;96;1330;1333;1333;1335;1335;1338;1338;1341;1341;1344;1344;1347;1347;1350;1350;1353;1353;1356;1356;1359;1359;1362;1362;1365;1365;1368;1368;1371;1371;1374;1374;1376;1376;1379;1379;1382;1382;1385;1385;1388;1388;1391;1391;1394;1394;1397;1397;1394;1394;1397;1397;140;140;137;137;134;134;131;131;128;128;125;125;123;123;120;120;117;117;114;114;111;111;108;108;105;105;102;102;99;99;96;96;93
1700339664892510.gadget2d_resized_512x512.png;class_0;1.0;polygon;x values;1540;1535;1381;1376;1318;1313;1236;1232;924;919;861;856;822;818;760;755;457;452;418;413;404;399;370;365;158;154;120;115;96;91;24;19;0;0;24;28;904;909;1169;1174;1251;1256;1352;1357;1554;1559;1607;1612;1645;1650;1732;1737;1939;1944;1982;1987;2011;2016;2064;2069;2228;2233;2266;2271;2290;2295;2338;2343;2459;2459
1700339664892510.gadget2d_resized_512x512.png;class_0;1.0;polygon;y values;187;190;190;193;193;196;196;199;199;202;202;205;205;208;208;210;210;213;213;216;216;219;219;222;222;225;225;228;228;231;231;234;234;1300;1300;1297;1297;1294;1294;1291;1291;1289;1289;1286;1286;1283;1283;1280;1280;1277;1277;1274;1274;1271;1271;1268;1268;1265;1265;1262;1262;1259;1259;1256;1256;1253;1253;1250;1250;187
1698698713698720.gadget2d_resized_512x512.png;class_0;1.0;polygon;x values;24;19;19;28;178;182;231;235;255;259;317;322;457;462;505;510;529;534;577;582;717;721;774;779;803;808;885;890;1053;1058;1116;1121;1145;1150;1203;1207;1395;1400;1515;1520;1583;1588;1896;1900;2459;2459;2314;2310;2271;2266;2247;2242;2204;2199;1944;1939;1910;1905;1896;1891;1843;1838;1669;1665;1573;1568;1525;1520;1429;1424
1698698713698720.gadget2d_resized_512x512.png;class_0;1.0;polygon;y values;93;96;1327;1333;1333;1335;1335;1338;1338;1341;1341;1344;1344;1347;1347;1350;1350;1353;1353;1356;1356;1359;1359;1362;1362;1365;1365;1368;1368;1371;1371;1374;1374;1376;1376;1379;1379;1382;1382;1385;1385;1388;1388;1391;1391;128;128;125;125;123;123;120;120;117;117;114;114;111;111;108;108;105;105;102;102;99;99;96;96;93
1698272446588022.gadget2d_resized_512x512.png;class_0;1.0;polygon;x values;24;19;19;24;115;120;173;178;206;211;255;259;385;389;466;471;505;510;558;563;707;712;770;774;813;818;924;928;1130;1135;1203;1207;1241;1246;1304;1309;1602;1607;1843;1848;1900;1905;2107;2112;2459;2459;2415;2411;2175;2170;2141;2136;2127;2122;2088;2083;1809;1804;1761;1756;1737;1732;1684;1679;1458;1453;1381;1376;1347;1342;1164;1159
1698272446588022.gadget2d_resized_512x512.png;class_0;1.0;polygon;y values;105;108;1330;1333;1333;1335;1335;1338;1338;1341;1341;1344;1344;1347;1347;1350;1350;1353;1353;1356;1356;1359;1359;1362;1362;1365;1365;1368;1368;1371;1371;1374;1374;1376;1376;1379;1379;1382;1382;1385;1385;1388;1388;1391;1391;143;143;140;140;137;137;134;134;131;131;128;128;125;125;123;123;120;120;117;117;114;114;111;111;108;108;105
1698675859235354.gadget2d_resized_512x512.png;class_0;1.0;polygon;x values;24;19;19;24;24;125;129;178;182;211;216;279;283;433;437;490;495;519;524;563;567;717;721;755;760;779;784;856;861;1082;1087;1135;1140;1169;1174;1236;1241;1390;1395;1467;1472;1501;1506;1669;1674;2459;2459;2415;2411;2362;2358;2136;2131;2107;2103;2093;2088;2064;2059;1804;1799;1766;1761;1746;1742;1698;1694;1448;1443;1390;1386;1366;1361;1318;1313
1698675859235354.gadget2d_resized_512x512.png;class_0;1.0;polygon;y values;82;84;1315;1318;1321;1321;1324;1324;1327;1327;1330;1330;1333;1333;1335;1335;1338;1338;1341;1341;1344;1344;1347;1347;1350;1350;1353;1353;1356;1356;1359;1359;1362;1362;1365;1365;1368;1368;1371;1371;1374;1374;1376;1376;1379;1379;123;123;120;120;117;117;114;114;111;111;108;108;105;105;102;102;99;99;96;96;93;93;90;90;87;87;84;84;82
1700353711040166.gadget2d_resized_512x512.png;class_0;1.0;polygon;x values;1617;1612;1520;1515;1443;1438;1366;1361;1063;1058;991;986;948;943;895;890;620;616;567;563;543;539;495;490;293;288;245;240;216;211;173;168;0;0;48;52;96;101;115;120;312;317;548;553;770;774;832;837;919;924;996;1001;1025;1029;1058;1063;1082;1087;1116;1121;1126;1130;1289;1294;1357;1361;1395;1400;1482;1487;1665;1669;1737;1742;1771;1775;1838;1843;2021;2026;2059;2064;2088;2093;2151;2156;2314;2319;2367;2372;2396;2401;2459;2459
1700353711040166.gadget2d_resized_512x512.png;class_0;1.0;polygon;y values;175;178;178;181;181;184;184;187;187;190;190;193;193;196;196;199;199;202;202;205;205;208;208;210;210;213;213;216;216;219;219;222;222;1297;1297;1294;1294;1297;1297;1294;1294;1297;1297;1294;1294;1291;1291;1289;1289;1286;1286;1283;1283;1280;1280;1277;1277;1280;1280;1283;1283;1286;1286;1283;1283;1280;1280;1277;1277;1274;1274;1271;1271;1268;1268;1265;1265;1262;1262;1259;1259;1256;1256;1253;1253;1250;1250;1248;1248;1245;1245;1242;1242;175
1699848524681060.gadget2d_resized_512x512.png;class_0;1.0;polygon;x values;1183;1179;1106;1102;1063;1058;991;986;697;693;664;659;635;630;582;577;365;360;288;283;259;255;211;206;28;19;19;24;745;750;899;904;1102;1106;1256;1260;1511;1515;1568;1573;1597;1602;1650;1655;1751;1756;1819;1823;1867;1872;2045;2050;2199;2204;2247;2252;2281;2285;2324;2329;2459;2459
1699848524681060.gadget2d_resized_512x512.png;class_0;1.0;polygon;y values;210;213;213;216;216;219;219;222;222;225;225;228;228;231;231;234;234;237;237;240;240;243;243;246;246;251;1318;1321;1321;1318;1318;1315;1315;1312;1312;1309;1309;1306;1306;1303;1303;1300;1300;1297;1297;1294;1294;1291;1291;1289;1289;1286;1286;1283;1283;1280;1280;1277;1277;1274;1274;210
1699805408016699.gadget2d_resized_512x512.png;class_0;1.0;polygon;x values;24;19;19;28;178;182;231;235;255;259;303;308;447;452;486;490;505;510;539;543;673;678;736;741;765;770;842;847;1073;1078;1121;1126;1140;1145;1188;1193;1477;1482;1568;1573;1607;1612;1785;1790;2459;2459;2257;2252;2218;2213;2204;2199;2170;2165;1949;1944;1910;1905;1891;1886;1848;1843;1679;1674;1602;1597;1540;1535;1438;1434
1699805408016699.gadget2d_resized_512x512.png;class_0;1.0;polygon;y values;93;96;1327;1333;1333;1335;1335;1338;1338;1341;1341;1344;1344;1347;1347;1350;1350;1353;1353;1356;1356;1359;1359;1362;1362;1365;1365;1368;1368;1371;1371;1374;1374;1376;1376;1379;1379;1382;1382;1385;1385;1388;1388;1391;1391;128;128;125;125;123;123;120;120;117;117;114;114;111;111;108;108;105;105;102;102;99;99;96;96;93
1698017931175005.gadget2d_resized_512x512.png;class_0;1.0;polygon;x values;24;19;19;24;24;28;33;81;86;134;139;288;293;351;356;375;380;433;437;553;558;596;601;620;625;664;668;871;875;967;972;1020;1025;1092;1097;1198;1203;1275;1280;1318;1323;1395;1400;1886;1891;2093;2098;2180;2184;2310;2314;2406;2411;2435;2439;2459;2459;2290;2285;2257;2252;2242;2237;2204;2199;1982;1977;1949;1944;1934;1929;1900;1896;1708;1703;1655;1650;1621;1617;1554;1549
1698017931175005.gadget2d_resized_512x512.png;class_0;1.0;polygon;y values;93;96;1318;1321;1324;1324;1327;1327;1330;1330;1333;1333;1335;1335;1338;1338;1341;1341;1344;1344;1347;1347;1350;1350;1353;1353;1356;1356;1359;1359;1362;1362;1365;1365;1368;1368;1371;1371;1374;1374;1376;1376;1379;1379;1382;1382;1385;1385;1388;1388;1391;1391;1388;1388;1391;1391;128;128;125;125;123;123;120;120;117;117;114;114;111;111;108;108;105;105;102;102;99;99;96;96;93
1698654177776207.gadget2d_resized_512x512.png;class_0;1.0;polygon;x values;24;19;19;24;24;33;38;216;221;283;288;317;322;360;365;510;514;567;572;596;601;644;649;779;784;866;871;924;928;1020;1025;1193;1198;1275;1280;1313;1318;1386;1390;1621;1626;2016;2021;2098;2103;2358;2362;2396;2401;2459;2459;2353;2348;2329;2324;2310;2305;2281;2276;2059;2054;2016;2011;1987;1982;1944;1939;1727;1722;1698;1694;1679;1674;1655;1650;1294;1289;1198;1193;1130;1126;1044;1039
1698654177776207.gadget2d_resized_512x512.png;class_0;1.0;polygon;y values;70;73;1312;1315;1318;1318;1321;1321;1324;1324;1327;1327;1330;1330;1333;1333;1335;1335;1338;1338;1341;1341;1344;1344;1347;1347;1350;1350;1353;1353;1356;1356;1359;1359;1362;1362;1365;1365;1368;1368;1371;1371;1374;1374;1376;1376;1379;1379;1376;1376;117;117;114;114;111;111;108;108;105;105;102;102;99;99;96;96;93;93;90;90;87;87;84;84;82;82;79;79;76;76;73;73;70
1698234855806580.gadget2d_resized_512x512.png;class_0;1.0;polygon;x values;24;19;19;28;197;202;264;269;293;298;351;356;462;466;514;519;543;548;591;596;741;745;818;822;871;875;957;962;1116;1121;1169;1174;1198;1203;1251;1256;1535;1540;1679;1684;1819;1823;2165;2170;2459;2459;2444;2439;2228;2223;2199;2194;2180;2175;2146;2141;1891;1886;1852;1848;1828;1823;1780;1775;1602;1597;1554;1549;1530;1525;1491;1487;1053;1049;957;952;871;866;721;717
1698234855806580.gadget2d_resized_512x512.png;class_0;1.0;polygon;y values;93;96;1327;1333;1333;1335;1335;1338;1338;1341;1341;1344;1344;1347;1347;1350;1350;1353;1353;1356;1356;1359;1359;1362;1362;1365;1365;1368;1368;1371;1371;1374;1374;1376;1376;1379;1379;1382;1382;1385;1385;1388;1388;1391;1391;143;143;140;140;137;137;134;134;131;131;128;128;125;125;123;123;120;120;117;117;114;114;111;111;108;108;105;105;102;102;99;99;96;96;93
1699994871388666.gadget2d_resized_512x512.png;class_0;1.0;polygon;x values;745;741;731;726;726;721;721;712;707;702;649;644;601;596;558;553;490;486;245;240;182;178;158;154;110;105;24;19;19;24;24;437;442;606;611;1005;1010;1232;1236;1323;1328;1434;1438;1626;1631;1669;1674;1698;1703;1756;1761;1949;1953;1982;1987;2006;2011;2088;2093;2271;2276;2310;2314;2329;2334;2396;2401;2459;2459;2449;2444;2247;2242;2050;2045;2016;2011;1780;1775;1174;1169;1102;1097;1073;1068;1063;1053;1039;1034
1699994871388666.gadget2d_resized_512x512.png;class_0;1.0;polygon;y values;292;295;295;298;301;304;307;313;313;316;316;319;319;322;322;325;325;328;328;331;331;333;333;336;336;339;339;342;1409;1412;1415;1415;1417;1417;1415;1415;1412;1412;1409;1409;1406;1406;1403;1403;1400;1400;1397;1397;1394;1394;1391;1391;1388;1388;1385;1385;1382;1382;1379;1379;1376;1376;1374;1374;1371;1371;1368;1368;295;295;292;292;295;295;298;298;301;301;304;304;307;307;304;304;301;301;295;295;292
1698210605285020.gadget2d_resized_512x512.png;class_0;1.0;polygon;x values;24;19;19;24;24;28;33;197;202;250;255;279;283;327;332;452;457;500;505;519;524;558;563;683;688;736;741;755;760;861;866;1092;1097;1150;1155;1179;1183;1232;1236;1467;1472;1588;1592;1660;1665;2006;2011;2459;2459;2319;2314;2281;2276;2261;2257;2228;2223;2016;2011;1953;1949;1920;1915;1867;1862;1669;1665;1626;1621;1602;1597;1564;1559;1183;1179;1020;1015;952;948;789;784
1698210605285020.gadget2d_resized_512x512.png;class_0;1.0;polygon;y values;93;96;1324;1327;1330;1330;1333;1333;1335;1335;1338;1338;1341;1341;1344;1344;1347;1347;1350;1350;1353;1353;1356;1356;1359;1359;1362;1362;1365;1365;1368;1368;1371;1371;1374;1374;1376;1376;1379;1379;1382;1382;1385;1385;1388;1388;1391;1391;140;140;137;137;134;134;131;131;128;128;125;125;123;123;120;120;117;117;114;114;111;111;108;108;105;105;102;102;99;99;96;96;93
1699875475007725.gadget2d_resized_512x512.png;class_0;1.0;polygon;x values;1193;1188;1116;1111;1078;1073;1010;1005;707;702;664;659;625;620;553;548;341;336;288;283;255;250;206;202;24;19;19;24;24;707;712;847;851;948;952;1222;1227;1448;1453;1525;1530;1573;1578;1636;1641;1737;1742;1790;1795;1828;1833;1973;1977;2170;2175;2208;2213;2233;2237;2290;2295;2406;2411;2459;2459
1699875475007725.gadget2d_resized_512x512.png;class_0;1.0;polygon;y values;210;213;213;216;216;219;219;222;222;225;225;228;228;231;231;234;234;237;237;240;240;243;243;246;246;249;1315;1318;1321;1321;1318;1318;1315;1315;1312;1312;1309;1309;1306;1306;1303;1303;1300;1300;1297;1297;1294;1294;1291;1291;1289;1289;1286;1286;1283;1283;1280;1280;1277;1277;1274;1274;1271;1271;210
1698054028939765.gadget2d_resized_512x512.png;class_0;1.0;polygon;x values;375;370;351;346;336;327;322;317;308;303;288;283;255;250;221;216;206;202;192;187;178;173;168;163;149;144;139;134;129;115;110;77;72;62;52;48;43;28;28;24;24;28;28;24;24;19;19;28;197;202;245;250;274;279;336;341;500;505;543;548;567;572;620;625;822;827;909;914;957;962;1029;1034;1159;1164;1265;1270;1304;1309;1405;1410;1973;1977;2136;2141;2184;2189;2459;2459;2372;2367;2338;2334;2324;2319;2295;2290;2069;2064;2026;2021;2011;2006;1968;1963;1737;1732;1698;1694;1679;1674;1641;1636;1304;1299;1217;1212;1150;1145;1039;1034
1698054028939765.gadget2d_resized_512x512.png;class_0;1.0;polygon;y values;70;73;73;76;76;82;82;84;84;87;87;90;90;93;93;96;96;99;99;102;102;105;105;108;108;111;111;114;114;123;123;143;143;149;149;152;152;161;164;166;210;213;228;231;240;243;1315;1321;1321;1324;1324;1327;1327;1330;1330;1333;1333;1335;1335;1338;1338;1341;1341;1344;1344;1347;1347;1350;1350;1353;1353;1356;1356;1359;1359;1362;1362;1365;1365;1368;1368;1371;1371;1374;1374;1376;1376;117;117;114;114;111;111;108;108;105;105;102;102;99;99;96;96;93;93;90;90;87;87;84;84;82;82;79;79;76;76;73;73;70
1698079012483811.gadget2d_resized_512x512.png;class_0;1.0;polygon;x values;144;139;43;38;28;19;19;28;163;168;211;216;235;240;283;288;442;447;495;500;524;529;630;635;760;765;827;832;851;856;875;880;1082;1087;1135;1140;1164;1169;1304;1309;1564;1568;1674;1679;1867;1872;1944;1949;2045;2050;2079;2083;2098;2103;2213;2218;2459;2459;2257;2252;2218;2213;2204;2199;2170;2165;2026;2021;2002;1997;1987;1982;1973;1968;1934;1929;1915;1905;1900;1896;1881;1876;1867;1857;1848;1843;1823;1819;1795;1790;1780;1775;1756;1751;1742;1746;1746;1732;1727;1722;1713;1708;1669;1665;1626;1621;1578;1573;1111;1106;1058;1053;1025;1020;943;938;914;909;784;779;365;360;298;293;259;255;192;187
1698079012483811.gadget2d_resized_512x512.png;class_0;1.0;polygon;y values;117;120;120;123;123;128;1315;1321;1321;1324;1324;1327;1327;1330;1330;1333;1333;1335;1335;1338;1338;1341;1341;1344;1344;1347;1347;1350;1350;1353;1353;1356;1356;1359;1359;1362;1362;1365;1365;1368;1368;1371;1371;1374;1374;1371;1371;1368;1368;1371;1371;1374;1374;1376;1376;1379;1379;175;175;172;172;169;169;166;166;164;164;161;161;158;158;155;155;152;152;149;149;143;143;140;140;137;137;131;131;128;128;125;125;123;123;120;120;123;123;125;134;143;143;146;146;149;149;146;146;143;143;140;140;137;137;134;134;131;131;128;128;131;131;128;128;125;125;123;123;120;120;117
1698255253239071.gadget2d_resized_512x512.png;class_0;1.0;polygon;x values;24;19;19;24;24;48;52;226;231;279;283;298;303;341;346;476;481;529;534;553;558;611;616;745;750;798;803;837;842;933;938;1135;1140;1198;1203;1246;1251;1323;1328;1578;1583;1708;1713;1809;1814;2088;2093;2459;2459;2300;2295;2276;2271;2257;2252;2228;2223;2016;2011;1963;1958;1939;1934;1896;1891;1645;1641;1602;1597;1588;1583;1549;1544
1698255253239071.gadget2d_resized_512x512.png;class_0;1.0;polygon;y values;82;84;1312;1315;1318;1318;1321;1321;1324;1324;1327;1327;1330;1330;1333;1333;1335;1335;1338;1338;1341;1341;1344;1344;1347;1347;1350;1350;1353;1353;1356;1356;1359;1359;1362;1362;1365;1365;1368;1368;1371;1371;1374;1374;1376;1376;1379;1379;117;117;114;114;111;111;108;108;105;105;102;102;99;99;96;96;93;93;90;90;87;87;84;84;82
1698672882170515.gadget2d_resized_512x512.png;class_0;1.0;polygon;x values;24;19;19;24;24;72;77;235;240;288;293;312;317;356;360;505;510;558;563;591;596;644;649;774;779;837;842;904;909;1015;1020;1179;1183;1256;1260;1313;1318;1405;1410;1703;1708;2189;2194;2459;2459;2348;2343;2319;2314;2300;2295;2261;2257;2040;2035;1997;1992;1968;1963;1915;1910;1679;1674;1641;1636;1621;1617;1578;1573;1174;1169;1063;1058;1010;1005;914;909
1698672882170515.gadget2d_resized_512x512.png;class_0;1.0;polygon;y values;70;73;1312;1315;1318;1318;1321;1321;1324;1324;1327;1327;1330;1330;1333;1333;1335;1335;1338;1338;1341;1341;1344;1344;1347;1347;1350;1350;1353;1353;1356;1356;1359;1359;1362;1362;1365;1365;1368;1368;1371;1371;1374;1374;117;117;114;114;111;111;108;108;105;105;102;102;99;99;96;96;93;93;90;90;87;87;84;84;82;82;79;79;76;76;73;73;70
1698128885552187.gadget2d_resized_512x512.png;class_0;1.0;polygon;x values;24;19;19;24;24;163;168;216;221;245;250;288;293;442;447;486;490;510;514;553;558;707;712;750;755;779;784;871;875;1116;1121;1169;1174;1207;1212;1280;1284;1564;1568;1727;1732;1958;1963;2252;2257;2459;2459;2420;2415;2382;2377;2367;2362;2338;2334;2131;2127;2079;2074;2050;2045;1987;1982;1732;1727;1698;1694;1679;1674;1645;1641;1294;1289;1068;1063;1010;1005;895;890;784;779;770;765
1698128885552187.gadget2d_resized_512x512.png;class_0;1.0;polygon;y values;70;73;1315;1318;1321;1321;1324;1324;1327;1327;1330;1330;1333;1333;1335;1335;1338;1338;1341;1341;1344;1344;1347;1347;1350;1350;1353;1353;1356;1356;1359;1359;1362;1362;1365;1365;1368;1368;1371;1371;1374;1374;1376;1376;1379;1379;117;117;114;114;111;111;108;108;105;105;102;102;99;99;96;96;93;93;90;90;87;87;84;84;82;82;79;79;76;76;73;73;70;70;73;73;70
1699806073034833.gadget2d_resized_512x512.png;class_0;1.0;polygon;x values;0;0;168;173;211;216;240;245;283;288;428;433;462;466;476;481;510;514;649;654;707;712;736;741;784;789;1068;1073;1126;1130;1150;1155;1198;1203;1520;1525;1626;1631;1713;1718;2026;2030;2459;2459;2334;2329;2295;2290;2271;2266;2233;2228;1987;1982;1953;1949;1934;1929;1900;1896;1698;1694;1641;1636;1602;1597;1515;1511
1699806073034833.gadget2d_resized_512x512.png;class_0;1.0;polygon;y values;93;1333;1333;1335;1335;1338;1338;1341;1341;1344;1344;1347;1347;1350;1350;1353;1353;1356;1356;1359;1359;1362;1362;1365;1365;1368;1368;1371;1371;1374;1374;1376;1376;1379;1379;1382;1382;1385;1385;1388;1388;1391;1391;128;128;125;125;123;123;120;120;117;117;114;114;111;111;108;108;105;105;102;102;99;99;96;96;93
1698311440404023.gadget2d_resized_512x512.png;class_0;1.0;polygon;x values;24;19;19;28;173;178;235;240;255;259;303;308;452;457;495;500;514;519;548;553;664;668;707;712;731;736;784;789;1039;1044;1097;1102;1130;1135;1179;1183;1371;1376;1467;1472;1496;1501;1544;1549;2223;2228;2459;2459;2353;2348;2324;2319;2305;2300;2266;2261;2026;2021;1982;1977;1953;1949;1910;1905;1722;1718;1694;1689;1679;1674;1650;1645;1328;1323;1246;1241;1198;1193;1063;1058
1698311440404023.gadget2d_resized_512x512.png;class_0;1.0;polygon;y values;70;73;1315;1321;1321;1324;1324;1327;1327;1330;1330;1333;1333;1335;1335;1338;1338;1341;1341;1344;1344;1347;1347;1350;1350;1353;1353;1356;1356;1359;1359;1362;1362;1365;1365;1368;1368;1371;1371;1374;1374;1376;1376;1379;1379;1382;1382;117;117;114;114;111;111;108;108;105;105;102;102;99;99;96;96;93;93;90;90;87;87;84;84;82;82;79;79;76;76;73;73;70
1699812542160731.gadget2d_resized_512x512.png;class_0;1.0;polygon;x values;24;19;19;28;192;197;250;255;279;283;327;332;476;481;514;519;529;534;558;563;707;712;774;779;822;827;943;948;1135;1140;1193;1198;1241;1246;1323;1328;1804;1809;2069;2074;2247;2252;2459;2459;2266;2261;2223;2218;2204;2199;2165;2160;1939;1934;1900;1896;1876;1872;1843;1838;1660;1655;1578;1573;1549;1544;1477;1472
1699812542160731.gadget2d_resized_512x512.png;class_0;1.0;polygon;y values;93;96;1327;1333;1333;1335;1335;1338;1338;1341;1341;1344;1344;1347;1347;1350;1350;1353;1353;1356;1356;1359;1359;1362;1362;1365;1365;1368;1368;1371;1371;1374;1374;1376;1376;1379;1379;1382;1382;1385;1385;1388;1388;128;128;125;125;123;123;120;120;117;117;114;114;111;111;108;108;105;105;102;102;99;99;96;96;93
1698652110714211.gadget2d_resized_512x512.png;class_0;1.0;polygon;x values;24;19;19;28;86;91;134;139;279;283;332;336;360;365;409;413;567;572;635;640;664;668;707;712;818;822;914;919;967;972;1049;1053;1203;1207;1294;1299;1347;1352;1448;1453;1674;1679;1905;1910;2054;2059;2276;2281;2459;2459;2420;2415;2377;2372;2358;2353;2324;2319;2103;2098;2059;2054;2030;2026;1973;1968;1751;1746;1718;1713;1708;1703;1679;1674;1434;1429;1294;1289;1212;1207;1126;1121
1698652110714211.gadget2d_resized_512x512.png;class_0;1.0;polygon;y values;70;73;1309;1315;1315;1318;1318;1321;1321;1324;1324;1327;1327;1330;1330;1333;1333;1335;1335;1338;1338;1341;1341;1344;1344;1347;1347;1350;1350;1353;1353;1356;1356;1359;1359;1362;1362;1365;1365;1368;1368;1371;1371;1374;1374;1376;1376;1379;1379;117;117;114;114;111;111;108;108;105;105;102;102;99;99;96;96;93;93;90;90;87;87;84;84;82;82;79;79;76;76;73;73;70
1699818869293871.gadget2d_resized_512x512.png;class_0;1.0;polygon;x values;24;19;19;24;24;28;33;81;86;250;255;303;308;327;332;375;380;510;514;543;548;558;563;601;606;808;813;885;890;914;919;981;986;1169;1174;1270;1275;1318;1323;1390;1395;1867;1872;2165;2170;2314;2319;2459;2459;2454;2449;2430;2425;2204;2199;2165;2160;2136;2131;2093;2088;1838;1833;1795;1790;1775;1771;1746;1742;1588;1583;1453;1448;1410;1405;1318;1313
1699818869293871.gadget2d_resized_512x512.png;class_0;1.0;polygon;y values;93;96;1321;1324;1327;1327;1330;1330;1333;1333;1335;1335;1338;1338;1341;1341;1344;1344;1347;1347;1350;1350;1353;1353;1356;1356;1359;1359;1362;1362;1365;1365;1368;1368;1371;1371;1374;1374;1376;1376;1379;1379;1382;1382;1385;1385;1388;1388;134;134;131;131;128;128;125;125;123;123;120;120;117;117;114;114;111;111;108;108;105;105;102;102;99;99;96;96;93
1700095214108068.gadget2d_resized_512x512.png;class_0;1.0;polygon;x values;129;125;72;67;52;52;48;48;57;57;62;67;72;77;91;91;96;96;91;91;96;96;105;110;115;120;129;129;134;134;139;139;134;134;120;91;86;57;52;43;28;28;33;33;28;28;24;24;19;19;24;77;81;149;154;173;178;231;235;370;375;447;452;486;490;548;553;668;673;712;717;736;741;770;774;967;972;1058;1063;1097;1102;1140;1145;1260;1265;1381;1386;1477;1482;1641;1645;2314;2319;2459;2459;2334;2329;2285;2281;2257;2252;2223;2218;2054;2050;2016;2011;1997;1992;1953;1949;1727;1722;1684;1679;1665;1660;1612;1607;1289;1284;1207;1203;1169;1164;1106;1102
1700095214108068.gadget2d_resized_512x512.png;class_0;1.0;polygon;y values;128;131;131;134;134;140;143;146;152;155;158;158;161;161;169;175;178;187;190;193;196;205;210;210;208;208;213;216;219;228;231;243;246;251;260;260;263;263;260;260;269;310;313;325;328;339;342;386;389;1341;1344;1344;1347;1347;1350;1350;1353;1353;1356;1356;1359;1359;1362;1362;1365;1365;1368;1368;1371;1371;1374;1374;1376;1376;1379;1379;1382;1382;1385;1385;1388;1388;1391;1391;1394;1394;1397;1397;1400;1400;1403;1403;1406;1406;175;175;172;172;169;169;166;166;164;164;161;161;158;158;155;155;152;152;149;149;146;146;143;143;140;140;137;137;134;134;131;131;128
1700306390536646.gadget2d_resized_512x512.png;class_0;1.0;polygon;x values;1472;1467;1371;1366;1323;1318;1260;1256;938;933;871;866;832;827;779;774;490;486;471;466;452;447;418;413;211;206;168;163;134;129;86;81;0;0;96;101;505;510;693;697;779;784;1284;1289;1352;1357;1400;1405;1482;1487;1626;1631;1698;1703;1742;1746;1819;1823;2016;2021;2054;2059;2083;2088;2136;2141;2247;2252;2300;2305;2329;2334;2396;2401;2459;2459
1700306390536646.gadget2d_resized_512x512.png;class_0;1.0;polygon;y values;175;178;178;181;181;184;184;187;187;190;190;193;193;196;196;199;199;202;202;205;205;208;208;210;210;213;213;216;216;219;219;222;222;1297;1297;1294;1294;1291;1291;1289;1289;1286;1286;1283;1283;1280;1280;1277;1277;1274;1274;1271;1271;1268;1268;1265;1265;1262;1262;1259;1259;1256;1256;1253;1253;1250;1250;1248;1248;1245;1245;1242;1242;1239;1239;175
1697991130611808.gadget2d_resized_512x512.png;class_0;1.0;polygon;x values;1246;1241;1217;1212;1212;1203;1188;1183;880;875;818;813;794;789;750;745;24;19;19;28;134;139;173;178;240;245;375;380;433;437;457;462;500;505;673;678;736;741;755;760;794;798;952;957;1020;1025;1068;1073;1140;1145;1256;1260;1328;1333;1400;1405;1482;1487;1968;1973;2189;2194;2295;2300;2459;2459
1697991130611808.gadget2d_resized_512x512.png;class_0;1.0;polygon;y values;70;73;73;76;84;90;90;93;93;90;90;87;87;84;84;82;82;84;1330;1335;1335;1338;1338;1341;1341;1344;1344;1347;1347;1350;1350;1353;1353;1356;1356;1359;1359;1362;1362;1365;1365;1368;1368;1371;1371;1374;1374;1376;1376;1379;1379;1382;1382;1385;1385;1388;1388;1391;1391;1394;1394;1397;1397;1400;1400;70
1697996755727417.gadget2d_resized_512x512.png;class_0;1.0;polygon;x values;24;19;19;24;24;33;38;96;101;250;255;298;303;327;332;385;389;505;510;553;558;582;587;625;630;765;770;827;832;885;890;981;986;1116;1121;1174;1179;1207;1212;1260;1265;1467;1472;1621;1626;1703;1708;2016;2021;2459;2459;2449;2444;2228;2223;2194;2189;2175;2170;2136;2131;1929;1925;1900;1896;1876;1872;1838;1833;1669;1665;1602;1597;1564;1559;1472;1467
1697996755727417.gadget2d_resized_512x512.png;class_0;1.0;polygon;y values;93;96;1321;1324;1327;1327;1330;1330;1333;1333;1335;1335;1338;1338;1341;1341;1344;1344;1347;1347;1350;1350;1353;1353;1356;1356;1359;1359;1362;1362;1365;1365;1368;1368;1371;1371;1374;1374;1376;1376;1379;1379;1382;1382;1385;1385;1388;1388;1391;1391;131;131;128;128;125;125;123;123;120;120;117;117;114;114;111;111;108;108;105;105;102;102;99;99;96;96;93
1699029346170035.gadget2d_resized_512x512.png;class_0;1.0;polygon;x values;24;19;19;28;168;173;221;226;245;250;293;298;466;471;514;519;539;543;596;601;721;726;774;779;822;827;928;933;1150;1155;1236;1241;1280;1284;1352;1357;1669;1674;1905;1910;1982;1987;2300;2305;2459;2459;2329;2324;2290;2285;2271;2266;2233;2228;2016;2011;1977;1973;1953;1949;1915;1910;1708;1703;1650;1645;1607;1602;1520;1515;1188;1183;1102;1097;1058;1053;981;976
1699029346170035.gadget2d_resized_512x512.png;class_0;1.0;polygon;y values;82;84;1315;1321;1321;1324;1324;1327;1327;1330;1330;1333;1333;1335;1335;1338;1338;1341;1341;1344;1344;1347;1347;1350;1350;1353;1353;1356;1356;1359;1359;1362;1362;1365;1365;1368;1368;1371;1371;1374;1374;1376;1376;1379;1379;128;128;125;125;123;123;120;120;117;117;114;114;111;111;108;108;105;105;102;102;99;99;96;96;93;93;90;90;87;87;84;84;82
1700007809543556.gadget2d_resized_512x512.png;class_0;1.0;polygon;x values;895;890;827;822;755;750;741;726;721;717;712;702;697;693;673;668;466;462;428;423;404;399;365;360;43;38;24;24;19;19;24;933;938;1179;1183;1251;1256;1371;1376;1554;1559;1621;1626;1660;1665;1718;1722;1925;1929;1958;1963;1982;1987;2151;2156;2285;2290;2310;2314;2319;2329;2334;2338;2348;2353;2358;2377;2377;2362;2358;2353;2343;2338;2334;2334;2329;2329;2324;2334;2338;2396;2401;2411;2415;2420;2425;2444;2449;2459;2459;2367;2362;2045;2040;2011;2006;1621;1617;1506;1501;1429;1424;1299;1294;1092;1087;1063;1049;1044;1039;1034;1029;1020;1015
1700007809543556.gadget2d_resized_512x512.png;class_0;1.0;polygon;y values;284;287;287;290;290;292;292;301;301;304;304;310;310;313;313;316;316;319;319;322;322;325;325;328;328;331;331;333;336;1400;1403;1403;1400;1400;1397;1397;1394;1394;1391;1391;1388;1388;1385;1385;1382;1382;1379;1379;1376;1376;1374;1374;1371;1371;1368;1368;1371;1371;1374;1374;1379;1379;1382;1382;1385;1385;1397;1403;1412;1412;1415;1415;1417;1417;1420;1423;1429;1432;1432;1435;1435;1432;1432;1429;1429;1426;1426;1429;1429;290;290;292;292;290;290;292;292;295;295;298;298;301;301;304;304;301;301;292;292;290;290;287;287;284
1698272436587531.gadget2d_resized_512x512.png;class_0;1.0;polygon;x values;24;19;19;24;24;77;81;235;240;332;336;394;399;428;433;452;457;510;514;654;659;673;678;717;721;895;899;981;986;1029;1034;1092;1097;1198;1203;1251;1256;1284;1289;1333;1337;1597;1602;1814;1819;1925;1929;2170;2175;2459;2459;2372;2367;2348;2343;2305;2300;2107;2103;2079;2074;2059;2054;2021;2016;1780;1775;1737;1732;1713;1708;1669;1665;1463;1458;1405;1400;1376;1371;1323;1318
1698272436587531.gadget2d_resized_512x512.png;class_0;1.0;polygon;y values;105;108;1318;1321;1327;1327;1330;1330;1333;1333;1335;1335;1338;1338;1341;1341;1344;1344;1347;1347;1350;1350;1353;1353;1356;1356;1359;1359;1362;1362;1365;1365;1368;1368;1371;1371;1374;1374;1376;1376;1379;1379;1382;1382;1385;1385;1388;1388;1391;1391;149;149;146;146;143;143;140;140;137;137;134;134;131;131;128;128;125;125;123;123;120;120;117;117;114;114;111;111;108;108;105
1699851848968423.gadget2d_resized_512x512.png;class_0;1.0;polygon;x values;28;19;19;24;24;38;43;96;101;255;259;312;317;336;341;389;394;539;543;591;596;620;625;659;664;832;837;938;943;981;986;1049;1053;1155;1159;1265;1270;1313;1318;1366;1371;1621;1626;1819;1823;1958;1963;2127;2131;2247;2252;2459;2459;2411;2406;2204;2199;2165;2160;2146;2141;2112;2107;1900;1896;1809;1804;1771;1766;1713;1708;1564;1559;1472;1467;1424;1419;1309;1304;919;914;794;789;755;750;640;635;577;572;500;495;380;375;173;168
1699851848968423.gadget2d_resized_512x512.png;class_0;1.0;polygon;y values;70;76;1321;1324;1327;1327;1330;1330;1333;1333;1335;1335;1338;1338;1341;1341;1344;1344;1347;1347;1350;1350;1353;1353;1356;1356;1359;1359;1362;1362;1365;1365;1368;1368;1371;1371;1374;1374;1376;1376;1379;1379;1382;1382;1385;1385;1382;1382;1385;1385;1388;1388;120;120;117;117;114;114;111;111;108;108;105;105;102;102;99;99;96;96;93;93;90;90;87;87;84;84;82;82;79;79;76;76;73;73;70;70;73;73;70;70;73;73;70
1700417812704529.gadget2d_resized_512x512.png;class_0;1.0;polygon;x values;67;57;57;62;72;77;129;134;158;163;197;202;255;259;279;288;293;298;303;308;312;317;322;327;332;336;370;375;385;389;394;399;404;409;428;433;505;510;707;712;745;750;765;770;803;808;1102;1106;1169;1174;1207;1212;1275;1280;1540;1544;2064;2069;2204;2208;2367;2372;2401;2406;2459;2459;2290;2285;2233;2228;2208;2204;2170;2165;1900;1896;1857;1852;1828;1823;1751;1746;1564;1559;1472;1467;1443;1438;1410;1405;1361;1357;1236;1232;760;755;664;659;563;558;274;269;192;187;101;96
1700417812704529.gadget2d_resized_512x512.png;class_0;1.0;polygon;y values;70;76;1318;1321;1321;1324;1324;1327;1327;1330;1330;1333;1333;1335;1335;1341;1341;1344;1344;1347;1347;1350;1350;1353;1353;1356;1356;1353;1353;1350;1350;1347;1347;1344;1344;1341;1341;1344;1344;1347;1347;1350;1350;1353;1353;1356;1356;1359;1359;1362;1362;1365;1365;1368;1368;1371;1371;1374;1374;1376;1376;1379;1379;1376;1376;117;117;114;114;111;111;108;108;105;105;102;102;99;99;96;96;93;93;90;90;87;87;84;84;82;82;84;84;82;82;79;79;76;76;79;79;76;76;73;73;70
1700311405591541.gadget2d_resized_512x512.png;class_0;1.0;polygon;x values;1958;1953;1771;1766;1626;1621;1482;1477;1106;1102;1025;1020;991;986;938;933;616;611;519;514;486;481;437;433;269;264;240;235;221;216;192;187;24;19;19;24;24;394;399;433;437;452;457;587;591;620;625;765;770;837;842;1078;1082;1318;1323;1386;1390;1434;1438;1535;1540;1785;1790;1857;1862;1886;1891;1944;1949;2083;2088;2136;2141;2175;2180;2242;2247;2444;2449;2459;2459
1700311405591541.gadget2d_resized_512x512.png;class_0;1.0;polygon;y values;164;166;166;169;169;172;172;175;175;178;178;181;181;184;184;187;187;190;190;193;193;196;196;199;199;202;202;205;205;208;208;210;210;213;1280;1283;1286;1286;1283;1283;1280;1280;1277;1277;1280;1280;1283;1283;1280;1280;1277;1277;1274;1274;1271;1271;1268;1268;1265;1265;1262;1262;1259;1259;1256;1256;1253;1253;1250;1250;1248;1248;1245;1245;1242;1242;1239;1239;1236;1236;164
1699811030131522.gadget2d_resized_512x512.png;class_0;1.0;polygon;x values;24;19;19;24;129;134;173;178;202;206;250;255;385;389;418;423;442;447;481;486;640;644;683;688;707;712;770;774;1010;1015;1073;1078;1102;1106;1145;1150;1386;1390;1515;1520;1578;1583;1660;1665;2459;2459;2261;2257;2223;2218;2208;2204;2170;2165;1929;1925;1896;1891;1867;1862;1823;1819;1641;1636;1540;1535;1482;1477;1405;1400
1699811030131522.gadget2d_resized_512x512.png;class_0;1.0;polygon;y values;93;96;1330;1333;1333;1335;1335;1338;1338;1341;1341;1344;1344;1347;1347;1350;1350;1353;1353;1356;1356;1359;1359;1362;1362;1365;1365;1368;1368;1371;1371;1374;1374;1376;1376;1379;1379;1382;1382;1385;1385;1388;1388;1391;1391;128;128;125;125;123;123;120;120;117;117;114;114;111;111;108;108;105;105;102;102;99;99;96;96;93
1698266083534520.gadget2d_resized_512x512.png;class_0;1.0;polygon;x values;24;19;19;28;206;211;269;274;303;308;360;365;490;495;534;539;553;558;596;601;731;736;798;803;871;875;991;996;1130;1135;1188;1193;1217;1222;1265;1270;1544;1549;1746;1751;1896;1900;1982;1987;2459;2459;2372;2367;2334;2329;2314;2310;2281;2276;2074;2069;2040;2035;2016;2011;1973;1968;1751;1746;1708;1703;1679;1674;1626;1621;1347;1342;1284;1280;1246;1241;1164;1159
1698266083534520.gadget2d_resized_512x512.png;class_0;1.0;polygon;y values;82;84;1327;1333;1333;1335;1335;1338;1338;1341;1341;1344;1344;1347;1347;1350;1350;1353;1353;1356;1356;1359;1359;1362;1362;1365;1365;1368;1368;1371;1371;1374;1374;1376;1376;1379;1379;1382;1382;1385;1385;1388;1388;1391;1391;128;128;125;125;123;123;120;120;117;117;114;114;111;111;108;108;105;105;102;102;99;99;96;96;93;93;90;90;87;87;84;84;82
1700399655193950.gadget2d_resized_512x512.png;class_0;1.0;polygon;x values;1453;1448;1294;1289;1212;1207;1130;1126;760;755;721;717;693;688;620;616;380;375;317;312;283;279;221;216;28;19;19;28;62;67;72;264;269;861;866;1130;1135;1294;1299;1559;1564;1617;1621;1645;1650;1722;1727;1934;1939;1997;2002;2035;2040;2098;2103;2276;2281;2329;2334;2358;2362;2420;2425;2459;2459
1700399655193950.gadget2d_resized_512x512.png;class_0;1.0;polygon;y values;140;143;143;146;146;149;149;152;152;155;155;158;158;161;161;164;164;166;166;169;169;172;172;175;175;181;1245;1250;1250;1248;1250;1250;1248;1248;1245;1245;1242;1242;1239;1239;1236;1236;1233;1233;1230;1230;1227;1227;1224;1224;1221;1221;1218;1218;1215;1215;1212;1212;1209;1209;1207;1207;1204;1204;140
1698249098123306.gadget2d_resized_512x512.png;class_0;1.0;polygon;x values;24;19;19;24;77;81;144;149;182;187;259;264;370;375;418;423;447;452;505;510;659;664;717;721;745;750;794;798;943;948;1020;1025;1073;1078;1140;1145;1280;1284;1357;1361;1400;1405;1549;1554;2266;2271;2459;2459;2444;2439;2430;2425;2401;2396;2146;2141;2103;2098;2083;2079;2030;2026;1814;1809;1775;1771;1756;1751;1727;1722;1520;1515;1333;1328;1289;1284;1207;1203
1698249098123306.gadget2d_resized_512x512.png;class_0;1.0;polygon;y values;93;96;1330;1333;1333;1335;1335;1338;1338;1341;1341;1344;1344;1347;1347;1350;1350;1353;1353;1356;1356;1359;1359;1362;1362;1365;1365;1368;1368;1371;1371;1374;1374;1376;1376;1379;1379;1382;1382;1385;1385;1388;1388;1391;1391;1394;1394;137;137;134;134;131;131;128;128;125;125;123;123;120;120;117;117;114;114;111;111;108;108;105;105;102;102;99;99;96;96;93
1700399599452499.gadget2d_resized_512x512.png;class_0;1.0;polygon;x values;1982;1977;1852;1848;1761;1756;1602;1597;1169;1164;1111;1106;1058;1053;986;981;697;693;640;635;558;553;481;476;327;322;298;293;283;279;250;245;14;9;0;0;4;9;649;654;688;693;750;755;1207;1212;1333;1337;1381;1386;1515;1520;1780;1785;1833;1838;1867;1872;1939;1944;2107;2112;2165;2170;2189;2194;2242;2247;2444;2449;2459;2459
1700399599452499.gadget2d_resized_512x512.png;class_0;1.0;polygon;y values;164;166;166;169;169;172;172;175;175;178;178;181;181;184;184;187;187;190;190;193;193;196;196;199;199;202;202;205;205;208;208;210;210;213;213;1286;1286;1283;1283;1280;1280;1277;1277;1274;1274;1271;1271;1268;1268;1265;1265;1262;1262;1259;1259;1256;1256;1253;1253;1250;1250;1248;1248;1245;1245;1242;1242;1239;1239;1236;1236;164
1699989166330315.gadget2d_resized_512x512.png;class_0;1.0;polygon;x values;1944;1939;1761;1756;1689;1684;1583;1578;1078;1073;948;943;904;899;827;822;529;524;490;486;476;471;433;428;134;129;43;38;28;19;19;24;890;895;1174;1179;1251;1256;1410;1414;1602;1607;1679;1684;1819;1823;1833;1838;1852;1857;1862;1872;1876;1881;1886;1900;1900;1905;1905;1929;1934;1939;2459;2459
1699989166330315.gadget2d_resized_512x512.png;class_0;1.0;polygon;y values;269;272;272;275;275;278;278;281;281;284;284;287;287;290;290;292;292;295;295;298;298;301;301;304;304;307;307;310;310;316;1365;1368;1368;1365;1365;1362;1362;1359;1359;1356;1356;1353;1353;1350;1350;1353;1353;1356;1356;1359;1359;1365;1365;1368;1368;1376;1379;1382;1385;1400;1400;1403;1403;269
1700289098738842.gadget2d_resized_512x512.png;class_0;1.0;polygon;x values;2247;2242;1872;1867;1799;1795;1309;1304;1227;1222;1183;1179;1121;1116;847;842;779;774;750;745;688;683;433;428;399;394;380;375;341;336;134;129;14;9;0;0;4;9;134;139;385;389;490;495;895;899;1121;1126;1217;1222;1313;1318;1511;1515;1564;1568;1602;1607;1684;1689;1896;1900;1958;1963;1997;2002;2069;2074;2180;2184;2223;2228;2242;2247;2300;2305;2459;2459
1700289098738842.gadget2d_resized_512x512.png;class_0;1.0;polygon;y values;166;169;169;172;172;175;175;178;178;181;181;184;184;187;187;190;190;193;193;196;196;199;199;202;202;205;205;208;208;210;210;213;213;216;216;1303;1303;1300;1300;1297;1297;1300;1300;1297;1297;1294;1294;1291;1291;1289;1289;1286;1286;1283;1283;1280;1280;1277;1277;1274;1274;1271;1271;1268;1268;1265;1265;1262;1262;1259;1259;1256;1256;1253;1253;1250;1250;166
1700388789320150.gadget2d_resized_512x512.png;class_0;1.0;polygon;x values;2180;2175;1795;1790;1631;1626;1496;1491;1140;1135;1068;1063;1029;1025;976;972;664;659;534;529;495;490;447;442;293;288;259;255;245;240;206;202;0;0;9;14;760;765;861;866;933;938;1188;1193;1410;1414;1491;1496;1544;1549;1631;1636;1857;1862;1910;1915;1944;1949;2011;2016;2136;2141;2204;2208;2233;2237;2285;2290;2459;2459
1700388789320150.gadget2d_resized_512x512.png;class_0;1.0;polygon;y values;164;166;166;169;169;172;172;175;175;178;178;181;181;184;184;187;187;190;190;193;193;196;196;199;199;202;202;205;205;208;208;210;210;1289;1289;1286;1286;1283;1283;1280;1280;1277;1277;1274;1274;1271;1271;1268;1268;1265;1265;1262;1262;1259;1259;1256;1256;1253;1253;1250;1250;1248;1248;1245;1245;1242;1242;1239;1239;164
1697991129612117.gadget2d_resized_512x512.png;class_0;1.0;polygon;x values;2367;2362;2213;2208;2141;2136;2127;2122;2117;2112;2103;2098;2093;2088;2069;2064;2045;2040;1987;1982;1949;1944;1915;1910;1713;1708;1655;1650;1626;1621;1588;1583;1289;1284;1188;1183;1068;1063;986;981;770;765;702;697;24;19;19;24;77;81;168;173;202;206;255;259;389;394;447;452;486;490;543;548;644;649;693;697;717;721;760;765;1015;1020;1102;1106;1145;1150;1222;1227;1390;1395;1544;1549;1607;1612;1775;1780;2127;2131;2151;2156;2459;2459
1697991129612117.gadget2d_resized_512x512.png;class_0;1.0;polygon;y values;82;84;84;87;87;90;90;93;93;96;96;99;99;102;102;105;105;108;108;111;111;114;114;117;117;114;114;111;111;108;108;105;105;102;102;99;99;96;96;93;93;96;96;93;93;96;1341;1344;1344;1347;1347;1350;1350;1353;1353;1356;1356;1359;1359;1362;1362;1365;1365;1368;1368;1371;1371;1374;1374;1376;1376;1379;1379;1382;1382;1385;1385;1388;1388;1391;1391;1394;1394;1397;1397;1400;1400;1403;1403;1400;1400;1403;1403;82
1698053614931501.gadget2d_resized_512x512.png;class_0;1.0;polygon;x values;24;19;19;24;139;144;197;202;216;221;269;274;442;447;490;495;514;519;563;567;707;712;755;760;808;813;933;938;1135;1140;1183;1188;1236;1241;1304;1309;1573;1578;1949;1953;2026;2030;2319;2324;2459;2459;2454;2449;2435;2430;2199;2194;2146;2141;2117;2112;2064;2059;1819;1814;1775;1771;1756;1751;1718;1713;1506;1501;1371;1366;1299;1294;1183;1179
1698053614931501.gadget2d_resized_512x512.png;class_0;1.0;polygon;y values;70;73;1318;1321;1321;1324;1324;1327;1327;1330;1330;1333;1333;1335;1335;1338;1338;1341;1341;1344;1344;1347;1347;1350;1350;1353;1353;1356;1356;1359;1359;1362;1362;1365;1365;1368;1368;1371;1371;1374;1374;1376;1376;1379;1379;111;111;108;108;105;105;102;102;99;99;96;96;93;93;90;90;87;87;84;84;82;82;79;79;76;76;73;73;70
1697735860140476.gadget2d_resized_512x512.png;class_0;1.0;polygon;x values;24;19;19;24;24;28;101;105;154;158;298;303;365;370;399;404;457;462;611;616;668;673;693;697;736;741;798;803;895;899;943;948;1010;1015;1159;1164;1227;1232;1260;1265;1309;1313;1554;1559;2112;2117;2247;2252;2444;2449;2459;2459;2329;2324;2295;2290;2281;2276;2247;2242;2026;2021;1968;1963;1934;1929;1876;1872;1674;1669;1592;1588;1559;1554;1515;1511;1284;1280;1174;1169;1116;1111;1029;1025
1697735860140476.gadget2d_resized_512x512.png;class_0;1.0;polygon;y values;93;96;1330;1333;1335;1338;1338;1341;1341;1344;1344;1347;1347;1350;1350;1353;1353;1356;1356;1359;1359;1362;1362;1365;1365;1368;1368;1371;1371;1374;1374;1376;1376;1379;1379;1382;1382;1385;1385;1388;1388;1391;1391;1394;1394;1397;1397;1400;1400;1403;1403;140;140;137;137;134;134;131;131;128;128;125;125;123;123;120;120;117;117;114;114;111;111;108;108;105;105;102;102;99;99;96;96;93
1699782820543261.gadget2d_resized_512x512.png;class_0;1.0;polygon;x values;24;19;19;28;168;173;235;240;264;269;312;317;433;437;500;505;534;539;587;591;750;755;789;794;832;837;952;957;1073;1078;1140;1145;1174;1179;1232;1236;1328;1333;1506;1511;1592;1597;1833;1838;2338;2343;2459;2459;2290;2285;2233;2228;2204;2199;2165;2160;1987;1982;1949;1944;1929;1925;1867;1862;1713;1708;1669;1665;1592;1588;1520;1515;1058;1053;818;813;774;770;712;707
1699782820543261.gadget2d_resized_512x512.png;class_0;1.0;polygon;y values;82;84;1327;1333;1333;1335;1335;1338;1338;1341;1341;1344;1344;1347;1347;1350;1350;1353;1353;1356;1356;1359;1359;1362;1362;1365;1365;1368;1368;1371;1371;1374;1374;1376;1376;1379;1379;1382;1382;1385;1385;1388;1388;1391;1391;1394;1394;128;128;125;125;123;123;120;120;117;117;114;114;111;111;108;108;105;105;102;102;99;99;96;96;93;93;90;90;87;87;84;84;82
1700341923114436.gadget2d_resized_512x512.png;class_0;1.0;polygon;x values;24;19;19;24;38;43;149;154;182;187;240;245;394;399;466;471;490;495;548;553;745;750;779;784;794;798;851;856;1049;1053;1135;1140;1164;1169;1217;1222;1496;1501;1636;1641;1698;1703;1925;1929;2459;2459;2401;2396;2305;2300;2271;2266;2228;2223;2026;2021;1982;1977;1953;1949;1910;1905;1737;1732;1679;1674;1665;1660;1650;1645;1636;1631;1607;1602;1564;1559;1400;1395;1207;1203;1116;1111
1700341923114436.gadget2d_resized_512x512.png;class_0;1.0;polygon;y values;23;26;1259;1262;1262;1265;1265;1268;1268;1271;1271;1274;1274;1277;1277;1280;1280;1283;1283;1286;1286;1289;1289;1291;1291;1294;1294;1297;1297;1300;1300;1303;1303;1306;1306;1309;1309;1312;1312;1315;1315;1318;1318;1321;1321;70;70;67;67;64;64;61;61;58;58;55;55;52;52;49;49;46;46;43;43;41;41;38;38;35;35;32;32;29;29;26;26;29;29;26;26;23
1700335294842399.gadget2d_resized_512x512.png;class_0;1.0;polygon;x values;1891;1886;1790;1785;1718;1713;1597;1592;1217;1212;1150;1145;1097;1092;1020;1015;736;731;683;678;664;659;606;601;389;385;332;327;303;298;255;250;43;38;9;4;0;0;14;19;736;741;962;967;1068;1073;1207;1212;1434;1438;1520;1525;1564;1568;1626;1631;1785;1790;1843;1848;1876;1881;1944;1949;2117;2122;2165;2170;2189;2194;2237;2242;2396;2401;2459;2459
1700335294842399.gadget2d_resized_512x512.png;class_0;1.0;polygon;y values;175;178;178;181;181;184;184;187;187;190;190;193;193;196;196;199;199;202;202;205;205;208;208;210;210;213;213;216;216;219;219;222;222;225;225;228;228;1300;1300;1297;1297;1294;1294;1291;1291;1289;1289;1286;1286;1283;1283;1280;1280;1277;1277;1274;1274;1271;1271;1268;1268;1265;1265;1262;1262;1259;1259;1256;1256;1253;1253;1250;1250;1248;1248;175
1699994050381408.gadget2d_resized_512x512.png;class_0;1.0;polygon;x values;890;885;798;794;750;745;736;721;717;707;702;697;693;688;668;664;442;437;399;394;380;375;341;336;28;24;24;19;19;28;798;803;1025;1029;1246;1251;1390;1395;1573;1578;1636;1641;1669;1674;1732;1737;1977;1982;2026;2030;2103;2107;2175;2180;2290;2295;2358;2362;2396;2401;2459;2459;1756;1751;1592;1588;1535;1530;1419;1414;1092;1087;1068;1063;1058;1044;1034;1029;1025;1020
1699994050381408.gadget2d_resized_512x512.png;class_0;1.0;polygon;y values;284;287;287;290;290;292;292;301;301;307;307;310;310;313;313;316;316;319;319;322;322;325;325;328;328;331;333;336;1397;1403;1403;1400;1400;1397;1397;1394;1394;1391;1391;1388;1388;1385;1385;1382;1382;1379;1379;1376;1376;1374;1374;1371;1371;1368;1368;1365;1365;1362;1362;1359;1359;292;292;295;295;298;298;301;301;304;304;301;301;298;298;290;290;287;287;284
1697977767326642.gadget2d_resized_512x512.png;class_0;1.0;polygon;x values;24;19;19;24;163;168;235;240;274;279;346;351;447;452;500;505;534;539;640;644;784;789;861;866;1058;1063;1102;1106;1150;1155;1193;1198;1246;1251;1304;1309;1588;1592;1645;1650;1756;1761;1790;1795;1872;1876;2002;2006;2117;2122;2199;2204;2228;2233;2459;2459;2449;2444;2415;2411;2131;2127;2093;2088;2069;2064;2026;2021;1804;1799;1761;1756;1746;1742;1708;1703
1697977767326642.gadget2d_resized_512x512.png;class_0;1.0;polygon;y values;58;61;1330;1333;1333;1335;1335;1338;1338;1341;1341;1344;1344;1347;1347;1350;1350;1353;1353;1356;1356;1359;1359;1362;1362;1365;1365;1368;1368;1371;1371;1374;1374;1376;1376;1379;1379;1376;1376;1374;1374;1376;1376;1379;1379;1376;1376;1379;1379;1376;1376;1379;1379;1382;1382;87;87;84;84;82;82;79;79;76;76;73;73;70;70;67;67;64;64;61;61;58
1700003390161919.gadget2d_resized_512x512.png;class_0;1.0;polygon;x values;24;19;19;24;81;86;163;168;192;197;240;245;380;385;447;452;481;486;529;534;673;678;721;726;741;745;774;779;933;938;1053;1058;1092;1097;1140;1145;1265;1270;1395;1400;1467;1472;1679;1684;2305;2310;2459;2459;2430;2425;2353;2348;2136;2131;2098;2093;2083;2079;2054;2050;1751;1746;1698;1694;1669;1665;1626;1621;1313;1309;1222;1217;1179;1174;1106;1102
1700003390161919.gadget2d_resized_512x512.png;class_0;1.0;polygon;y values;105;108;1341;1344;1344;1347;1347;1350;1350;1353;1353;1356;1356;1359;1359;1362;1362;1365;1365;1368;1368;1371;1371;1374;1374;1376;1376;1379;1379;1382;1382;1385;1385;1388;1388;1391;1391;1394;1394;1397;1397;1400;1400;1403;1403;1406;1406;146;146;143;143;140;140;137;137;134;134;131;131;128;128;125;125;123;123;120;120;117;117;114;114;111;111;108;108;105
1698218281445764.gadget2d_resized_512x512.png;class_0;1.0;polygon;x values;24;19;19;28;158;163;231;235;269;274;317;322;399;404;471;476;514;519;572;577;712;717;760;765;784;789;832;837;952;957;1029;1034;1073;1078;1135;1140;1304;1309;1400;1405;1448;1453;1554;1559;2208;2213;2233;2237;2242;2247;2459;2459;2348;2343;2319;2314;2300;2295;2271;2266;2074;2069;2016;2011;1968;1963;1905;1900;1708;1703;1674;1669;1655;1650;1621;1617;1284;1280;1179;1174;1097;1092;1005;1001
1698218281445764.gadget2d_resized_512x512.png;class_0;1.0;polygon;y values;93;96;1327;1333;1333;1335;1335;1338;1338;1341;1341;1344;1344;1347;1347;1350;1350;1353;1353;1356;1356;1359;1359;1362;1362;1365;1365;1368;1368;1371;1371;1374;1374;1376;1376;1379;1379;1382;1382;1385;1385;1388;1388;1391;1391;1394;1394;1391;1391;1394;1394;140;140;137;137;134;134;131;131;128;128;125;125;123;123;120;120;117;117;114;114;111;111;108;108;105;105;102;102;99;99;96;96;93
1699881834085712.gadget2d_resized_512x512.png;class_0;1.0;polygon;x values;1655;1650;1448;1443;1390;1386;1289;1284;986;981;928;924;899;895;847;842;490;486;433;428;409;404;375;370;211;206;182;178;168;163;129;125;24;19;19;24;904;909;1020;1025;1207;1212;1347;1352;1554;1559;1597;1602;1631;1636;1694;1698;1920;1925;2002;2006;2045;2050;2122;2127;2252;2257;2290;2295;2314;2319;2372;2377;2459;2459
1699881834085712.gadget2d_resized_512x512.png;class_0;1.0;polygon;y values;187;190;190;193;193;196;196;199;199;202;202;205;205;208;208;210;210;213;213;216;216;219;219;222;222;225;225;228;228;231;231;234;234;237;1306;1309;1309;1306;1306;1303;1303;1300;1300;1297;1297;1294;1294;1291;1291;1289;1289;1286;1286;1283;1283;1280;1280;1277;1277;1274;1274;1271;1271;1268;1268;1265;1265;1262;1262;187
1700382628245641.gadget2d_resized_512x512.png;class_0;1.0;polygon;x values;1400;1395;1304;1299;1251;1246;1169;1164;842;837;779;774;755;750;712;707;433;428;404;399;389;385;351;346;144;139;105;101;86;81;14;9;0;0;14;19;899;904;1097;1102;1203;1207;1284;1289;1501;1506;1559;1564;1597;1602;1689;1694;1857;1862;1905;1910;1939;1944;2002;2006;2165;2170;2208;2213;2233;2237;2290;2295;2459;2459
1700382628245641.gadget2d_resized_512x512.png;class_0;1.0;polygon;y values;187;190;190;193;193;196;196;199;199;202;202;205;205;208;208;210;210;213;213;216;216;219;219;222;222;225;225;228;228;231;231;234;234;1300;1300;1297;1297;1294;1294;1291;1291;1289;1289;1286;1286;1283;1283;1280;1280;1277;1277;1274;1274;1271;1271;1268;1268;1265;1265;1262;1262;1259;1259;1256;1256;1253;1253;1250;1250;187
1698708413943691.gadget2d_resized_512x512.png;class_0;1.0;polygon;x values;28;19;19;24;24;38;43;101;105;259;264;327;332;356;360;404;409;543;548;620;625;644;649;683;688;885;890;1010;1015;1073;1078;1130;1135;1212;1217;1304;1309;1337;1342;1419;1424;2391;2396;2401;2439;2444;2459;2459;2343;2338;2295;2290;2271;2266;2228;2223;1982;1977;1929;1925;1905;1900;1848;1843;1703;1698;1612;1607;1525;1520;1337;1333;842;837;794;789;774;770;736;731
1698708413943691.gadget2d_resized_512x512.png;class_0;1.0;polygon;y values;82;87;1321;1324;1327;1327;1330;1330;1333;1333;1335;1335;1338;1338;1341;1341;1344;1344;1347;1347;1350;1350;1353;1353;1356;1356;1359;1359;1362;1362;1365;1365;1368;1368;1371;1371;1374;1374;1376;1376;1379;1379;1382;1379;1379;1382;1382;128;128;125;125;123;123;120;120;117;117;114;114;111;111;108;108;105;105;102;102;99;99;96;96;93;93;90;90;87;87;84;84;82
1699990949342196.gadget2d_resized_512x512.png;class_0;1.0;polygon;x values;895;890;847;842;784;779;745;741;731;721;707;702;596;591;476;471;433;428;399;394;283;279;245;240;221;216;168;163;24;19;19;24;120;125;178;182;202;206;298;303;332;336;389;394;452;457;693;697;736;741;1005;1010;1520;1525;1554;1559;1592;1597;1689;1694;1939;1944;1968;1973;1982;1987;2016;2021;2237;2242;2334;2338;2362;2367;2401;2406;2459;2459;2439;2435;2430;2233;2228;2079;2074;2006;2002;1217;1212;1174;1169;1140;1135;1097;1092;1049;1044;1025;1020;1010;1005
1699990949342196.gadget2d_resized_512x512.png;class_0;1.0;polygon;y values;284;287;287;290;290;292;292;295;295;301;301;304;304;307;307;310;310;313;313;316;316;319;319;322;322;325;325;328;328;331;1412;1415;1415;1417;1417;1420;1420;1423;1423;1420;1420;1417;1417;1420;1420;1423;1423;1420;1420;1417;1417;1415;1415;1412;1412;1409;1409;1406;1406;1403;1403;1400;1400;1397;1397;1394;1394;1391;1391;1388;1388;1385;1385;1382;1382;1379;1379;290;290;292;290;290;292;292;290;290;292;292;295;295;298;298;295;295;292;292;290;290;287;287;284
1700410731554835.gadget2d_resized_512x512.png;class_0;1.0;polygon;x values;24;19;19;28;129;134;173;178;245;250;365;370;433;437;486;490;591;596;717;721;760;765;779;784;827;832;1015;1020;1092;1097;1126;1130;1169;1174;1270;1275;1400;1405;1482;1487;1742;1746;2459;2459;2334;2329;2300;2295;2252;2247;2040;2035;1987;1982;1963;1958;1920;1915;1708;1703;1645;1641;1607;1602;1554;1549;1438;1434;1357;1352;1207;1203;1135;1130;1097;1092;986;981
1700410731554835.gadget2d_resized_512x512.png;class_0;1.0;polygon;y values;82;84;1330;1335;1335;1338;1338;1341;1341;1344;1344;1347;1347;1350;1350;1353;1353;1356;1356;1359;1359;1362;1362;1365;1365;1368;1368;1371;1371;1374;1374;1376;1376;1379;1379;1382;1382;1385;1385;1388;1388;1391;1391;125;125;123;123;120;120;117;117;114;114;111;111;108;108;105;105;102;102;99;99;96;96;93;93;90;90;93;93;90;90;87;87;84;84;82
1698287305899452.gadget2d_resized_512x512.png;class_0;1.0;polygon;x values;24;19;19;24;24;28;91;96;250;255;312;317;341;346;389;394;519;524;572;577;596;601;640;644;789;794;885;890;933;938;1010;1015;1164;1169;1236;1241;1270;1275;1328;1333;1607;1612;1732;1737;2045;2050;2208;2213;2459;2459;2449;2444;2242;2237;2199;2194;2170;2165;2117;2112;1886;1881;1852;1848;1833;1828;1795;1790;1631;1626;1544;1540;1477;1472;1347;1342
1698287305899452.gadget2d_resized_512x512.png;class_0;1.0;polygon;y values;93;96;1321;1324;1327;1330;1330;1333;1333;1335;1335;1338;1338;1341;1341;1344;1344;1347;1347;1350;1350;1353;1353;1356;1356;1359;1359;1362;1362;1365;1365;1368;1368;1371;1371;1374;1374;1376;1376;1379;1379;1382;1382;1385;1385;1388;1388;1391;1391;131;131;128;128;125;125;123;123;120;120;117;117;114;114;111;111;108;108;105;105;102;102;99;99;96;96;93
1698321319616390.gadget2d_resized_512x512.png;class_0;1.0;polygon;x values;24;19;19;28;206;211;255;259;279;283;327;332;495;500;534;539;553;558;601;606;736;741;798;803;899;904;976;981;1155;1159;1207;1212;1256;1260;1333;1337;1660;1665;1920;1925;1982;1987;2300;2305;2411;2415;2444;2449;2459;2459;2237;2233;2208;2204;2194;2189;2165;2160;1920;1915;1867;1862;1838;1833;1780;1775;1573;1568;1506;1501;1477;1472;1414;1410
1698321319616390.gadget2d_resized_512x512.png;class_0;1.0;polygon;y values;82;84;1315;1321;1321;1324;1324;1327;1327;1330;1330;1333;1333;1335;1335;1338;1338;1341;1341;1344;1344;1347;1347;1350;1350;1353;1353;1356;1356;1359;1359;1362;1362;1365;1365;1368;1368;1371;1371;1374;1374;1376;1376;1379;1379;1376;1376;1379;1379;117;117;114;114;111;111;108;108;105;105;102;102;99;99;96;96;93;93;90;90;87;87;84;84;82
1698651006679294.gadget2d_resized_512x512.png;class_0;1.0;polygon;x values;24;19;19;24;96;101;168;173;202;206;259;264;404;409;462;466;486;490;534;539;673;678;741;745;765;770;822;827;1078;1082;1135;1140;1164;1169;1241;1246;1448;1453;1583;1588;1645;1650;1992;1997;2459;2459;2295;2290;2252;2247;2228;2223;2184;2180;1973;1968;1934;1929;1915;1910;1881;1876;1665;1660;1583;1578;1544;1540;1472;1467
1698651006679294.gadget2d_resized_512x512.png;class_0;1.0;polygon;y values;70;73;1306;1309;1309;1312;1312;1315;1315;1318;1318;1321;1321;1324;1324;1327;1327;1330;1330;1333;1333;1335;1335;1338;1338;1341;1341;1344;1344;1347;1347;1350;1350;1353;1353;1356;1356;1359;1359;1362;1362;1365;1365;1368;1368;105;105;102;102;99;99;96;96;93;93;90;90;87;87;84;84;82;82;79;79;76;76;73;73;70
1700391860149316.gadget2d_resized_512x512.png;class_0;1.0;polygon;x values;24;19;19;24;24;28;168;173;245;250;288;293;346;351;563;567;635;640;668;673;712;717;808;813;904;909;957;962;1039;1044;1174;1179;1260;1265;1304;1309;1366;1371;1631;1636;2170;2175;2237;2242;2459;2459;2377;2372;2334;2329;2310;2305;2276;2271;2088;2083;2035;2030;2011;2006;1949;1944;1718;1713;1679;1674;1665;1660;1641;1636;1592;1588;1463;1458;1342;1337;1217;1212;1169;1164;1044;1039
1700391860149316.gadget2d_resized_512x512.png;class_0;1.0;polygon;y values;70;73;1312;1315;1318;1321;1321;1324;1324;1327;1327;1330;1330;1333;1333;1335;1335;1338;1338;1341;1341;1344;1344;1347;1347;1350;1350;1353;1353;1356;1356;1359;1359;1362;1362;1365;1365;1368;1368;1371;1371;1374;1374;1376;1376;117;117;114;114;111;111;108;108;105;105;102;102;99;99;96;96;93;93;90;90;87;87;84;84;82;82;79;79;76;76;79;79;76;76;73;73;70
1699814209192797.gadget2d_resized_512x512.png;class_0;1.0;polygon;x values;24;19;19;28;81;86;115;120;178;182;317;322;356;360;375;380;423;428;548;553;596;601;625;630;668;673;851;856;957;962;996;1001;1063;1068;1280;1284;1366;1371;1419;1424;1554;1559;2305;2310;2459;2459;2343;2338;2295;2290;2228;2223;2146;2141;1896;1891;1857;1852;1838;1833;1795;1790;1645;1641;1573;1568;1540;1535;1491;1487
1699814209192797.gadget2d_resized_512x512.png;class_0;1.0;polygon;y values;93;96;1330;1335;1335;1338;1338;1341;1341;1344;1344;1347;1347;1350;1350;1353;1353;1356;1356;1359;1359;1362;1362;1365;1365;1368;1368;1371;1371;1374;1374;1376;1376;1379;1379;1382;1382;1385;1385;1388;1388;1391;1391;1394;1394;128;128;125;125;123;123;120;120;117;117;114;114;111;111;108;108;105;105;102;102;99;99;96;96;93
1697953288804906.gadget2d_resized_512x512.png;class_0;1.0;polygon;x values;24;19;19;24;24;67;72;139;144;279;283;327;332;360;365;418;423;567;572;635;640;664;668;702;707;770;774;832;837;899;904;981;986;1087;1092;1169;1174;1232;1236;1280;1284;1424;1429;1607;1612;1669;1674;1785;1790;1823;1828;1848;1852;1857;1896;1900;1915;1920;1958;1963;2281;2285;2439;2444;2459;2459;2324;2319;2257;2252;2228;2223;2189;2184;1944;1939;1905;1900;1881;1876;1823;1819;1689;1684;1496;1491;1400;1395;1299;1294;1082;1078;1001;996;808;803;755;750
1697953288804906.gadget2d_resized_512x512.png;class_0;1.0;polygon;y values;82;84;1333;1335;1338;1338;1341;1341;1344;1344;1347;1347;1350;1350;1353;1353;1356;1356;1359;1359;1362;1362;1365;1365;1368;1368;1371;1371;1374;1374;1376;1376;1379;1379;1382;1382;1385;1385;1388;1388;1391;1391;1394;1394;1397;1397;1394;1394;1397;1397;1394;1394;1397;1394;1394;1397;1397;1394;1394;1397;1397;1400;1400;1403;1403;128;128;125;125;123;123;120;120;117;117;114;114;111;111;108;108;105;105;102;102;99;99;96;96;93;93;90;90;87;87;84;84;82
1699941043862921.gadget2d_resized_512x512.png;class_0;1.0;polygon;x values;24;19;19;24;67;72;149;154;182;187;240;245;356;360;423;428;447;452;495;500;635;640;707;712;741;745;779;784;976;981;1053;1058;1087;1092;1130;1135;1246;1251;1318;1323;1361;1366;1424;1429;1804;1809;1876;1881;2122;2127;2189;2194;2213;2218;2334;2338;2439;2444;2459;2459;2290;2285;2233;2228;2213;2208;2175;2170;2054;2050;1881;1876;1852;1848;1795;1790;1607;1602;1540;1535;1515;1511;1487;1482;1438;1434;1357;1352;1044;1039;919;914;847;842;770;765
1699941043862921.gadget2d_resized_512x512.png;class_0;1.0;polygon;y values;70;73;1330;1333;1333;1335;1335;1338;1338;1341;1341;1344;1344;1347;1347;1350;1350;1353;1353;1356;1356;1359;1359;1362;1362;1365;1365;1368;1368;1371;1371;1374;1374;1376;1376;1379;1379;1382;1382;1385;1385;1388;1388;1391;1391;1394;1394;1391;1391;1394;1394;1397;1397;1400;1400;1397;1397;1400;1400;117;117;114;114;111;111;108;108;105;105;102;102;99;99;96;96;93;93;90;90;87;87;84;84;82;82;79;79;82;82;79;79;76;76;73;73;70
1699937016733772.gadget2d_resized_512x512.png;class_0;1.0;polygon;x values;726;721;712;712;717;717;721;721;731;721;707;702;447;442;413;409;399;394;370;365;154;149;110;105;91;86;28;19;19;24;24;803;808;1299;1304;1381;1386;1438;1443;1530;1535;1669;1674;1718;1722;1756;1761;1843;1848;1958;1963;1992;1997;2011;2016;2059;2064;2276;2281;2324;2329;2367;2372;2425;2430;2439;2444;2459;2459;2425;2420;2334;2329;2261;2257;2223;2218;2002;1997;1400;1395;1289;1284;1251;1246;1183;1179;1063;1058;1044;1034;1039;1039;1029;1025
1699937016733772.gadget2d_resized_512x512.png;class_0;1.0;polygon;y values;292;295;295;301;304;307;310;313;319;325;325;328;328;331;331;333;333;336;336;339;339;342;342;345;345;348;348;354;1423;1426;1429;1429;1426;1426;1423;1423;1420;1420;1417;1417;1415;1415;1412;1412;1409;1409;1406;1406;1403;1403;1400;1400;1397;1397;1394;1394;1391;1391;1388;1388;1385;1385;1382;1382;1379;1379;1382;1382;295;295;292;292;295;295;298;298;301;301;304;304;307;307;310;310;313;313;316;316;313;313;307;304;295;295;292
1700401565706893.gadget2d_resized_512x512.png;class_0;1.0;polygon;x values;1823;1819;1636;1631;1568;1564;1443;1438;1063;1058;996;991;972;967;928;924;577;572;505;500;476;471;437;433;274;269;240;235;216;211;182;178;0;0;9;14;19;24;154;158;625;630;683;688;962;967;1029;1034;1082;1087;1188;1193;1227;1232;1313;1318;1515;1520;1592;1597;1631;1636;1689;1694;1944;1949;1987;1992;2016;2021;2064;2069;2218;2223;2281;2285;2310;2314;2377;2382;2459;2459
1700401565706893.gadget2d_resized_512x512.png;class_0;1.0;polygon;y values;164;166;166;169;169;172;172;175;175;178;178;181;181;184;184;187;187;190;190;193;193;196;196;199;199;202;202;205;205;208;208;210;210;1294;1294;1291;1291;1289;1289;1286;1286;1289;1289;1286;1286;1283;1283;1286;1286;1283;1283;1280;1280;1277;1277;1274;1274;1271;1271;1268;1268;1265;1265;1262;1262;1259;1259;1256;1256;1253;1253;1250;1250;1248;1248;1245;1245;1242;1242;1239;1239;164
1700381156227454.gadget2d_resized_512x512.png;class_0;1.0;polygon;x values;2040;2035;1771;1766;1607;1602;1491;1487;1135;1130;1068;1063;1029;1025;986;981;683;678;625;620;524;519;466;462;327;322;293;288;279;274;245;240;0;0;19;24;760;765;866;871;972;976;1039;1044;1174;1179;1299;1304;1443;1448;1511;1515;1549;1554;1621;1626;1881;1886;1939;1944;1977;1982;2050;2054;2170;2175;2213;2218;2247;2252;2348;2353;2459;2459
1700381156227454.gadget2d_resized_512x512.png;class_0;1.0;polygon;y values;164;166;166;169;169;172;172;175;175;178;178;181;181;184;184;187;187;190;190;193;193;196;196;199;199;202;202;205;205;208;208;210;210;1289;1289;1286;1286;1283;1283;1280;1280;1277;1277;1280;1280;1277;1277;1274;1274;1271;1271;1268;1268;1265;1265;1262;1262;1259;1259;1256;1256;1253;1253;1250;1250;1248;1248;1245;1245;1242;1242;1239;1239;164
1699989043323278.gadget2d_resized_512x512.png;class_0;1.0;polygon;x values;2261;2257;2011;2006;1953;1949;1641;1636;1044;1039;1020;1015;1010;1005;904;899;851;847;784;779;741;736;731;726;721;717;707;702;591;587;500;495;462;457;409;404;202;197;149;144;125;120;86;81;0;0;4;9;52;57;211;216;423;428;505;510;644;649;683;688;856;861;1361;1366;1463;1467;1544;1549;1617;1621;1790;1795;1857;1862;1896;1900;1953;1958;2054;2059;2165;2170;2204;2208;2261;2266;2415;2420;2459;2459;2439;2435
1699989043323278.gadget2d_resized_512x512.png;class_0;1.0;polygon;y values;281;284;284;287;287;290;290;292;292;290;290;287;287;284;284;287;287;290;290;292;292;295;295;298;298;301;301;304;304;307;307;310;310;313;313;316;316;319;319;322;322;325;325;328;328;1397;1397;1394;1394;1391;1391;1394;1394;1397;1397;1400;1400;1397;1397;1394;1394;1391;1391;1388;1388;1385;1385;1382;1382;1379;1379;1376;1376;1374;1374;1371;1371;1368;1368;1365;1365;1362;1362;1359;1359;1356;1356;1353;1353;284;284;281
1699815751227357.gadget2d_resized_512x512.png;class_0;1.0;polygon;x values;24;19;19;24;24;33;38;202;206;250;255;279;283;327;332;447;452;495;500;514;519;548;553;707;712;774;779;808;813;890;895;1082;1087;1135;1140;1159;1164;1207;1212;1583;1588;1689;1694;1751;1756;2136;2141;2459;2459;2334;2329;2290;2285;2271;2266;2228;2223;2006;2002;1963;1958;1939;1934;1900;1896;1698;1694;1636;1631;1597;1592;1530;1525
1699815751227357.gadget2d_resized_512x512.png;class_0;1.0;polygon;y values;93;96;1324;1327;1330;1330;1333;1333;1335;1335;1338;1338;1341;1341;1344;1344;1347;1347;1350;1350;1353;1353;1356;1356;1359;1359;1362;1362;1365;1365;1368;1368;1371;1371;1374;1374;1376;1376;1379;1379;1382;1382;1385;1385;1388;1388;1391;1391;128;128;125;125;123;123;120;120;117;117;114;114;111;111;108;108;105;105;102;102;99;99;96;96;93
1700095212106281.gadget2d_resized_512x512.png;class_0;1.0;polygon;x values;38;33;24;24;19;19;28;149;154;245;250;283;288;346;351;442;447;505;510;543;548;596;601;750;755;794;798;847;851;933;938;1063;1068;1130;1135;1164;1169;1217;1222;1309;1313;1525;1530;1597;1602;1737;1742;2449;2454;2459;2459;2449;2444;2223;2218;2180;2175;2160;2156;2127;2122;1867;1862;1823;1819;1795;1790;1742;1737;1549;1544;1487;1482;1458;1453;1395;1390;447;442;154;149
1700095212106281.gadget2d_resized_512x512.png;class_0;1.0;polygon;y values;128;131;131;263;266;1327;1333;1333;1335;1335;1338;1338;1341;1341;1344;1344;1347;1347;1350;1350;1353;1353;1356;1356;1359;1359;1362;1362;1365;1365;1368;1368;1371;1371;1374;1374;1376;1376;1379;1379;1382;1382;1385;1385;1388;1388;1391;1391;1394;1394;166;166;164;164;161;161;158;158;155;155;152;152;149;149;146;146;143;143;140;140;137;137;134;134;131;131;128;128;131;131;128
1700320176684190.gadget2d_resized_512x512.png;class_0;1.0;polygon;x values;2083;2079;1958;1953;1872;1867;1761;1756;1304;1299;1227;1222;1174;1169;1073;1068;760;755;712;707;688;683;640;635;409;404;375;370;346;341;293;288;48;43;14;9;0;0;14;19;779;784;981;986;1159;1164;1251;1256;1515;1520;1559;1564;1592;1597;1679;1684;1843;1848;1905;1910;1944;1949;2011;2016;2165;2170;2213;2218;2242;2247;2300;2305;2459;2459;2454;2449
1700320176684190.gadget2d_resized_512x512.png;class_0;1.0;polygon;y values;175;178;178;181;181;184;184;187;187;190;190;193;193;196;196;199;199;202;202;205;205;208;208;210;210;213;213;216;216;219;219;222;222;225;225;228;228;1300;1300;1297;1297;1294;1294;1291;1291;1289;1289;1286;1286;1283;1283;1280;1280;1277;1277;1274;1274;1271;1271;1268;1268;1265;1265;1262;1262;1259;1259;1256;1256;1253;1253;1250;1250;178;178;175
1700067553539497.gadget2d_resized_512x512.png;class_0;1.0;polygon;x values;24;19;19;28;129;134;168;173;226;231;356;360;409;413;437;442;500;505;668;673;736;741;755;760;789;794;909;914;1020;1025;1058;1063;1111;1116;1212;1217;1309;1313;1395;1400;1506;1511;2011;2016;2329;2334;2449;2454;2459;2459;2334;2329;2290;2285;2276;2271;2247;2242;2026;2021;1968;1963;1939;1934;1896;1891;1674;1669;1617;1612;1592;1588;1564;1559;1280;1275;1169;1164;1082;1078;895;890
1700067553539497.gadget2d_resized_512x512.png;class_0;1.0;polygon;y values;93;96;1330;1335;1335;1338;1338;1341;1341;1344;1344;1347;1347;1350;1350;1353;1353;1356;1356;1359;1359;1362;1362;1365;1365;1368;1368;1371;1371;1374;1374;1376;1376;1379;1379;1382;1382;1385;1385;1388;1388;1391;1391;1394;1394;1397;1397;1400;1400;140;140;137;137;134;134;131;131;128;128;125;125;123;123;120;120;117;117;114;114;111;111;108;108;105;105;102;102;99;99;96;96;93
1699835908530086.gadget2d_resized_512x512.png;class_0;1.0;polygon;x values;1126;1121;1044;1039;986;981;928;924;534;529;500;495;486;481;452;447;269;264;211;206;178;173;125;120;24;19;19;28;346;351;442;447;611;616;712;717;755;760;938;943;1405;1410;1472;1477;1515;1520;1592;1597;1718;1722;1737;1742;1746;1751;1785;1790;2093;2098;2156;2160;2194;2199;2271;2276;2367;2372;2406;2411;2459;2459
1699835908530086.gadget2d_resized_512x512.png;class_0;1.0;polygon;y values;234;237;237;240;240;243;243;246;246;249;249;251;251;254;254;257;257;260;260;263;263;266;266;269;269;272;1327;1333;1333;1330;1330;1327;1327;1330;1330;1327;1327;1324;1324;1321;1321;1318;1318;1315;1315;1312;1312;1309;1309;1306;1306;1303;1303;1300;1300;1297;1297;1294;1294;1291;1291;1289;1289;1286;1286;1283;1283;1280;1280;234
1700323174719552.gadget2d_resized_512x512.png;class_0;1.0;polygon;x values;1958;1953;1857;1852;1785;1780;1727;1722;1665;1660;1583;1578;1222;1217;1155;1150;1097;1092;1020;1015;717;712;673;668;644;640;601;596;385;380;332;327;303;298;255;250;9;4;0;0;4;9;702;707;832;837;948;952;1116;1121;1434;1438;1511;1515;1554;1559;1636;1641;1852;1857;1896;1900;1915;1920;1963;1968;2131;2136;2175;2180;2204;2208;2247;2252;2420;2425;2459;2459
1700323174719552.gadget2d_resized_512x512.png;class_0;1.0;polygon;y values;175;178;178;181;181;184;184;181;181;184;184;187;187;190;190;193;193;196;196;199;199;202;202;205;205;208;208;210;210;213;213;216;216;219;219;222;222;225;225;1300;1300;1297;1297;1294;1294;1291;1291;1289;1289;1286;1286;1283;1283;1280;1280;1277;1277;1274;1274;1271;1271;1268;1268;1265;1265;1262;1262;1259;1259;1256;1256;1253;1253;1250;1250;1248;1248;175
1697972803220988.gadget2d_resized_512x512.png;class_0;1.0;polygon;x values;33;28;24;19;19;24;24;96;101;134;139;202;206;332;336;385;389;409;413;457;462;591;596;649;654;673;678;717;721;943;948;1020;1025;1058;1063;1121;1126;1265;1270;1366;1371;1434;1438;1535;1540;2358;2362;2459;2459;2430;2425;2382;2377;2367;2362;2334;2329;2136;2131;2098;2093;2074;2069;2021;2016;1775;1771;1742;1737;1722;1718;1703;1698;1530;1525;1323;1318;1251;1246;1140;1135;644;640;558;553;519;514;399;394
1697972803220988.gadget2d_resized_512x512.png;class_0;1.0;polygon;y values;82;84;84;87;1330;1333;1335;1335;1338;1338;1341;1341;1344;1344;1347;1347;1350;1350;1353;1353;1356;1356;1359;1359;1362;1362;1365;1365;1368;1368;1371;1371;1374;1374;1376;1376;1379;1379;1382;1382;1385;1385;1388;1388;1391;1391;1394;1394;140;140;137;137;134;134;131;131;128;128;125;125;123;123;120;120;117;117;114;114;111;111;108;108;105;105;102;102;99;99;96;96;93;93;90;90;87;87;84;84;82
1700065240489366.gadget2d_resized_512x512.png;class_0;1.0;polygon;x values;24;19;19;28;178;182;250;255;279;283;322;327;457;462;529;534;582;587;630;635;750;755;789;794;832;837;919;924;1068;1073;1130;1135;1159;1164;1203;1207;1472;1477;1987;1992;2103;2107;2290;2295;2459;2459;2281;2276;2233;2228;2204;2199;2156;2151;1920;1915;1876;1872;1857;1852;1795;1790;1631;1626;1530;1525;1472;1467;1371;1366;1005;1001;866;861;813;808;755;750
1700065240489366.gadget2d_resized_512x512.png;class_0;1.0;polygon;y values;105;108;1338;1344;1344;1347;1347;1350;1350;1353;1353;1356;1356;1359;1359;1362;1362;1365;1365;1368;1368;1371;1371;1374;1374;1376;1376;1379;1379;1382;1382;1385;1385;1388;1388;1391;1391;1394;1394;1397;1397;1400;1400;1403;1403;152;152;149;149;146;146;143;143;140;140;137;137;134;134;131;131;128;128;125;125;123;123;120;120;117;117;114;114;111;111;108;108;105
1700391726146393.gadget2d_resized_512x512.png;class_0;1.0;polygon;x values;14;9;0;0;4;9;67;72;129;134;158;163;202;206;418;423;510;514;582;587;635;640;741;745;779;784;808;813;957;962;1106;1111;1169;1174;1212;1217;1280;1284;1525;1530;2054;2059;2257;2261;2459;2459;2372;2367;2329;2324;2261;2257;2045;2040;1992;1987;1963;1958;1910;1905;1708;1703;1645;1641;1602;1597;1554;1549;1443;1438;1371;1366;1078;1073;976;972;827;822;760;755
1700391726146393.gadget2d_resized_512x512.png;class_0;1.0;polygon;y values;82;84;84;1335;1335;1333;1333;1335;1335;1338;1338;1341;1341;1344;1344;1347;1347;1350;1350;1353;1353;1356;1356;1359;1359;1362;1362;1365;1365;1368;1368;1371;1371;1374;1374;1376;1376;1379;1379;1382;1382;1385;1385;1388;1388;125;125;123;123;120;120;117;117;114;114;111;111;108;108;105;105;102;102;99;99;96;96;93;93;90;90;93;93;90;90;87;87;84;84;82
1700405350438186.gadget2d_resized_512x512.png;class_0;1.0;polygon;x values;43;38;24;24;19;19;24;86;91;163;168;192;197;245;250;389;394;466;471;490;495;553;558;702;707;745;750;765;770;798;803;996;1001;1063;1068;1097;1102;1145;1150;1251;1256;1381;1386;1448;1453;1602;1607;2459;2459;2406;2401;2353;2348;2334;2329;2314;2310;2103;2098;2054;2050;2030;2026;1987;1982;1732;1727;1684;1679;1669;1665;1641;1636;1544;1540;1236;1232;1183;1179;1063;1058;500;495;428;423;298;293;173;168
1700405350438186.gadget2d_resized_512x512.png;class_0;1.0;polygon;y values;82;84;84;87;90;1341;1344;1344;1347;1347;1350;1350;1353;1353;1356;1356;1359;1359;1362;1362;1365;1365;1368;1368;1371;1371;1374;1374;1376;1376;1379;1379;1382;1382;1385;1385;1388;1388;1391;1391;1394;1394;1397;1397;1400;1400;1403;1403;140;140;137;137;134;134;131;131;128;128;125;125;123;123;120;120;117;117;114;114;111;111;108;108;105;105;102;102;99;99;96;96;93;93;90;90;87;87;84;84;82
1700292271394457.gadget2d_resized_512x512.png;class_0;1.0;polygon;x values;1713;1708;1592;1588;1520;1515;1419;1414;1106;1102;1005;1001;948;943;885;880;625;620;563;558;534;529;486;481;269;264;231;226;211;206;173;168;0;0;14;19;245;250;264;269;558;563;948;952;1126;1130;1212;1217;1318;1323;1588;1592;1626;1631;1650;1655;1713;1718;1915;1920;1963;1968;1992;1997;2045;2050;2213;2218;2247;2252;2271;2276;2324;2329;2459;2459
1700292271394457.gadget2d_resized_512x512.png;class_0;1.0;polygon;y values;175;178;178;181;181;184;184;187;187;190;190;193;193;196;196;199;199;202;202;205;205;208;208;210;210;213;213;216;216;219;219;222;222;1303;1303;1300;1300;1297;1297;1300;1300;1297;1297;1294;1294;1291;1291;1289;1289;1286;1286;1283;1283;1280;1280;1277;1277;1274;1274;1271;1271;1268;1268;1265;1265;1262;1262;1259;1259;1256;1256;1253;1253;1250;1250;175
1698285824868178.gadget2d_resized_512x512.png;class_0;1.0;polygon;x values;24;19;19;28;216;221;269;274;288;293;341;346;486;490;543;548;582;587;640;644;760;765;827;832;875;880;972;976;1155;1159;1241;1246;1294;1299;1390;1395;1703;1708;1982;1987;2064;2069;2338;2343;2420;2425;2439;2444;2459;2459;2444;2439;2175;2170;2141;2136;2131;2127;2098;2093;1852;1848;1809;1804;1785;1780;1746;1742;1525;1520;1472;1467;1438;1434;1371;1366
1698285824868178.gadget2d_resized_512x512.png;class_0;1.0;polygon;y values;82;84;1315;1321;1321;1324;1324;1327;1327;1330;1330;1333;1333;1335;1335;1338;1338;1341;1341;1344;1344;1347;1347;1350;1350;1353;1353;1356;1356;1359;1359;1362;1362;1365;1365;1368;1368;1371;1371;1374;1374;1376;1376;1379;1379;1376;1376;1379;1379;120;120;117;117;114;114;111;111;108;108;105;105;102;102;99;99;96;96;93;93;90;90;87;87;84;84;82
1698272411587639.gadget2d_resized_512x512.png;class_0;1.0;polygon;x values;24;19;19;24;67;72;139;144;173;178;231;235;389;394;437;442;466;471;500;505;625;630;664;668;683;688;717;721;904;909;981;986;1025;1029;1092;1097;1227;1232;1280;1284;1304;1309;1371;1376;1592;1597;1641;1645;1669;1674;1857;1862;1963;1968;2131;2136;2459;2459;2314;2310;2285;2281;2261;2257;2233;2228;2030;2026;2002;1997;1982;1977;1939;1934;1742;1737;1713;1708;1698;1694;1674;1669;1337;1333;1270;1265;1232;1227;1159;1155
1698272411587639.gadget2d_resized_512x512.png;class_0;1.0;polygon;y values;82;84;1294;1297;1297;1300;1300;1303;1303;1306;1306;1309;1309;1312;1312;1315;1315;1318;1318;1321;1321;1324;1324;1327;1327;1330;1330;1333;1333;1335;1335;1338;1338;1341;1341;1344;1344;1347;1347;1350;1350;1353;1353;1356;1356;1359;1359;1362;1362;1365;1365;1362;1362;1365;1365;1368;1368;128;128;125;125;123;123;120;120;117;117;114;114;111;111;108;108;105;105;102;102;99;99;96;96;93;93;90;90;87;87;84;84;82
1697982647431652.gadget2d_resized_512x512.png;class_0;1.0;polygon;x values;24;19;19;24;24;38;43;192;197;255;259;312;317;370;375;471;476;534;539;572;577;620;625;760;765;818;822;866;871;952;957;1092;1097;1145;1150;1174;1179;1222;1227;1467;1472;1559;1564;1645;1650;1925;1929;2459;2459;2382;2377;2324;2319;2300;2295;2261;2257;2069;2064;2026;2021;1997;1992;1953;1949;1737;1732;1694;1689;1674;1669;1631;1626;1386;1381;1227;1222;1188;1183;1116;1111
1697982647431652.gadget2d_resized_512x512.png;class_0;1.0;polygon;y values;82;84;1324;1327;1330;1330;1333;1333;1335;1335;1338;1338;1341;1341;1344;1344;1347;1347;1350;1350;1353;1353;1356;1356;1359;1359;1362;1362;1365;1365;1368;1368;1371;1371;1374;1374;1376;1376;1379;1379;1382;1382;1385;1385;1388;1388;1391;1391;128;128;125;125;123;123;120;120;117;117;114;114;111;111;108;108;105;105;102;102;99;99;96;96;93;93;90;90;87;87;84;84;82
1700006090513789.gadget2d_resized_512x512.png;class_0;1.0;polygon;x values;240;235;216;211;197;192;178;173;168;163;125;120;110;105;96;91;77;72;43;38;28;28;24;24;28;28;38;38;43;43;48;52;57;62;67;72;91;91;96;96;101;101;105;110;115;129;134;139;144;149;158;163;168;173;178;182;206;211;235;250;255;259;259;279;279;283;283;288;288;283;283;279;279;264;259;250;245;240;206;202;168;163;158;158;163;163;168;168;158;144;139;105;101;57;52;0;0;4;9;19;24;264;269;360;365;442;447;967;972;1251;1256;1328;1333;1438;1443;1626;1631;1674;1679;1708;1713;1771;1775;1949;1953;1982;1987;2006;2011;2098;2103;2228;2233;2271;2276;2295;2300;2334;2338;2459;2459;2030;2026;1790;1785;1645;1641;1597;1592;1193;1188;1169;1164;1150;1145;1049;1044;1029;1025;924;919;784;779;741;736;721;717;577;572;360;356;332;327;317;312
1700006090513789.gadget2d_resized_512x512.png;class_0;1.0;polygon;y values;272;275;275;278;278;281;281;284;284;287;287;284;284;281;281;278;278;281;281;284;284;287;290;304;307;313;319;322;325;328;331;331;333;333;336;336;348;354;357;360;363;366;369;369;372;372;375;375;377;375;375;372;372;369;369;366;366;369;369;377;377;380;383;395;398;401;410;413;424;427;430;433;436;445;445;451;451;454;454;457;457;459;459;471;474;477;480;495;500;500;503;503;500;500;498;498;1400;1400;1397;1397;1394;1394;1397;1397;1400;1400;1403;1403;1400;1400;1397;1397;1394;1394;1391;1391;1388;1388;1385;1385;1382;1382;1379;1379;1376;1376;1374;1374;1371;1371;1368;1368;1365;1365;1362;1362;1359;1359;1356;1356;281;281;284;284;287;287;284;284;281;281;284;284;287;287;290;290;287;287;284;284;281;281;284;284;287;287;284;284;281;281;278;278;275;275;272
1698672210157015.gadget2d_resized_512x512.png;class_0;1.0;polygon;x values;24;19;19;28;202;206;259;264;288;293;341;346;466;471;529;534;567;572;630;635;760;765;818;822;861;866;952;957;1111;1116;1203;1207;1260;1265;1333;1337;1564;1568;1698;1703;1756;1761;1780;1785;1886;1891;1900;1905;2002;2006;2194;2199;2459;2459;2295;2290;2261;2257;2252;2247;2218;2213;1982;1977;1939;1934;1915;1910;1872;1867;1641;1636;1597;1592;1573;1568;1525;1520
1698672210157015.gadget2d_resized_512x512.png;class_0;1.0;polygon;y values;82;84;1315;1321;1321;1324;1324;1327;1327;1330;1330;1333;1333;1335;1335;1338;1338;1341;1341;1344;1344;1347;1347;1350;1350;1353;1353;1356;1356;1359;1359;1362;1362;1365;1365;1368;1368;1371;1371;1374;1374;1376;1376;1374;1374;1371;1371;1374;1374;1376;1376;1379;1379;117;117;114;114;111;111;108;108;105;105;102;102;99;99;96;96;93;93;90;90;87;87;84;84;82
1699816884256515.gadget2d_resized_512x512.png;class_0;1.0;polygon;x values;24;19;19;24;28;33;192;197;240;245;264;269;317;322;462;466;510;514;524;529;548;553;697;702;774;779;851;856;938;943;1116;1121;1159;1164;1179;1183;1236;1241;1554;1559;1689;1694;1804;1809;2184;2189;2459;2459;2348;2343;2324;2319;2271;2266;2069;2064;2035;2030;2016;2011;1968;1963;1727;1722;1679;1674;1650;1645;1592;1588;1318;1313;1260;1256;1232;1227;1150;1145
1699816884256515.gadget2d_resized_512x512.png;class_0;1.0;polygon;y values;82;84;1327;1330;1330;1333;1333;1335;1335;1338;1338;1341;1341;1344;1344;1347;1347;1350;1350;1353;1353;1356;1356;1359;1359;1362;1362;1365;1365;1368;1368;1371;1371;1374;1374;1376;1376;1379;1379;1382;1382;1385;1385;1388;1388;1391;1391;125;125;123;123;120;120;117;117;114;114;111;111;108;108;105;105;102;102;99;99;96;96;93;93;90;90;87;87;84;84;82
1699060118097329.gadget2d_resized_512x512.png;class_0;1.0;polygon;x values;28;19;19;24;24;96;101;129;134;192;197;404;409;452;457;471;476;505;510;673;678;755;760;779;784;933;938;1169;1174;1241;1246;1299;1304;1414;1419;2107;2112;2127;2131;2131;2136;2136;2141;2141;2146;2156;2160;2459;2459;2449;2444;2415;2411;2175;2170;2136;2131;2107;2103;2059;2054;1799;1795;1756;1751;1742;1737;1708;1703;1410;1405;1174;1169;1020;1015;933;928
1699060118097329.gadget2d_resized_512x512.png;class_0;1.0;polygon;y values;23;29;1259;1262;1265;1265;1268;1268;1271;1271;1274;1274;1277;1277;1280;1280;1283;1283;1286;1286;1289;1289;1291;1291;1294;1294;1297;1297;1300;1300;1303;1303;1306;1306;1309;1309;1312;1312;1315;1318;1321;1324;1327;1350;1353;1353;1356;1356;64;64;61;61;58;58;55;55;52;52;49;49;46;46;43;43;41;41;38;38;35;35;32;32;29;29;26;26;23
1697982580430626.gadget2d_resized_512x512.png;class_0;1.0;polygon;x values;24;19;19;24;24;48;52;91;96;134;139;293;298;336;341;356;360;394;399;539;543;587;591;611;616;668;673;827;832;895;899;933;938;1001;1005;1198;1203;1280;1284;1323;1328;1424;1429;1689;1694;2040;2045;2112;2117;2459;2459;2420;2415;2377;2372;2362;2358;2329;2324;2103;2098;2054;2050;2026;2021;1982;1977;1785;1780;1746;1742;1727;1722;1694;1689;1453;1448;1333;1328;1299;1294;1227;1222
1697982580430626.gadget2d_resized_512x512.png;class_0;1.0;polygon;y values;70;73;1306;1309;1312;1312;1315;1315;1318;1318;1321;1321;1324;1324;1327;1327;1330;1330;1333;1333;1335;1335;1338;1338;1341;1341;1344;1344;1347;1347;1350;1350;1353;1353;1356;1356;1359;1359;1362;1362;1365;1365;1368;1368;1371;1371;1374;1374;1376;1376;117;117;114;114;111;111;108;108;105;105;102;102;99;99;96;96;93;93;90;90;87;87;84;84;82;82;79;79;76;76;73;73;70
1697603659294110.gadget2d_resized_512x512.png;class_0;1.0;polygon;x values;28;19;19;24;24;28;96;101;255;259;317;322;341;346;389;394;519;524;572;577;601;606;659;664;774;779;856;861;924;928;996;1001;1150;1155;1227;1232;1270;1275;1328;1333;1963;1968;2213;2218;2459;2459;2439;2435;2218;2213;2180;2175;2160;2156;2107;2103;1891;1886;1857;1852;1833;1828;1795;1790;1583;1578;1453;1448;1400;1395;1299;1294;741;736;587;582;558;553;481;476
1697603659294110.gadget2d_resized_512x512.png;class_0;1.0;polygon;y values;82;87;1333;1335;1338;1341;1341;1344;1344;1347;1347;1350;1350;1353;1353;1356;1356;1359;1359;1362;1362;1365;1365;1368;1368;1371;1371;1374;1374;1376;1376;1379;1379;1382;1382;1385;1385;1388;1388;1391;1391;1394;1394;1397;1397;131;131;128;128;125;125;123;123;120;120;117;117;114;114;111;111;108;108;105;105;102;102;99;99;96;96;93;93;90;90;87;87;84;84;82
1697950425743593.gadget2d_resized_512x512.png;class_0;1.0;polygon;x values;24;19;19;24;24;91;96;149;154;202;206;327;332;380;385;409;413;452;457;678;683;736;741;755;760;784;789;861;866;957;962;996;1001;1058;1063;1188;1193;1251;1256;1289;1294;1337;1342;1876;1881;2257;2261;2353;2358;2459;2459;2430;2425;2242;2237;2170;2165;2141;2136;2093;2088;1862;1857;1775;1771;1742;1737;1708;1703;1655;1650;1400;1395;1328;1323;1260;1256;866;861;798;794;779;774;745;741
1697950425743593.gadget2d_resized_512x512.png;class_0;1.0;polygon;y values;82;84;1330;1333;1335;1335;1338;1338;1341;1341;1344;1344;1347;1347;1350;1350;1353;1353;1356;1356;1359;1359;1362;1362;1365;1365;1368;1368;1371;1371;1374;1374;1376;1376;1379;1379;1382;1382;1385;1385;1388;1388;1391;1391;1394;1394;1397;1397;1400;1400;131;131;128;128;125;125;123;123;120;120;117;117;114;114;111;111;108;108;105;105;102;102;99;99;96;96;93;93;90;90;87;87;84;84;82
1698291826000720.gadget2d_resized_512x512.png;class_0;1.0;polygon;x values;24;19;19;28;81;86;110;115;163;168;293;298;346;351;365;370;413;418;524;529;601;606;640;644;688;693;770;774;832;837;866;871;938;943;1121;1126;1169;1174;1207;1212;1294;1299;1568;1573;1674;1679;1876;1881;2103;2107;2459;2459;2406;2401;2372;2367;2319;2314;2112;2107;2088;2083;2069;2064;2040;2035;1790;1785;1732;1727;1708;1703;1665;1660;1482;1477;1419;1414;1390;1386;1328;1323
1698291826000720.gadget2d_resized_512x512.png;class_0;1.0;polygon;y values;105;108;1330;1335;1335;1338;1338;1341;1341;1344;1344;1347;1347;1350;1350;1353;1353;1356;1356;1359;1359;1362;1362;1365;1365;1368;1368;1371;1371;1374;1374;1376;1376;1379;1379;1382;1382;1385;1385;1388;1388;1391;1391;1394;1394;1397;1397;1400;1400;1403;1403;149;149;146;146;143;143;140;140;137;137;134;134;131;131;128;128;125;125;123;123;120;120;117;117;114;114;111;111;108;108;105
1700296403435369.gadget2d_resized_512x512.png;class_0;1.0;polygon;x values;1597;1592;1515;1511;1472;1467;1371;1366;1005;1001;938;933;909;904;861;856;563;558;524;519;505;500;466;462;255;250;202;197;173;168;125;120;0;0;678;683;779;784;919;924;1126;1130;1390;1395;1472;1477;1511;1515;1583;1588;1809;1814;1867;1872;1896;1900;1953;1958;2103;2107;2165;2170;2189;2194;2237;2242;2401;2406;2459;2459
1700296403435369.gadget2d_resized_512x512.png;class_0;1.0;polygon;y values;175;178;178;181;181;184;184;187;187;190;190;193;193;196;196;199;199;202;202;205;205;208;208;210;210;213;213;216;216;219;219;222;222;1297;1297;1294;1294;1291;1291;1289;1289;1286;1286;1283;1283;1280;1280;1277;1277;1274;1274;1271;1271;1268;1268;1265;1265;1262;1262;1259;1259;1256;1256;1253;1253;1250;1250;1248;1248;175
1698176043571192.gadget2d_resized_512x512.png;class_0;1.0;polygon;x values;24;19;19;24;125;129;187;192;216;221;264;269;404;409;447;452;471;476;510;514;630;635;688;693;717;721;779;784;1005;1010;1058;1063;1087;1092;1145;1150;1347;1352;1463;1467;1535;1540;1641;1645;2459;2459;2281;2276;2242;2237;2223;2218;2189;2184;1934;1929;1876;1872;1852;1848;1809;1804;1645;1641;1597;1592;1573;1568;1540;1535;1126;1121;1015;1010;938;933;856;851
1698176043571192.gadget2d_resized_512x512.png;class_0;1.0;polygon;y values;93;96;1330;1333;1333;1335;1335;1338;1338;1341;1341;1344;1344;1347;1347;1350;1350;1353;1353;1356;1356;1359;1359;1362;1362;1365;1365;1368;1368;1371;1371;1374;1374;1376;1376;1379;1379;1382;1382;1385;1385;1388;1388;1391;1391;140;140;137;137;134;134;131;131;128;128;125;125;123;123;120;120;117;117;114;114;111;111;108;108;105;105;102;102;99;99;96;96;93
1698306212311853.gadget2d_resized_512x512.png;class_0;1.0;polygon;x values;24;19;19;28;81;86;110;115;154;158;312;317;356;360;375;380;433;437;582;587;630;635;668;673;731;736;933;938;1010;1015;1063;1068;1130;1135;1361;1366;1482;1487;1540;1544;1626;1631;2367;2372;2459;2459;2449;2444;2233;2228;2189;2184;2170;2165;2127;2122;1929;1925;1896;1891;1872;1867;1823;1819;1578;1573;1491;1487;1448;1443;1333;1328
1698306212311853.gadget2d_resized_512x512.png;class_0;1.0;polygon;y values;70;73;1306;1312;1312;1315;1315;1318;1318;1321;1321;1324;1324;1327;1327;1330;1330;1333;1333;1335;1335;1338;1338;1341;1341;1344;1344;1347;1347;1350;1350;1353;1353;1356;1356;1359;1359;1362;1362;1365;1365;1368;1368;1371;1371;108;108;105;105;102;102;99;99;96;96;93;93;90;90;87;87;84;84;82;82;79;79;76;76;73;73;70
1698288980938945.gadget2d_resized_512x512.png;class_0;1.0;polygon;x values;24;19;19;28;96;101;129;134;173;178;360;365;423;428;447;452;500;505;616;620;664;668;683;688;726;731;996;1001;1092;1097;1130;1135;1193;1198;1328;1333;1438;1443;1496;1501;1564;1568;2459;2459;2444;2439;2213;2208;2180;2175;2165;2160;2131;2127;1876;1872;1833;1828;1814;1809;1766;1761;1559;1554;1515;1511;1491;1487;1443;1438
1698288980938945.gadget2d_resized_512x512.png;class_0;1.0;polygon;y values;82;84;1318;1324;1324;1327;1327;1330;1330;1333;1333;1335;1335;1338;1338;1341;1341;1344;1344;1347;1347;1350;1350;1353;1353;1356;1356;1359;1359;1362;1362;1365;1365;1368;1368;1371;1371;1374;1374;1376;1376;1379;1379;120;120;117;117;114;114;111;111;108;108;105;105;102;102;99;99;96;96;93;93;90;90;87;87;84;84;82
1699820266321038.gadget2d_resized_512x512.png;class_0;1.0;polygon;x values;24;19;19;24;24;101;105;154;158;178;182;274;279;423;428;471;476;495;500;534;539;649;654;702;707;731;736;784;789;1053;1058;1102;1106;1130;1135;1169;1174;1496;1501;1626;1631;1674;1679;1795;1799;2459;2459;2449;2444;2242;2237;2208;2204;2189;2184;2160;2156;1876;1872;1833;1828;1809;1804;1761;1756;1564;1559;1501;1496;1472;1467;1410;1405
1699820266321038.gadget2d_resized_512x512.png;class_0;1.0;polygon;y values;105;108;1338;1341;1344;1344;1347;1347;1350;1350;1353;1353;1356;1356;1359;1359;1362;1362;1365;1365;1368;1368;1371;1371;1374;1374;1376;1376;1379;1379;1382;1382;1385;1385;1388;1388;1391;1391;1394;1394;1397;1397;1400;1400;1403;1403;143;143;140;140;137;137;134;134;131;131;128;128;125;125;123;123;120;120;117;117;114;114;111;111;108;108;105
1700416080661156.gadget2d_resized_512x512.png;class_0;1.0;polygon;x values;24;19;19;24;24;86;91;125;129;168;173;288;293;346;351;370;375;413;418;587;591;659;664;693;697;731;736;808;813;914;919;952;957;1015;1020;1164;1169;1217;1222;1256;1260;1323;1328;1684;1689;2103;2107;2170;2175;2295;2300;2459;2459;2415;2411;2319;2314;2141;2136;2103;2098;2088;2083;2054;2050;1833;1828;1790;1785;1761;1756;1708;1703;1525;1520;1429;1424;1376;1371;1284;1280;895;890;779;774;750;745;611;606;582;577;543;539
1700416080661156.gadget2d_resized_512x512.png;class_0;1.0;polygon;y values;93;96;1330;1333;1335;1335;1338;1338;1341;1341;1344;1344;1347;1347;1350;1350;1353;1353;1356;1356;1359;1359;1362;1362;1365;1365;1368;1368;1371;1371;1374;1374;1376;1376;1379;1379;1382;1382;1385;1385;1388;1388;1391;1391;1394;1394;1397;1397;1400;1400;1403;1403;146;146;143;143;140;140;137;137;134;134;131;131;128;128;125;125;123;123;120;120;117;117;114;114;111;111;108;108;105;105;102;102;99;99;96;96;93;93;96;96;93
1700010427569766.gadget2d_resized_512x512.png;class_0;1.0;polygon;x values;899;895;832;827;755;750;741;736;731;721;717;712;707;702;697;693;683;678;668;664;428;423;389;385;370;365;336;332;28;19;19;28;264;269;332;336;433;437;500;505;688;693;1251;1256;1366;1371;1434;1438;1515;1520;1674;1679;1742;1746;1790;1795;1881;1886;2050;2054;2127;2131;2156;2160;2199;2204;2343;2348;2401;2406;2459;2459;2377;2372;2271;2266;1549;1544;1419;1414;1361;1357;1270;1265;1097;1092;1068;1063;1058;1049;1044;1039;1034;1029;1020;1015
1700010427569766.gadget2d_resized_512x512.png;class_0;1.0;polygon;y values;284;287;287;290;290;292;292;295;295;301;301;304;304;307;307;310;310;313;313;316;316;319;319;322;322;325;325;328;328;333;1400;1406;1406;1403;1403;1406;1406;1409;1409;1406;1406;1403;1403;1400;1400;1397;1397;1394;1394;1391;1391;1388;1388;1385;1385;1382;1382;1379;1379;1376;1376;1374;1374;1371;1371;1368;1368;1365;1365;1362;1362;287;287;290;290;292;292;295;295;298;298;301;301;304;304;301;301;298;298;292;292;290;290;287;287;284
1699810822240962.gadget2d_resized_512x512.png;class_0;1.0;polygon;x values;1429;1424;1289;1284;1256;1251;1207;1203;933;928;895;890;871;866;827;822;476;471;437;433;418;413;389;385;173;168;134;129;110;105;52;48;24;19;19;28;57;62;914;919;1025;1029;1174;1179;1294;1299;1414;1419;1515;1520;1564;1568;1621;1626;1713;1718;1761;1766;1795;1799;2021;2026;2175;2180;2218;2223;2257;2261;2314;2319;2459;2459
1699810822240962.gadget2d_resized_512x512.png;class_0;1.0;polygon;y values;210;213;213;216;216;219;219;222;222;225;225;228;228;231;231;234;234;237;237;240;240;243;243;246;246;249;249;251;251;254;254;257;257;260;1318;1324;1324;1321;1321;1318;1318;1315;1315;1312;1312;1309;1309;1306;1306;1303;1303;1300;1300;1297;1297;1294;1294;1291;1291;1289;1289;1286;1286;1283;1283;1280;1280;1277;1277;1274;1274;210
1700073618663390.gadget2d_resized_512x512.png;class_0;1.0;polygon;x values;24;19;19;28;187;192;255;259;288;293;336;341;476;481;553;558;591;596;640;644;741;745;779;784;808;813;871;875;1049;1053;1126;1130;1159;1164;1212;1217;1371;1376;1501;1506;1588;1592;1920;1925;2459;2459;2271;2266;2228;2223;2213;2208;2184;2180;1949;1944;1905;1900;1881;1876;1828;1823;1607;1602;1549;1544;1515;1511;1458;1453;1135;1130;1039;1034;996;991;774;770
1700073618663390.gadget2d_resized_512x512.png;class_0;1.0;polygon;y values;93;96;1338;1344;1344;1347;1347;1350;1350;1353;1353;1356;1356;1359;1359;1362;1362;1365;1365;1368;1368;1371;1371;1374;1374;1376;1376;1379;1379;1382;1382;1385;1385;1388;1388;1391;1391;1394;1394;1397;1397;1400;1400;1403;1403;140;140;137;137;134;134;131;131;128;128;125;125;123;123;120;120;117;117;114;114;111;111;108;108;105;105;102;102;99;99;96;96;93
1700064392469166.gadget2d_resized_512x512.png;class_0;1.0;polygon;x values;24;19;19;28;120;125;158;163;211;216;322;327;389;394;418;423;476;481;664;668;712;717;736;741;770;774;933;938;1015;1020;1049;1053;1097;1102;1174;1179;1280;1284;1371;1376;1472;1477;2117;2122;2358;2362;2459;2459;2439;2435;2377;2372;2353;2348;2319;2314;2107;2103;2064;2059;2035;2030;1992;1987;1780;1775;1718;1713;1703;1698;1669;1665;1443;1438;1289;1284;1236;1232;1169;1164
1700064392469166.gadget2d_resized_512x512.png;class_0;1.0;polygon;y values;93;96;1330;1335;1335;1338;1338;1341;1341;1344;1344;1347;1347;1350;1350;1353;1353;1356;1356;1359;1359;1362;1362;1365;1365;1368;1368;1371;1371;1374;1374;1376;1376;1379;1379;1382;1382;1385;1385;1388;1388;1391;1391;1394;1394;1397;1397;140;140;137;137;134;134;131;131;128;128;125;125;123;123;120;120;117;117;114;114;111;111;108;108;105;105;102;102;99;99;96;96;93
1697976768305664.gadget2d_resized_512x512.png;class_0;1.0;polygon;x values;24;19;19;24;24;52;57;91;96;134;139;288;293;351;356;380;385;437;442;553;558;601;606;630;635;673;678;827;832;924;928;972;976;1058;1063;1164;1169;1236;1241;1270;1275;1323;1328;1665;1669;2117;2122;2208;2213;2362;2367;2459;2459;2391;2387;2362;2358;2305;2300;2074;2069;2040;2035;2021;2016;1982;1977;1756;1751;1718;1713;1698;1694;1665;1660;1366;1361;1284;1280;1232;1227;1135;1130
1697976768305664.gadget2d_resized_512x512.png;class_0;1.0;polygon;y values;82;84;1318;1321;1324;1324;1327;1327;1330;1330;1333;1333;1335;1335;1338;1338;1341;1341;1344;1344;1347;1347;1350;1350;1353;1353;1356;1356;1359;1359;1362;1362;1365;1365;1368;1368;1371;1371;1374;1374;1376;1376;1379;1379;1382;1382;1385;1385;1388;1388;1391;1391;125;125;123;123;120;120;117;117;114;114;111;111;108;108;105;105;102;102;99;99;96;96;93;93;90;90;87;87;84;84;82
1699808689082545.gadget2d_resized_512x512.png;class_0;1.0;polygon;x values;24;19;19;24;129;134;187;192;211;216;259;264;409;413;447;452;476;481;514;519;673;678;731;736;755;760;813;818;1049;1053;1097;1102;1130;1135;1174;1179;1463;1467;1612;1617;1665;1669;1756;1761;2459;2459;2300;2295;2261;2257;2247;2242;2208;2204;1977;1973;1939;1934;1915;1910;1872;1867;1689;1684;1607;1602;1559;1554;1472;1467
1699808689082545.gadget2d_resized_512x512.png;class_0;1.0;polygon;y values;93;96;1330;1333;1333;1335;1335;1338;1338;1341;1341;1344;1344;1347;1347;1350;1350;1353;1353;1356;1356;1359;1359;1362;1362;1365;1365;1368;1368;1371;1371;1374;1374;1376;1376;1379;1379;1382;1382;1385;1385;1388;1388;1391;1391;128;128;125;125;123;123;120;120;117;117;114;114;111;111;108;108;105;105;102;102;99;99;96;96;93
1700326462752913.gadget2d_resized_512x512.png;class_0;1.0;polygon;x values;1592;1588;1501;1496;1443;1438;1361;1357;991;986;943;938;919;914;875;871;630;625;572;567;543;539;490;486;298;293;250;245;221;216;168;163;0;0;9;14;712;717;866;871;1082;1087;1251;1256;1419;1424;1501;1506;1535;1540;1578;1583;1756;1761;1823;1828;1862;1867;1958;1963;2074;2079;2146;2151;2184;2189;2233;2237;2382;2387;2459;2459
1700326462752913.gadget2d_resized_512x512.png;class_0;1.0;polygon;y values;175;178;178;181;181;184;184;187;187;190;190;193;193;196;196;199;199;202;202;205;205;208;208;210;210;213;213;216;216;219;219;222;222;1300;1300;1297;1297;1294;1294;1291;1291;1289;1289;1286;1286;1283;1283;1280;1280;1277;1277;1274;1274;1271;1271;1268;1268;1265;1265;1262;1262;1259;1259;1256;1256;1253;1253;1250;1250;1248;1248;175
1698269076501555.gadget2d_resized_512x512.png;class_0;1.0;polygon;x values;24;19;19;24;96;101;168;173;197;202;250;255;360;365;404;409;433;437;481;486;630;635;683;688;712;717;755;760;919;924;986;991;1020;1025;1078;1082;1212;1217;1318;1323;1371;1376;1472;1477;2170;2175;2324;2329;2459;2459;2449;2444;2435;2430;2411;2406;2160;2156;2127;2122;2103;2098;2064;2059;1819;1814;1775;1771;1756;1751;1727;1722;1564;1559;1414;1410;1357;1352;1284;1280
1698269076501555.gadget2d_resized_512x512.png;class_0;1.0;polygon;y values;93;96;1330;1333;1333;1335;1335;1338;1338;1341;1341;1344;1344;1347;1347;1350;1350;1353;1353;1356;1356;1359;1359;1362;1362;1365;1365;1368;1368;1371;1371;1374;1374;1376;1376;1379;1379;1382;1382;1385;1385;1388;1388;1391;1391;1394;1394;1397;1397;137;137;134;134;131;131;128;128;125;125;123;123;120;120;117;117;114;114;111;111;108;108;105;105;102;102;99;99;96;96;93
1698224626584130.gadget2d_resized_512x512.png;class_0;1.0;polygon;x values;24;19;19;24;96;101;158;163;187;192;245;250;370;375;418;423;442;447;495;500;644;649;707;712;736;741;789;794;1015;1020;1078;1082;1111;1116;1164;1169;1386;1390;1535;1540;1597;1602;1775;1780;2459;2459;2285;2281;2252;2247;2233;2228;2204;2199;1977;1973;1939;1934;1915;1910;1872;1867;1669;1665;1617;1612;1592;1588;1549;1544;1102;1097;1020;1015;976;972;861;856
1698224626584130.gadget2d_resized_512x512.png;class_0;1.0;polygon;y values;93;96;1330;1333;1333;1335;1335;1338;1338;1341;1341;1344;1344;1347;1347;1350;1350;1353;1353;1356;1356;1359;1359;1362;1362;1365;1365;1368;1368;1371;1371;1374;1374;1376;1376;1379;1379;1382;1382;1385;1385;1388;1388;1391;1391;140;140;137;137;134;134;131;131;128;128;125;125;123;123;120;120;117;117;114;114;111;111;108;108;105;105;102;102;99;99;96;96;93
1700293474856228.gadget2d_resized_512x512.png;class_0;1.0;polygon;x values;24;19;19;28;216;221;322;327;356;360;404;409;606;611;668;673;702;707;750;755;928;933;1015;1020;1053;1058;1116;1121;1260;1265;1381;1386;1511;1515;1631;1636;1949;1953;1992;1997;2459;2459;2257;2252;2208;2204;2184;2180;2151;2146;1905;1900;1867;1862;1843;1838;1819;1814;1718;1713;1674;1669;1621;1617;1487;1482
1700293474856228.gadget2d_resized_512x512.png;class_0;1.0;polygon;y values;23;26;1268;1274;1274;1277;1277;1280;1280;1283;1283;1286;1286;1289;1289;1291;1291;1294;1294;1297;1297;1300;1300;1303;1303;1306;1306;1309;1309;1312;1312;1315;1315;1318;1318;1321;1321;1318;1318;1321;1321;58;58;55;55;52;52;49;49;46;46;43;43;41;41;38;38;35;35;32;32;29;29;26;26;23
1697981907415720.gadget2d_resized_512x512.png;class_0;1.0;polygon;x values;24;19;19;24;24;28;96;101;274;279;322;327;351;356;409;413;563;567;625;630;654;659;702;707;866;871;962;967;1005;1010;1073;1078;1227;1232;1304;1309;1386;1390;1540;1544;2459;2459;2435;2430;2208;2204;2170;2165;2141;2136;2098;2093;1867;1862;1823;1819;1790;1785;1751;1746;1564;1559;1448;1443;1371;1366;1256;1251
1697981907415720.gadget2d_resized_512x512.png;class_0;1.0;polygon;y values;93;96;1333;1335;1338;1341;1341;1344;1344;1347;1347;1350;1350;1353;1353;1356;1356;1359;1359;1362;1362;1365;1365;1368;1368;1371;1371;1374;1374;1376;1376;1379;1379;1382;1382;1385;1385;1388;1388;1391;1391;131;131;128;128;125;125;123;123;120;120;117;117;114;114;111;111;108;108;105;105;102;102;99;99;96;96;93
1699969073110911.gadget2d_resized_512x512.png;class_0;1.0;polygon;x values;866;861;755;750;741;736;731;726;726;721;721;707;702;697;548;543;514;510;490;486;452;447;240;235;178;173;154;149;101;96;24;19;19;28;409;413;481;486;779;784;1034;1039;1198;1203;1352;1357;1568;1573;1612;1617;1641;1645;1708;1713;1891;1896;1934;1939;1953;1958;1982;1987;2223;2228;2257;2261;2281;2285;2353;2358;2459;2459;2021;2016;1982;1977;1910;1905;1857;1852;1799;1795;1713;1708;1655;1650;1554;1549;1082;1078;1063;1039;1034;1029
1699969073110911.gadget2d_resized_512x512.png;class_0;1.0;polygon;y values;284;287;287;290;290;292;292;295;298;301;304;313;313;316;316;319;319;322;322;325;325;328;328;331;331;333;333;336;336;339;339;342;1409;1415;1415;1412;1412;1415;1415;1412;1412;1409;1409;1406;1406;1403;1403;1400;1400;1397;1397;1394;1394;1391;1391;1388;1388;1385;1385;1382;1382;1379;1379;1376;1376;1374;1374;1371;1371;1368;1368;292;292;295;295;298;298;295;295;292;292;295;295;298;298;301;301;304;304;301;301;287;287;284
1700109340396760.gadget2d_resized_512x512.png;class_0;1.0;polygon;x values;24;19;19;24;72;77;158;163;197;202;255;259;394;399;462;466;500;505;587;591;707;712;745;750;765;770;808;813;1058;1063;1116;1121;1150;1155;1222;1227;1347;1352;1487;1491;1568;1573;1843;1848;2367;2372;2401;2406;2459;2459;2343;2338;2285;2281;2252;2247;2213;2208;1977;1973;1929;1925;1910;1905;1867;1862;1665;1660;1583;1578;1549;1544;1463;1458;1034;1029;948;943;842;837;770;765
1700109340396760.gadget2d_resized_512x512.png;class_0;1.0;polygon;y values;82;84;1318;1321;1321;1324;1324;1327;1327;1330;1330;1333;1333;1335;1335;1338;1338;1341;1341;1344;1344;1347;1347;1350;1350;1353;1353;1356;1356;1359;1359;1362;1362;1365;1365;1368;1368;1371;1371;1374;1374;1376;1376;1379;1379;1382;1382;1379;1379;128;128;125;125;123;123;120;120;117;117;114;114;111;111;108;108;105;105;102;102;99;99;96;96;93;93;90;90;87;87;84;84;82
1700340263079103.gadget2d_resized_512x512.png;class_0;1.0;polygon;x values;28;19;19;24;24;28;101;105;264;269;356;360;389;394;442;447;664;668;702;707;717;721;755;760;1001;1005;1087;1092;1135;1140;1203;1207;1414;1419;1578;1583;1814;1819;1973;1977;2045;2050;2362;2367;2459;2459;2218;2213;2175;2170;2156;2151;2127;2122;1857;1852;1823;1819;1804;1799;1766;1761;1718;1713;1689;1684;1660;1655;1126;1121
1700340263079103.gadget2d_resized_512x512.png;class_0;1.0;polygon;y values;23;29;1274;1277;1280;1283;1283;1286;1286;1289;1289;1291;1291;1294;1294;1297;1297;1300;1300;1303;1303;1306;1306;1309;1309;1312;1312;1315;1315;1318;1318;1321;1321;1324;1324;1327;1327;1324;1324;1327;1327;1330;1330;1333;1333;58;58;55;55;52;52;49;49;46;46;43;43;41;41;38;38;35;35;32;32;29;29;26;26;23
1699838134557488.gadget2d_resized_512x512.png;class_0;1.0;polygon;x values;1665;1660;1501;1496;1434;1429;1337;1333;952;948;880;875;837;832;784;779;490;486;457;452;437;433;399;394;206;202;115;110;28;24;24;19;19;24;24;28;38;43;202;206;745;750;1251;1256;1352;1357;1424;1429;1549;1554;1645;1650;1684;1689;1713;1718;1780;1785;2069;2074;2107;2112;2136;2141;2184;2189;2324;2329;2362;2367;2391;2396;2459;2459
1699838134557488.gadget2d_resized_512x512.png;class_0;1.0;polygon;y values;199;202;202;205;205;208;208;210;210;213;213;216;216;219;219;222;222;225;225;228;228;231;231;234;234;237;237;240;240;243;246;249;1309;1312;1315;1318;1318;1315;1315;1312;1312;1309;1309;1306;1306;1303;1303;1300;1300;1297;1297;1294;1294;1291;1291;1289;1289;1286;1286;1283;1283;1280;1280;1277;1277;1274;1274;1271;1271;1268;1268;1265;1265;199
1699809144092278.gadget2d_resized_512x512.png;class_0;1.0;polygon;x values;24;19;19;24;28;33;211;216;255;259;279;283;327;332;457;462;500;505;519;524;553;558;721;726;789;794;827;832;904;909;1111;1116;1164;1169;1203;1207;1256;1260;1607;1612;1814;1819;1872;1876;2276;2281;2459;2459;2449;2444;2247;2242;2213;2208;2189;2184;2141;2136;1915;1910;1881;1876;1867;1862;1828;1823;1645;1641;1554;1549;1438;1434;1342;1337
1699809144092278.gadget2d_resized_512x512.png;class_0;1.0;polygon;y values;93;96;1327;1330;1330;1333;1333;1335;1335;1338;1338;1341;1341;1344;1344;1347;1347;1350;1350;1353;1353;1356;1356;1359;1359;1362;1362;1365;1365;1368;1368;1371;1371;1374;1374;1376;1376;1379;1379;1382;1382;1385;1385;1388;1388;1391;1391;131;131;128;128;125;125;123;123;120;120;117;117;114;114;111;111;108;108;105;105;102;102;99;99;96;96;93
1697838803406429.gadget2d_resized_512x512.png;class_0;1.0;polygon;x values;28;24;24;19;19;28;120;125;158;163;206;211;322;327;394;399;428;433;500;505;678;683;736;741;755;760;784;789;885;890;996;1001;1039;1044;1092;1097;1188;1193;1260;1265;1309;1313;1458;1463;2054;2059;2459;2459;2358;2353;2319;2314;2257;2252;2088;2083;2026;2021;1992;1987;1915;1910;1713;1708;1679;1674;1665;1660;1641;1636;1621;1617;1568;1564;1386;1381;1217;1212;1179;1174;1111;1106;755;750;553;548;466;462;231;226;101;96
1697838803406429.gadget2d_resized_512x512.png;class_0;1.0;polygon;y values;96;99;102;105;1330;1335;1335;1338;1338;1341;1341;1344;1344;1347;1347;1350;1350;1353;1353;1356;1356;1359;1359;1362;1362;1365;1365;1368;1368;1371;1371;1374;1374;1376;1376;1379;1379;1382;1382;1385;1385;1388;1388;1391;1391;1394;1394;149;149;146;146;143;143;140;140;137;137;134;134;131;131;128;128;125;125;123;123;120;120;117;117;114;114;111;111;114;114;111;111;108;108;105;105;102;102;105;105;102;102;99;99;96
1698253602205389.gadget2d_resized_512x512.png;class_0;1.0;polygon;x values;24;19;19;24;72;77;139;144;173;178;231;235;389;394;452;457;481;486;572;577;736;741;779;784;798;803;909;914;1102;1106;1159;1164;1227;1232;1289;1294;1511;1515;1665;1669;1804;1809;2016;2021;2459;2459;2242;2237;2208;2204;2189;2184;2156;2151;1905;1900;1862;1857;1833;1828;1790;1785;1592;1588;1544;1540;1520;1515;1472;1467
1698253602205389.gadget2d_resized_512x512.png;class_0;1.0;polygon;y values;82;84;1318;1321;1321;1324;1324;1327;1327;1330;1330;1333;1333;1335;1335;1338;1338;1341;1341;1344;1344;1347;1347;1350;1350;1353;1353;1356;1356;1359;1359;1362;1362;1365;1365;1368;1368;1371;1371;1374;1374;1376;1376;1379;1379;117;117;114;114;111;111;108;108;105;105;102;102;99;99;96;96;93;93;90;90;87;87;84;84;82
1698162696295510.gadget2d_resized_512x512.png;class_0;1.0;polygon;x values;24;19;19;24;86;91;149;154;173;178;221;226;389;394;442;447;471;476;514;519;630;635;673;678;697;702;731;736;1005;1010;1078;1082;1121;1126;1164;1169;1323;1328;1414;1419;1472;1477;1554;1559;2358;2362;2459;2459;2454;2449;2396;2391;2141;2136;2112;2107;2093;2088;2059;2054;1799;1795;1761;1756;1742;1737;1703;1698;1467;1463;1405;1400;1371;1366;1299;1294
1698162696295510.gadget2d_resized_512x512.png;class_0;1.0;polygon;y values;82;84;1318;1321;1321;1324;1324;1327;1327;1330;1330;1333;1333;1335;1335;1338;1338;1341;1341;1344;1344;1347;1347;1350;1350;1353;1353;1356;1356;1359;1359;1362;1362;1365;1365;1368;1368;1371;1371;1374;1374;1376;1376;1379;1379;1382;1382;123;123;120;120;117;117;114;114;111;111;108;108;105;105;102;102;99;99;96;96;93;93;90;90;87;87;84;84;82
1699835990530203.gadget2d_resized_512x512.png;class_0;1.0;polygon;x values;1347;1342;1260;1256;1222;1217;1164;1159;789;784;745;741;721;717;678;673;409;404;375;370;351;346;288;283;24;19;0;0;9;14;91;96;394;399;428;433;750;755;1323;1328;1405;1410;1463;1467;1544;1549;1665;1669;1689;1694;1703;1708;1732;1737;1795;1799;1881;1886;1896;1900;2083;2088;2117;2122;2199;2204;2305;2310;2329;2334;2353;2358;2459;2459
1699835990530203.gadget2d_resized_512x512.png;class_0;1.0;polygon;y values;222;225;225;228;228;231;231;234;234;237;237;240;240;243;243;246;246;249;249;251;251;254;254;257;257;260;260;1330;1330;1327;1327;1324;1324;1327;1327;1324;1324;1321;1321;1318;1318;1315;1315;1312;1312;1309;1309;1306;1306;1303;1303;1300;1300;1297;1297;1294;1294;1291;1291;1294;1294;1291;1291;1289;1289;1286;1286;1283;1283;1280;1280;1277;1277;222
1700363628152537.gadget2d_resized_512x512.png;class_0;1.0;polygon;x values;1631;1626;1520;1515;1434;1429;1309;1304;948;943;904;899;875;871;827;822;495;490;457;452;437;433;399;394;178;173;144;139;129;125;91;86;0;0;673;678;750;755;822;827;1053;1058;1352;1357;1434;1438;1482;1487;1554;1559;1771;1775;1828;1833;1862;1867;1934;1939;2093;2098;2141;2146;2170;2175;2228;2233;2425;2430;2459;2459
1700363628152537.gadget2d_resized_512x512.png;class_0;1.0;polygon;y values;164;166;166;169;169;172;172;175;175;178;178;181;181;184;184;187;187;190;190;193;193;196;196;199;199;202;202;205;205;208;208;210;210;1286;1286;1283;1283;1280;1280;1277;1277;1274;1274;1271;1271;1268;1268;1265;1265;1262;1262;1259;1259;1256;1256;1253;1253;1250;1250;1248;1248;1245;1245;1242;1242;1239;1239;1236;1236;164
1698351033598575.gadget2d_resized_512x512.png;class_0;1.0;polygon;x values;24;19;19;24;77;81;173;178;206;211;255;259;370;375;437;442;471;476;514;519;693;697;741;745;765;770;808;813;1015;1020;1092;1097;1126;1130;1164;1169;1284;1289;1371;1376;1443;1448;1540;1544;2242;2247;2459;2459;2285;2281;2233;2228;2213;2208;2170;2165;1973;1968;1934;1929;1910;1905;1872;1867;1689;1684;1573;1568;1515;1511;1448;1443;1029;1025;952;948;827;822;770;765
1698351033598575.gadget2d_resized_512x512.png;class_0;1.0;polygon;y values;82;84;1318;1321;1321;1324;1324;1327;1327;1330;1330;1333;1333;1335;1335;1338;1338;1341;1341;1344;1344;1347;1347;1350;1350;1353;1353;1356;1356;1359;1359;1362;1362;1365;1365;1368;1368;1371;1371;1374;1374;1376;1376;1379;1379;1382;1382;128;128;125;125;123;123;120;120;117;117;114;114;111;111;108;108;105;105;102;102;99;99;96;96;93;93;90;90;87;87;84;84;82
1698170235454603.gadget2d_resized_512x512.png;class_0;1.0;polygon;x values;24;19;19;24;24;28;62;67;216;221;274;279;298;303;356;360;481;486;524;529;548;553;587;591;750;755;818;822;885;890;981;986;1106;1111;1155;1159;1179;1183;1241;1246;1520;1525;1645;1650;1732;1737;2030;2035;2459;2459;2444;2439;2425;2420;2348;2343;2324;2319;2285;2281;2074;2069;2050;2045;2030;2026;1992;1987;1756;1751;1713;1708;1694;1689;1650;1645;1361;1357;1289;1284;1251;1246;1183;1179
1698170235454603.gadget2d_resized_512x512.png;class_0;1.0;polygon;y values;82;84;1321;1324;1327;1330;1330;1333;1333;1335;1335;1338;1338;1341;1341;1344;1344;1347;1347;1350;1350;1353;1353;1356;1356;1359;1359;1362;1362;1365;1365;1368;1368;1371;1371;1374;1374;1376;1376;1379;1379;1382;1382;1385;1385;1388;1388;1391;1391;125;125;128;128;125;125;123;123;120;120;117;117;114;114;111;111;108;108;105;105;102;102;99;99;96;96;93;93;90;90;87;87;84;84;82
1700399601452478.gadget2d_resized_512x512.png;class_0;1.0;polygon;x values;2026;2021;1872;1867;1780;1775;1631;1626;1179;1174;1126;1121;1073;1068;996;991;707;702;654;649;577;572;486;481;332;327;303;298;288;283;259;255;14;9;0;0;4;9;81;86;187;192;298;303;375;380;635;640;673;678;745;750;1183;1188;1323;1328;1376;1381;1511;1515;1771;1775;1828;1833;1862;1867;1934;1939;2103;2107;2156;2160;2180;2184;2237;2242;2444;2449;2459;2459
1700399601452478.gadget2d_resized_512x512.png;class_0;1.0;polygon;y values;164;166;166;169;169;172;172;175;175;178;178;181;181;184;184;187;187;190;190;193;193;196;196;199;199;202;202;205;205;208;208;210;210;213;213;1286;1286;1283;1283;1280;1280;1283;1283;1280;1280;1283;1283;1280;1280;1277;1277;1274;1274;1271;1271;1268;1268;1265;1265;1262;1262;1259;1259;1256;1256;1253;1253;1250;1250;1248;1248;1245;1245;1242;1242;1239;1239;1236;1236;164
1698231444731049.gadget2d_resized_512x512.png;class_0;1.0;polygon;x values;24;19;19;24;24;28;125;129;245;250;288;293;317;322;370;375;519;524;587;591;620;625;659;664;741;745;760;765;774;779;976;981;1150;1155;1217;1222;1256;1260;1323;1328;1679;1684;2098;2103;2208;2213;2266;2271;2305;2310;2459;2459;2435;2430;2180;2175;2146;2141;2131;2127;2098;2093;1833;1828;1785;1780;1756;1751;1698;1694;1472;1467;1400;1395;1366;1361;1309;1304
1698231444731049.gadget2d_resized_512x512.png;class_0;1.0;polygon;y values;105;108;1333;1335;1338;1341;1341;1344;1344;1347;1347;1350;1350;1353;1353;1356;1356;1359;1359;1362;1362;1365;1365;1368;1368;1371;1371;1374;1374;1376;1376;1379;1379;1382;1382;1385;1385;1388;1388;1391;1391;1394;1394;1397;1397;1400;1400;1397;1397;1400;1400;143;143;140;140;137;137;134;134;131;131;128;128;125;125;123;123;120;120;117;117;114;114;111;111;108;108;105
1698206758199184.gadget2d_resized_512x512.png;class_0;1.0;polygon;x values;24;19;19;24;77;81;149;154;178;182;235;240;365;370;409;413;437;442;486;490;630;635;688;693;717;721;765;770;981;986;1049;1053;1073;1078;1116;1121;1337;1342;1448;1453;1506;1511;1588;1592;2459;2459;2396;2391;2170;2165;2136;2131;2127;2122;2093;2088;1828;1823;1785;1780;1751;1746;1698;1694;1453;1448;1366;1361;1333;1328;1260;1256
1698206758199184.gadget2d_resized_512x512.png;class_0;1.0;polygon;y values;105;108;1330;1333;1333;1335;1335;1338;1338;1341;1341;1344;1344;1347;1347;1350;1350;1353;1353;1356;1356;1359;1359;1362;1362;1365;1365;1368;1368;1371;1371;1374;1374;1376;1376;1379;1379;1382;1382;1385;1385;1388;1388;1391;1391;143;143;140;140;137;137;134;134;131;131;128;128;125;125;123;123;120;120;117;117;114;114;111;111;108;108;105
1699043991743866.gadget2d_resized_512x512.png;class_0;1.0;polygon;x values;24;19;19;24;115;120;168;173;197;202;250;255;404;409;447;452;476;481;519;524;659;664;741;745;765;770;871;875;1092;1097;1155;1159;1183;1188;1260;1265;1458;1463;1559;1564;1636;1641;1963;1968;2459;2459;2348;2343;2319;2314;2295;2290;2266;2261;2040;2035;1987;1982;1944;1939;1881;1876;1674;1669;1631;1626;1607;1602;1588;1583;1102;1097;1005;1001;943;938;596;591
1699043991743866.gadget2d_resized_512x512.png;class_0;1.0;polygon;y values;70;73;1306;1309;1309;1312;1312;1315;1315;1318;1318;1321;1321;1324;1324;1327;1327;1330;1330;1333;1333;1335;1335;1338;1338;1341;1341;1344;1344;1347;1347;1350;1350;1353;1353;1356;1356;1359;1359;1362;1362;1365;1365;1368;1368;117;117;114;114;111;111;108;108;105;105;102;102;99;99;96;96;93;93;90;90;87;87;84;84;82;82;79;79;76;76;73;73;70
1700297770450168.gadget2d_resized_512x512.png;class_0;1.0;polygon;x values;1804;1799;1756;1751;1718;1713;1592;1588;1188;1183;1126;1121;1073;1068;991;986;712;707;673;668;649;644;601;596;375;370;308;303;288;283;235;231;19;14;0;0;4;9;52;57;385;389;514;519;957;962;1155;1159;1193;1198;1284;1289;1578;1583;1641;1645;1669;1674;1727;1732;1915;1920;1963;1968;1987;1992;2050;2054;2208;2213;2242;2247;2261;2266;2319;2324;2459;2459
1700297770450168.gadget2d_resized_512x512.png;class_0;1.0;polygon;y values;175;178;178;181;181;184;184;187;187;190;190;193;193;196;196;199;199;202;202;205;205;208;208;210;210;213;213;216;216;219;219;222;222;225;225;1303;1303;1300;1300;1297;1297;1300;1300;1297;1297;1294;1294;1291;1291;1289;1289;1286;1286;1283;1283;1280;1280;1277;1277;1274;1274;1271;1271;1268;1268;1265;1265;1262;1262;1259;1259;1256;1256;1253;1253;1250;1250;175
1698024702313525.gadget2d_resized_512x512.png;class_0;1.0;polygon;x values;24;19;19;28;72;77;96;101;139;144;293;298;351;356;370;375;428;433;548;553;591;596;616;620;654;659;837;842;933;938;976;981;1049;1053;1159;1164;1222;1227;1251;1256;1289;1294;1669;1674;1939;1944;2050;2054;2257;2261;2459;2459;2449;2444;2425;2420;2367;2362;2343;2338;2300;2295;2093;2088;2064;2059;2050;2045;2016;2011;1785;1780;1746;1742;1722;1718;1684;1679;1491;1487;1429;1424;1390;1386;1294;1289
1698024702313525.gadget2d_resized_512x512.png;class_0;1.0;polygon;y values;82;84;1318;1324;1324;1327;1327;1330;1330;1333;1333;1335;1335;1338;1338;1341;1341;1344;1344;1347;1347;1350;1350;1353;1353;1356;1356;1359;1359;1362;1362;1365;1365;1368;1368;1371;1371;1374;1374;1376;1376;1379;1379;1382;1382;1385;1385;1388;1388;1391;1391;125;125;128;128;125;125;123;123;120;120;117;117;114;114;111;111;108;108;105;105;102;102;99;99;96;96;93;93;90;90;87;87;84;84;82
1700399538449383.gadget2d_resized_512x512.png;class_0;1.0;polygon;x values;1227;1222;1174;1169;1150;1145;1087;1082;794;789;745;741;707;702;644;640;409;404;370;365;346;341;308;303;38;33;0;0;14;19;24;28;173;178;250;255;462;466;1025;1029;1169;1174;1256;1260;1342;1347;1477;1482;1540;1544;1573;1578;1617;1621;1698;1703;1742;1746;1862;1867;1929;1934;1963;1968;2011;2016;2074;2079;2199;2204;2237;2242;2319;2324;2459;2459
1700399538449383.gadget2d_resized_512x512.png;class_0;1.0;polygon;y values;175;178;178;181;181;184;184;187;187;190;190;193;193;196;196;199;199;202;202;205;205;208;208;210;210;213;213;1294;1294;1291;1291;1289;1289;1286;1286;1289;1289;1286;1286;1283;1283;1280;1280;1277;1277;1274;1274;1271;1271;1268;1268;1265;1265;1262;1262;1259;1259;1262;1262;1259;1259;1256;1256;1253;1253;1250;1250;1248;1248;1245;1245;1242;1242;1239;1239;175
1698157535176480.gadget2d_resized_512x512.png;class_0;1.0;polygon;x values;24;19;19;28;211;216;264;269;283;288;327;332;486;490;529;534;558;563;611;616;721;726;774;779;808;813;909;914;1145;1150;1212;1217;1275;1280;1357;1361;1684;1689;1780;1785;1977;1982;2247;2252;2459;2459;2372;2367;2353;2348;2310;2305;2093;2088;2059;2054;2045;2040;2006;2002;1751;1746;1708;1703;1679;1674;1626;1621;1333;1328;1251;1246;1212;1207;1126;1121
1698157535176480.gadget2d_resized_512x512.png;class_0;1.0;polygon;y values;82;84;1315;1321;1321;1324;1324;1327;1327;1330;1330;1333;1333;1335;1335;1338;1338;1341;1341;1344;1344;1347;1347;1350;1350;1353;1353;1356;1356;1359;1359;1362;1362;1365;1365;1368;1368;1371;1371;1368;1368;1371;1371;1374;1374;125;125;123;123;120;120;117;117;114;114;111;111;108;108;105;105;102;102;99;99;96;96;93;93;90;90;87;87;84;84;82
1699851603964493.gadget2d_resized_512x512.png;class_0;1.0;polygon;x values;24;19;19;24;24;158;163;211;216;240;245;279;283;404;409;466;471;486;490;519;524;683;688;745;750;779;784;837;842;1078;1082;1140;1145;1169;1174;1227;1232;1333;1337;1602;1607;1718;1722;1848;1852;1963;1968;2160;2165;2459;2459;2420;2415;2324;2319;2112;2107;2054;2050;2030;2026;1982;1977;1751;1746;1698;1694;1674;1669;1631;1626;1525;1520;1183;1179;1150;1145;1010;1005
1699851603964493.gadget2d_resized_512x512.png;class_0;1.0;polygon;y values;82;84;1327;1330;1333;1333;1335;1335;1338;1338;1341;1341;1344;1344;1347;1347;1350;1350;1353;1353;1356;1356;1359;1359;1362;1362;1365;1365;1368;1368;1371;1371;1374;1374;1376;1376;1379;1379;1382;1382;1385;1385;1388;1388;1391;1391;1388;1388;1391;1391;123;123;120;120;117;117;114;114;111;111;108;108;105;105;102;102;99;99;96;96;93;93;90;90;87;87;84;84;82
1700322071706613.gadget2d_resized_512x512.png;class_0;1.0;polygon;x values;1592;1588;1496;1491;1429;1424;1323;1318;1010;1005;948;943;914;909;856;851;587;582;539;534;514;510;476;471;279;274;226;221;202;197;154;149;0;0;4;9;490;495;789;794;861;866;1092;1097;1390;1395;1453;1458;1501;1506;1578;1583;1780;1785;1828;1833;1862;1867;1949;1953;2117;2122;2165;2170;2184;2189;2233;2237;2396;2401;2459;2459
1700322071706613.gadget2d_resized_512x512.png;class_0;1.0;polygon;y values;175;178;178;181;181;184;184;187;187;190;190;193;193;196;196;199;199;202;202;205;205;208;208;210;210;213;213;216;216;219;219;222;222;1300;1300;1297;1297;1294;1294;1291;1291;1289;1289;1286;1286;1283;1283;1280;1280;1277;1277;1274;1274;1271;1271;1268;1268;1265;1265;1262;1262;1259;1259;1256;1256;1253;1253;1250;1250;1248;1248;175
1698098238891794.gadget2d_resized_512x512.png;class_0;1.0;polygon;x values;24;19;19;28;211;216;255;259;283;288;336;341;500;505;567;572;596;601;635;640;789;794;856;861;885;890;1044;1049;1183;1188;1275;1280;1323;1328;1400;1405;1992;1997;2165;2170;2324;2329;2372;2377;2435;2439;2459;2459;2415;2411;2377;2372;2334;2329;2103;2098;2074;2069;2059;2054;2035;2030;1775;1771;1732;1727;1713;1708;1674;1669;1390;1386;1337;1333;1294;1289;1183;1179
1698098238891794.gadget2d_resized_512x512.png;class_0;1.0;polygon;y values;58;61;1303;1309;1309;1312;1312;1315;1315;1318;1318;1321;1321;1324;1324;1327;1327;1330;1330;1333;1333;1335;1335;1338;1338;1341;1341;1344;1344;1347;1347;1350;1350;1353;1353;1356;1356;1359;1359;1362;1362;1365;1365;1362;1362;1365;1365;102;102;99;99;96;96;93;93;90;90;87;87;84;84;82;82;79;79;76;76;73;73;70;70;67;67;64;64;61;61;58
1699808119071696.gadget2d_resized_512x512.png;class_0;1.0;polygon;x values;24;19;19;24;105;110;168;173;202;206;255;259;423;428;462;466;481;486;514;519;664;668;707;712;731;736;818;822;1049;1053;1126;1130;1164;1169;1217;1222;1588;1592;1872;1876;1958;1963;2324;2329;2459;2459;2401;2396;2348;2343;2324;2319;2285;2281;2064;2059;2030;2026;2011;2006;1949;1944;1727;1722;1674;1669;1631;1626;1549;1544
1699808119071696.gadget2d_resized_512x512.png;class_0;1.0;polygon;y values;93;96;1330;1333;1333;1335;1335;1338;1338;1341;1341;1344;1344;1347;1347;1350;1350;1353;1353;1356;1356;1359;1359;1362;1362;1365;1365;1368;1368;1371;1371;1374;1374;1376;1376;1379;1379;1382;1382;1385;1385;1388;1388;1391;1391;128;128;125;125;123;123;120;120;117;117;114;114;111;111;108;108;105;105;102;102;99;99;96;96;93
1698154044100682.gadget2d_resized_512x512.png;class_0;1.0;polygon;x values;24;19;19;24;62;67;129;134;154;158;202;206;365;370;413;418;437;442;481;486;630;635;688;693;712;717;755;760;1058;1063;1121;1126;1145;1150;1198;1203;1434;1438;1559;1564;1660;1665;1896;1900;2459;2459;2420;2415;2382;2377;2324;2319;2074;2069;2040;2035;2021;2016;1977;1973;1727;1722;1684;1679;1665;1660;1617;1612;1227;1222;1111;1106;1058;1053;976;972
1698154044100682.gadget2d_resized_512x512.png;class_0;1.0;polygon;y values;82;84;1318;1321;1321;1324;1324;1327;1327;1330;1330;1333;1333;1335;1335;1338;1338;1341;1341;1344;1344;1347;1347;1350;1350;1353;1353;1356;1356;1359;1359;1362;1362;1365;1365;1368;1368;1371;1371;1374;1374;1376;1376;1379;1379;125;125;123;123;120;120;117;117;114;114;111;111;108;108;105;105;102;102;99;99;96;96;93;93;90;90;87;87;84;84;82
1697978105333767.gadget2d_resized_512x512.png;class_0;1.0;polygon;x values;895;890;510;505;495;486;486;481;481;486;486;490;490;486;486;481;481;476;476;466;462;452;452;447;447;442;442;447;447;452;452;462;462;471;471;476;476;471;471;466;466;462;462;457;457;462;462;466;466;471;471;476;476;471;471;476;476;481;481;476;476;471;471;466;466;462;462;457;457;452;452;447;447;452;452;462;466;500;500;510;510;514;514;519;519;514;514;510;510;514;514;519;519;524;524;529;529;534;534;539;539;543;543;548;548;553;553;563;567;577;582;591;596;601;606;611;620;625;664;668;697;702;721;726;736;741;765;770;789;794;856;861;924;928;943;948;967;972;976;986;986;991;991;996;996;1001;1015;1020;1025;2117;2122;2218;2223;2266;2271;2367;2372;2459;2459;2449;2444;2069;2064;2026;2021;2002;1997;1925;1920;1453;1448
1697978105333767.gadget2d_resized_512x512.png;class_0;1.0;polygon;y values;125;128;128;131;131;137;140;143;155;158;169;172;213;216;219;222;225;228;231;237;237;243;246;249;266;269;386;389;395;398;401;407;410;416;421;424;448;451;454;457;459;462;471;474;506;509;518;521;527;530;539;541;588;591;600;603;612;615;641;644;653;656;662;665;670;673;685;688;741;744;758;761;834;837;843;849;849;870;873;878;881;884;911;914;981;984;1025;1028;1069;1072;1198;1201;1245;1248;1268;1271;1283;1286;1297;1300;1315;1318;1324;1327;1330;1333;1335;1341;1341;1335;1335;1330;1330;1327;1327;1330;1330;1333;1333;1330;1330;1333;1333;1335;1335;1338;1338;1335;1335;1333;1333;1335;1335;1338;1338;1341;1341;1344;1344;1350;1368;1371;1374;1376;1379;1379;1388;1388;1391;1391;1394;1394;1397;1397;1400;1400;1403;1403;143;143;140;140;137;137;134;134;131;131;128;128;125
1697609061409405.gadget2d_resized_512x512.png;class_0;1.0;polygon;x values;24;19;19;24;24;28;149;154;303;308;351;356;375;380;433;437;563;567;635;640;678;683;736;741;890;895;976;981;1015;1020;1073;1078;1246;1251;1328;1333;1429;1434;1578;1583;2459;2459;2449;2444;2420;2415;2184;2180;2141;2136;2122;2117;2074;2069;1780;1775;1737;1732;1713;1708;1684;1679;1400;1395;1294;1289;1246;1241;1092;1087
1697609061409405.gadget2d_resized_512x512.png;class_0;1.0;polygon;y values;93;96;1333;1335;1338;1341;1341;1344;1344;1347;1347;1350;1350;1353;1353;1356;1356;1359;1359;1362;1362;1365;1365;1368;1368;1371;1371;1374;1374;1376;1376;1379;1379;1382;1382;1385;1385;1388;1388;1391;1391;134;134;131;131;128;128;125;125;123;123;120;120;117;117;114;114;111;111;108;108;105;105;102;102;99;99;96;96;93
1697605544335731.gadget2d_resized_512x512.png;class_0;1.0;polygon;x values;24;19;19;28;101;105;129;134;168;173;327;332;389;394;409;413;462;466;620;625;664;668;688;693;721;726;875;880;943;948;1010;1015;1078;1082;1207;1212;1275;1280;1313;1318;1371;1376;1727;1732;2011;2016;2131;2136;2329;2334;2401;2406;2439;2444;2459;2459;2310;2305;2276;2271;2252;2247;2213;2208;1992;1987;1953;1949;1939;1934;1905;1900;1708;1703;1655;1650;1621;1617;1568;1564;1236;1232;1174;1169;1135;1130;1053;1049
1697605544335731.gadget2d_resized_512x512.png;class_0;1.0;polygon;y values;82;84;1318;1324;1324;1327;1327;1330;1330;1333;1333;1335;1335;1338;1338;1341;1341;1344;1344;1347;1347;1350;1350;1353;1353;1356;1356;1359;1359;1362;1362;1365;1365;1368;1368;1371;1371;1374;1374;1376;1376;1379;1379;1382;1382;1385;1385;1388;1388;1391;1391;1388;1388;1391;1391;128;128;125;125;123;123;120;120;117;117;114;114;111;111;108;108;105;105;102;102;99;99;96;96;93;93;90;90;87;87;84;84;82
1699813807186160.gadget2d_resized_512x512.png;class_0;1.0;polygon;x values;24;19;19;24;24;52;57;129;134;288;293;332;336;356;360;394;399;558;563;601;606;625;630;668;673;914;919;972;976;1001;1005;1063;1068;1289;1294;1366;1371;1434;1438;1535;1540;2372;2377;2459;2459;2444;2439;2420;2415;2204;2199;2156;2151;2122;2117;2069;2064;1867;1862;1823;1819;1790;1785;1742;1737;1578;1573;1400;1395;1328;1323;1260;1256
1699813807186160.gadget2d_resized_512x512.png;class_0;1.0;polygon;y values;93;96;1333;1335;1338;1338;1341;1341;1344;1344;1347;1347;1350;1350;1353;1353;1356;1356;1359;1359;1362;1362;1365;1365;1368;1368;1371;1371;1374;1374;1376;1376;1379;1379;1382;1382;1385;1385;1388;1388;1391;1391;1394;1394;134;134;131;131;128;128;125;125;123;123;120;120;117;117;114;114;111;111;108;108;105;105;102;102;99;99;96;96;93
1700331079809886.gadget2d_resized_512x512.png;class_0;1.0;polygon;x values;2146;2141;1953;1949;1872;1867;1775;1771;1299;1294;1217;1212;1155;1150;1053;1049;760;755;712;707;688;683;640;635;404;399;370;365;346;341;303;298;72;67;33;28;14;9;0;0;4;9;360;365;798;803;928;933;1159;1164;1410;1414;1477;1482;1511;1515;1583;1588;1761;1766;1823;1828;1857;1862;1934;1939;2098;2103;2160;2165;2180;2184;2233;2237;2401;2406;2459;2459
1700331079809886.gadget2d_resized_512x512.png;class_0;1.0;polygon;y values;175;178;178;181;181;184;184;187;187;190;190;193;193;196;196;199;199;202;202;205;205;208;208;210;210;213;213;216;216;219;219;222;222;225;225;228;228;231;231;1300;1300;1297;1297;1294;1294;1291;1291;1289;1289;1286;1286;1283;1283;1280;1280;1277;1277;1274;1274;1271;1271;1268;1268;1265;1265;1262;1262;1259;1259;1256;1256;1253;1253;1250;1250;1248;1248;175
1699793750038486.gadget2d_resized_512x512.png;class_0;1.0;polygon;x values;1506;1501;1405;1400;1366;1361;1294;1289;909;904;851;847;822;818;760;755;471;466;437;433;413;409;385;380;182;178;33;28;24;24;19;19;28;134;139;563;567;591;596;1164;1169;1280;1284;1328;1333;1438;1443;1621;1626;1665;1669;1689;1694;1742;1746;2021;2026;2079;2083;2107;2112;2165;2170;2305;2310;2343;2348;2372;2377;2459;2459
1699793750038486.gadget2d_resized_512x512.png;class_0;1.0;polygon;y values;199;202;202;205;205;208;208;210;210;213;213;216;216;219;219;222;222;225;225;228;228;231;231;234;234;237;237;240;240;243;246;1306;1312;1312;1309;1309;1312;1312;1309;1309;1306;1306;1303;1303;1300;1300;1297;1297;1294;1294;1291;1291;1289;1289;1286;1286;1283;1283;1280;1280;1277;1277;1274;1274;1271;1271;1268;1268;1265;1265;199
1699819002295053.gadget2d_resized_512x512.png;class_0;1.0;polygon;x values;24;19;19;24;24;57;62;226;231;283;288;308;312;346;351;495;500;529;534;548;553;587;591;803;808;890;895;933;938;1010;1015;1183;1188;1280;1284;1328;1333;1395;1400;2040;2045;2435;2439;2459;2459;2411;2406;2180;2175;2141;2136;2127;2122;2088;2083;1833;1828;1775;1771;1751;1746;1713;1708;1419;1414;1333;1328;1289;1284;1183;1179
1699819002295053.gadget2d_resized_512x512.png;class_0;1.0;polygon;y values;82;84;1321;1324;1330;1330;1333;1333;1335;1335;1338;1338;1341;1341;1344;1344;1347;1347;1350;1350;1353;1353;1356;1356;1359;1359;1362;1362;1365;1365;1368;1368;1371;1371;1374;1374;1376;1376;1379;1379;1382;1382;1385;1385;120;120;117;117;114;114;111;111;108;108;105;105;102;102;99;99;96;96;93;93;90;90;87;87;84;84;82
1697977736325481.gadget2d_resized_512x512.png;class_0;1.0;polygon;x values;24;19;19;28;197;202;240;245;269;274;346;351;471;476;519;524;548;553;596;601;717;721;770;774;818;822;938;943;1126;1130;1174;1179;1212;1217;1280;1284;1713;1718;1790;1795;2122;2127;2247;2252;2334;2338;2459;2459;2435;2430;2420;2415;2382;2377;2141;2136;2088;2083;2054;2050;2002;1997;1756;1751;1713;1708;1703;1698;1674;1669;1419;1414;1246;1241;1198;1193;1087;1082
1697977736325481.gadget2d_resized_512x512.png;class_0;1.0;polygon;y values;70;73;1338;1344;1344;1347;1347;1350;1350;1353;1353;1356;1356;1359;1359;1362;1362;1365;1365;1368;1368;1371;1371;1374;1374;1376;1376;1379;1379;1382;1382;1385;1385;1388;1388;1391;1391;1394;1394;1391;1391;1394;1394;1397;1397;1400;1400;114;114;111;111;108;108;105;105;102;102;99;99;96;96;93;93;90;90;87;87;84;84;82;82;79;79;76;76;73;73;70
1700023222716275.gadget2d_resized_512x512.png;class_0;1.0;polygon;x values;899;895;847;842;760;755;745;741;736;721;717;712;707;697;683;678;442;437;413;409;399;394;360;356;38;33;24;24;19;19;24;1078;1082;1222;1227;1284;1289;1405;1410;1592;1597;1660;1665;1694;1698;1766;1771;1973;1977;2016;2021;2083;2088;2151;2156;2281;2285;2334;2338;2377;2382;2459;2459;2088;2083;1977;1973;1621;1617;1559;1554;1515;1511;1405;1400;1078;1073;1058;1044;1039;1034;1029;1025;1020;1015
1700023222716275.gadget2d_resized_512x512.png;class_0;1.0;polygon;y values;284;287;287;290;290;292;292;295;295;304;304;307;307;313;313;316;316;319;319;322;322;325;325;328;328;331;331;333;336;1400;1403;1403;1400;1400;1397;1397;1394;1394;1391;1391;1388;1388;1385;1385;1382;1382;1379;1379;1376;1376;1374;1374;1371;1371;1368;1368;1365;1365;1362;1362;1359;1359;292;292;290;290;292;292;295;295;298;298;301;301;304;304;301;301;292;292;290;290;287;287;284
1700334637962718.gadget2d_resized_512x512.png;class_0;1.0;polygon;x values;24;19;19;28;158;163;192;197;250;255;394;399;447;452;486;490;591;596;741;745;779;784;803;808;851;856;1082;1087;1135;1140;1169;1174;1260;1265;1540;1544;2367;2372;2459;2459;2218;2213;2175;2170;2151;2146;2117;2112;1838;1833;1799;1795;1780;1775;1746;1742;1718;1713;1689;1684;1650;1645;1232;1227;1203;1198;1082;1078
1700334637962718.gadget2d_resized_512x512.png;class_0;1.0;polygon;y values;23;26;1271;1277;1277;1280;1280;1283;1283;1286;1286;1289;1289;1291;1291;1294;1294;1297;1297;1300;1300;1303;1303;1306;1306;1309;1309;1312;1312;1315;1315;1318;1318;1321;1321;1324;1324;1327;1327;58;58;55;55;52;52;49;49;46;46;43;43;41;41;38;38;35;35;32;32;29;29;26;26;29;29;26;26;23
1698128690548170.gadget2d_resized_512x512.png;class_0;1.0;polygon;x values;24;19;19;24;24;125;129;187;192;216;221;283;288;452;457;519;524;582;587;635;640;731;736;760;765;779;784;822;827;1087;1092;1135;1140;1164;1169;1260;1265;1395;1400;1597;1602;1674;1679;1900;1905;2459;2459;2314;2310;2285;2281;2266;2261;2237;2233;2016;2011;1968;1963;1939;1934;1896;1891;1703;1698;1669;1665;1650;1645;1626;1621;1251;1246;1068;1063;1025;1020;948;943
1698128690548170.gadget2d_resized_512x512.png;class_0;1.0;polygon;y values;70;73;1315;1318;1321;1321;1324;1324;1327;1327;1330;1330;1333;1333;1335;1335;1338;1338;1341;1341;1344;1344;1347;1347;1350;1350;1353;1353;1356;1356;1359;1359;1362;1362;1365;1365;1368;1368;1371;1371;1374;1374;1376;1376;1379;1379;117;117;114;114;111;111;108;108;105;105;102;102;99;99;96;96;93;93;90;90;87;87;84;84;82;82;79;79;76;76;73;73;70
1699797516851857.gadget2d_resized_512x512.png;class_0;1.0;polygon;x values;24;19;19;24;81;86;168;173;206;211;255;259;385;389;447;452;486;490;543;548;683;688;736;741;755;760;794;798;1010;1015;1116;1121;1155;1159;1207;1212;1318;1323;1410;1414;1487;1491;1703;1708;2285;2290;2459;2459;2237;2233;2189;2184;2170;2165;2136;2131;1872;1867;1819;1814;1790;1785;1746;1742;1626;1621;1544;1540;1515;1511;1491;1487;1453;1448;1333;1328;967;962;851;847;760;755;635;630
1699797516851857.gadget2d_resized_512x512.png;class_0;1.0;polygon;y values;70;73;1318;1321;1321;1324;1324;1327;1327;1330;1330;1333;1333;1335;1335;1338;1338;1341;1341;1344;1344;1347;1347;1350;1350;1353;1353;1356;1356;1359;1359;1362;1362;1365;1365;1368;1368;1371;1371;1374;1374;1376;1376;1379;1379;1382;1382;117;117;114;114;111;111;108;108;105;105;102;102;99;99;96;96;93;93;90;90;87;87;84;84;82;82;79;79;82;82;79;79;76;76;73;73;70
1699881734089610.gadget2d_resized_512x512.png;class_0;1.0;polygon;x values;2281;2276;1900;1896;1881;1876;1799;1795;1732;1727;1636;1631;1246;1241;1179;1174;1155;1150;1063;1058;750;745;693;688;668;664;601;596;380;375;322;317;293;288;255;250;28;19;19;24;24;28;48;52;173;178;240;245;332;336;736;741;1256;1260;1352;1357;1405;1410;1487;1491;1645;1650;1694;1698;1713;1718;1775;1780;2054;2059;2098;2103;2131;2136;2184;2189;2319;2324;2358;2362;2396;2401;2459;2459;2449;2444
1699881734089610.gadget2d_resized_512x512.png;class_0;1.0;polygon;y values;187;190;190;193;193;190;190;193;193;196;196;199;199;202;202;205;205;208;208;210;210;213;213;216;216;219;219;222;222;225;225;228;228;231;231;234;234;240;1309;1312;1315;1318;1318;1315;1315;1318;1318;1315;1315;1312;1312;1309;1309;1306;1306;1303;1303;1300;1300;1297;1297;1294;1294;1291;1291;1289;1289;1286;1286;1283;1283;1280;1280;1277;1277;1274;1274;1271;1271;1268;1268;1265;1265;190;190;187
1698224431580467.gadget2d_resized_512x512.png;class_0;1.0;polygon;x values;24;19;19;24;24;182;187;245;250;279;283;327;332;447;452;495;500;519;524;563;567;707;712;765;770;794;798;895;899;1082;1087;1135;1140;1169;1174;1232;1236;1511;1515;1621;1626;1689;1694;2107;2112;2459;2459;2401;2396;2151;2146;2117;2112;2103;2098;2064;2059;1823;1819;1775;1771;1751;1746;1694;1689;1501;1496;1424;1419;1381;1376;1289;1284
1698224431580467.gadget2d_resized_512x512.png;class_0;1.0;polygon;y values;105;108;1327;1330;1333;1333;1335;1335;1338;1338;1341;1341;1344;1344;1347;1347;1350;1350;1353;1353;1356;1356;1359;1359;1362;1362;1365;1365;1368;1368;1371;1371;1374;1374;1376;1376;1379;1379;1382;1382;1385;1385;1388;1388;1391;1391;143;143;140;140;137;137;134;134;131;131;128;128;125;125;123;123;120;120;117;117;114;114;111;111;108;108;105
1698683373383911.gadget2d_resized_512x512.png;class_0;1.0;polygon;x values;24;19;19;24;24;81;86;115;120;163;168;327;332;375;380;404;409;452;457;630;635;697;702;726;731;779;784;948;952;1020;1025;1053;1058;1135;1140;1323;1328;1414;1419;1472;1477;1592;1597;2459;2459;2305;2300;2271;2266;2257;2252;2223;2218;1997;1992;1944;1939;1915;1910;1867;1862;1655;1650;1607;1602;1592;1588;1554;1549;1025;1020;895;890;856;851;741;736
1698683373383911.gadget2d_resized_512x512.png;class_0;1.0;polygon;y values;70;73;1306;1309;1312;1312;1315;1315;1318;1318;1321;1321;1324;1324;1327;1327;1330;1330;1333;1333;1335;1335;1338;1338;1341;1341;1344;1344;1347;1347;1350;1350;1353;1353;1356;1356;1359;1359;1362;1362;1365;1365;1368;1368;117;117;114;114;111;111;108;108;105;105;102;102;99;99;96;96;93;93;90;90;87;87;84;84;82;82;79;79;76;76;73;73;70
1699989168325548.gadget2d_resized_512x512.png;class_0;1.0;polygon;x values;1761;1756;1588;1583;1477;1472;1395;1390;986;981;909;904;866;861;803;798;466;462;428;423;404;399;365;360;86;81;24;24;19;19;24;24;317;322;365;370;673;678;731;736;943;948;1376;1381;1448;1453;1501;1506;1602;1607;1814;1819;1953;1958;2064;2069;2088;2093;2103;2107;2112;2136;2136;2141;2141;2146;2151;2156;2160;2170;2204;2208;2242;2247;2271;2276;2459;2459
1699989168325548.gadget2d_resized_512x512.png;class_0;1.0;polygon;y values;269;272;272;275;275;278;278;281;281;284;284;287;287;290;290;292;292;295;295;298;298;301;301;304;304;307;307;313;316;1359;1362;1365;1365;1362;1362;1365;1365;1362;1362;1359;1359;1356;1356;1353;1353;1350;1350;1347;1347;1344;1344;1341;1341;1338;1338;1341;1341;1344;1344;1347;1347;1362;1365;1368;1374;1376;1376;1379;1379;1385;1385;1388;1388;1385;1385;1388;1388;269
1698375803091128.gadget2d_resized_512x512.png;class_0;1.0;polygon;x values;33;28;24;24;19;19;28;158;163;202;206;269;274;481;486;591;596;630;635;678;683;822;827;914;919;952;957;1020;1025;1145;1150;1207;1212;1246;1251;1309;1313;1549;1554;2444;2449;2459;2459;2454;2449;2425;2420;2199;2194;2156;2151;2131;2127;2083;2079;1775;1771;1689;1684;1660;1655;1626;1621;1564;1559;1198;1193;1159;1155;1044;1039
1698375803091128.gadget2d_resized_512x512.png;class_0;1.0;polygon;y values;70;73;73;76;79;1318;1324;1324;1327;1327;1330;1330;1333;1333;1335;1335;1338;1338;1341;1341;1344;1344;1347;1347;1350;1350;1353;1353;1356;1356;1359;1359;1362;1362;1365;1365;1368;1368;1371;1371;1374;1374;111;111;108;108;105;105;102;102;99;99;96;96;93;93;90;90;87;87;84;84;82;82;79;79;76;76;73;73;70
1698698836702124.gadget2d_resized_512x512.png;class_0;1.0;polygon;x values;24;19;19;28;192;197;250;255;279;283;327;332;471;476;519;524;548;553;611;616;745;750;789;794;847;851;1015;1020;1155;1159;1212;1217;1256;1260;1323;1328;1597;1602;1838;1843;1987;1992;2310;2314;2459;2459;2449;2444;2213;2208;2180;2175;2165;2160;2131;2127;1886;1881;1848;1843;1823;1819;1766;1761;1578;1573;1525;1520;1496;1491;1443;1438
1698698836702124.gadget2d_resized_512x512.png;class_0;1.0;polygon;y values;82;84;1315;1321;1321;1324;1324;1327;1327;1330;1330;1333;1333;1335;1335;1338;1338;1341;1341;1344;1344;1347;1347;1350;1350;1353;1353;1356;1356;1359;1359;1362;1362;1365;1365;1368;1368;1371;1371;1374;1374;1376;1376;1379;1379;120;120;117;117;114;114;111;111;108;108;105;105;102;102;99;99;96;96;93;93;90;90;87;87;84;84;82
1700006858526263.gadget2d_resized_512x512.png;class_0;1.0;polygon;x values;909;904;847;842;765;760;745;731;721;717;707;702;693;688;678;673;654;649;327;322;283;279;264;259;226;221;0;0;4;9;476;481;505;510;514;519;524;529;553;558;582;587;712;717;774;779;972;976;1241;1246;1318;1323;1410;1414;1631;1636;1674;1679;1703;1708;1771;1775;1944;1949;1968;1973;1982;1987;2035;2040;2257;2261;2295;2300;2319;2324;2372;2377;2459;2459;2343;2338;2213;2208;2199;2194;2016;2011;1395;1390;1323;1318;1289;1284;1222;1217;1102;1097;1073;1068;1063;1058;1053;1049;1044;1039;1029;1025;1015;1010
1700006858526263.gadget2d_resized_512x512.png;class_0;1.0;polygon;y values;284;287;287;290;290;292;292;301;301;304;304;307;307;310;310;313;313;316;316;319;319;322;322;325;325;328;328;1435;1435;1438;1438;1435;1435;1432;1432;1429;1429;1426;1426;1423;1423;1420;1420;1417;1417;1415;1415;1412;1412;1409;1409;1406;1406;1403;1403;1400;1400;1397;1397;1394;1394;1391;1391;1388;1388;1385;1385;1382;1382;1379;1379;1376;1376;1374;1374;1371;1371;1368;1368;287;287;290;290;292;292;290;290;292;292;295;295;298;298;301;301;304;304;301;301;298;298;295;295;292;292;290;290;287;287;284
1700395254398263.gadget2d_resized_512x512.png;class_0;1.0;polygon;x values;1703;1698;1583;1578;1463;1458;1381;1376;991;986;938;933;909;904;866;861;563;558;505;500;481;476;437;433;250;245;211;206;192;187;158;154;0;0;505;510;693;697;736;741;842;847;1256;1260;1361;1366;1448;1453;1540;1544;1775;1780;1828;1833;1857;1862;1929;1934;2054;2059;2112;2117;2151;2156;2242;2247;2459;2459
1700395254398263.gadget2d_resized_512x512.png;class_0;1.0;polygon;y values;164;166;166;169;169;172;172;175;175;178;178;181;181;184;184;187;187;190;190;193;193;196;196;199;199;202;202;205;205;208;208;210;210;1286;1286;1283;1283;1280;1280;1277;1277;1274;1274;1271;1271;1268;1268;1265;1265;1262;1262;1259;1259;1256;1256;1253;1253;1250;1250;1248;1248;1245;1245;1242;1242;1239;1239;164
1699771175301282.gadget2d_resized_512x512.png;class_0;1.0;polygon;x values;28;19;19;28;139;144;173;178;231;235;351;356;433;437;476;481;596;601;697;702;741;745;760;765;794;798;1029;1034;1121;1126;1164;1169;1236;1241;1337;1342;1477;1482;1530;1535;2016;2021;2459;2459;2348;2343;2247;2242;2199;2194;2151;2146;1896;1891;1838;1833;1819;1814;1771;1766;1679;1674;1597;1592;1554;1549;1491;1487;1361;1357;1280;1275;827;822;755;750;721;717;279;274
1699771175301282.gadget2d_resized_512x512.png;class_0;1.0;polygon;y values;70;76;1318;1324;1324;1327;1327;1330;1330;1333;1333;1335;1335;1338;1338;1341;1341;1344;1344;1347;1347;1350;1350;1353;1353;1356;1356;1359;1359;1362;1362;1365;1365;1368;1368;1371;1371;1374;1374;1376;1376;1379;1379;117;117;114;114;111;111;108;108;105;105;102;102;99;99;96;96;93;93;90;90;87;87;84;84;82;82;84;84;82;82;79;79;76;76;73;73;70
1699940723857946.gadget2d_resized_512x512.png;class_0;1.0;polygon;x values;24;19;19;24;24;120;125;197;202;226;231;279;283;404;409;462;466;490;495;548;553;664;668;707;712;736;741;779;784;991;996;1053;1058;1087;1092;1130;1135;1203;1207;1284;1289;1342;1347;1400;1405;1669;1674;1737;1742;1756;1761;1790;1795;1910;1915;1934;1939;1949;1953;2016;2021;2459;2459;2425;2420;2329;2324;2127;2122;2088;2083;2069;2064;2050;2045;1867;1862;1814;1809;1766;1761;1703;1698;1559;1554;1222;1217;1183;1179;1130;1126;803;798;755;750;731;726;274;269
1699940723857946.gadget2d_resized_512x512.png;class_0;1.0;polygon;y values;93;96;1338;1341;1344;1344;1347;1347;1350;1350;1353;1353;1356;1356;1359;1359;1362;1362;1365;1365;1368;1368;1371;1371;1374;1374;1376;1376;1379;1379;1382;1382;1385;1385;1388;1388;1391;1391;1394;1394;1397;1397;1400;1400;1403;1403;1406;1406;1409;1409;1412;1412;1415;1415;1412;1412;1409;1409;1406;1406;1403;1403;146;146;143;143;140;140;137;137;134;134;131;131;128;128;125;125;123;123;120;120;117;117;114;114;111;111;108;108;105;105;102;102;99;99;96;96;93
1699809843106963.gadget2d_resized_512x512.png;class_0;1.0;polygon;x values;24;19;19;28;168;173;226;231;250;255;308;312;457;462;500;505;519;524;558;563;736;741;789;794;837;842;928;933;1097;1102;1145;1150;1174;1179;1241;1246;1568;1573;1780;1785;1852;1857;2059;2064;2459;2459;2449;2444;2425;2420;2362;2358;2334;2329;2290;2285;2059;2054;2026;2021;2016;2011;1982;1977;1756;1751;1708;1703;1674;1669;1597;1592;1256;1251;1188;1183;1159;1155;1097;1092
1699809843106963.gadget2d_resized_512x512.png;class_0;1.0;polygon;y values;82;84;1327;1333;1333;1335;1335;1338;1338;1341;1341;1344;1344;1347;1347;1350;1350;1353;1353;1356;1356;1359;1359;1362;1362;1365;1365;1368;1368;1371;1371;1374;1374;1376;1376;1379;1379;1382;1382;1385;1385;1388;1388;1391;1391;125;125;128;128;125;125;123;123;120;120;117;117;114;114;111;111;108;108;105;105;102;102;99;99;96;96;93;93;90;90;87;87;84;84;82
1698270255534841.gadget2d_resized_512x512.png;class_0;1.0;polygon;x values;24;19;19;28;86;91;125;129;173;178;332;336;394;399;413;418;462;466;582;587;630;635;664;668;712;717;957;962;1039;1044;1082;1087;1140;1145;1313;1318;1400;1405;1467;1472;1588;1592;2281;2285;2459;2459;2314;2310;2276;2271;2252;2247;2213;2208;1997;1992;1953;1949;1934;1929;1900;1896;1698;1694;1636;1631;1597;1592;1520;1515
1698270255534841.gadget2d_resized_512x512.png;class_0;1.0;polygon;y values;93;96;1318;1324;1324;1327;1327;1330;1330;1333;1333;1335;1335;1338;1338;1341;1341;1344;1344;1347;1347;1350;1350;1353;1353;1356;1356;1359;1359;1362;1362;1365;1365;1368;1368;1371;1371;1374;1374;1376;1376;1379;1379;1382;1382;128;128;125;125;123;123;120;120;117;117;114;114;111;111;108;108;105;105;102;102;99;99;96;96;93
1698045489759765.gadget2d_resized_512x512.png;class_0;1.0;polygon;x values;24;19;19;24;125;129;178;182;202;206;250;255;433;437;481;486;505;510;543;548;683;688;741;745;774;779;919;924;1145;1150;1241;1246;1289;1294;1381;1386;1920;1925;2180;2184;2242;2247;2459;2459;2367;2362;2334;2329;2324;2319;2295;2290;2064;2059;2021;2016;1997;1992;1953;1949;1722;1718;1684;1679;1669;1665;1631;1626
1698045489759765.gadget2d_resized_512x512.png;class_0;1.0;polygon;y values;58;61;1294;1297;1297;1300;1300;1303;1303;1306;1306;1309;1309;1312;1312;1315;1315;1318;1318;1321;1321;1324;1324;1327;1327;1330;1330;1333;1333;1335;1335;1338;1338;1341;1341;1344;1344;1347;1347;1350;1350;1353;1353;93;93;90;90;87;87;84;84;82;82;79;79;76;76;73;73;70;70;67;67;64;64;61;61;58
1697990877606929.gadget2d_resized_512x512.png;class_0;1.0;polygon;x values;24;19;19;24;62;67;139;144;168;173;221;226;351;356;394;399;413;418;457;462;563;567;625;630;664;668;721;726;899;904;976;981;1010;1015;1073;1078;1222;1227;1284;1289;1376;1381;1477;1482;2184;2189;2459;2459;2343;2338;2310;2305;2290;2285;2257;2252;2026;2021;1982;1977;1953;1949;1900;1896;1703;1698;1665;1660;1641;1636;1607;1602;1328;1323;1217;1212;1169;1164;1025;1020
1697990877606929.gadget2d_resized_512x512.png;class_0;1.0;polygon;y values;93;96;1330;1333;1333;1335;1335;1338;1338;1341;1341;1344;1344;1347;1347;1350;1350;1353;1353;1356;1356;1359;1359;1362;1362;1365;1365;1368;1368;1371;1371;1374;1374;1376;1376;1379;1379;1382;1382;1385;1385;1388;1388;1391;1391;1394;1394;140;140;137;137;134;134;131;131;128;128;125;125;123;123;120;120;117;117;114;114;111;111;108;108;105;105;102;102;99;99;96;96;93
1700007578532425.gadget2d_resized_512x512.png;class_0;1.0;polygon;x values;755;750;741;731;726;707;693;688;514;510;486;481;471;466;437;433;192;187;139;134;110;105;28;19;19;28;972;976;1174;1179;1212;1217;1280;1284;1506;1511;1554;1559;1583;1588;1631;1636;1891;1896;1953;1958;1977;1982;2016;2021;2175;2180;2223;2228;2252;2257;2300;2305;2459;2459;1968;1963;1848;1843;1655;1650;1607;1602;1588;1583;1506;1501;1063;1058;1049;1039;1029;1025
1700007578532425.gadget2d_resized_512x512.png;class_0;1.0;polygon;y values;292;295;295;301;301;313;313;316;316;319;319;322;322;325;325;328;328;331;331;333;333;336;336;342;1420;1426;1426;1423;1423;1420;1420;1417;1417;1415;1415;1412;1412;1409;1409;1406;1406;1403;1403;1400;1400;1397;1397;1394;1394;1391;1391;1388;1388;1385;1385;1382;1382;1379;1379;292;292;295;295;292;292;295;295;298;298;301;301;304;304;301;301;295;295;292
1699065774217710.gadget2d_resized_512x512.png;class_0;1.0;polygon;x values;394;389;24;24;19;19;28;192;197;250;255;293;298;360;365;543;548;611;616;635;640;693;697;904;909;981;986;1034;1039;1106;1111;1333;1337;1535;1540;1655;1660;1823;1828;1900;1905;2146;2151;2415;2420;2420;2415;2415;2411;2411;2406;2391;2387;2377;2372;2362;2358;2353;2348;2343;2338;2334;2329;2319;2314;2305;2300;2290;2285;2271;2266;2257;2252;2233;2228;2165;2160;2136;2131;2122;2117;2112;2107;2103;2098;2083;2079;2040;2035;2011;2006;1987;1982;1968;1963;1934;1929;1910;1886;1886;1891;1891;1896;1896;1900;1900;1905;1905;1915;1920;1934;1939;1944;1944;1953;1963;1968;1973;1973;1977;1963;1958;1953;1939;1934;1823;1819;1761;1756;1722;1718;1578;1573;1554;1549;1515;1511;798;794;418;413
1699065774217710.gadget2d_resized_512x512.png;class_0;1.0;polygon;y values;52;55;55;58;61;1303;1309;1309;1312;1312;1315;1315;1318;1318;1321;1321;1324;1324;1327;1327;1330;1330;1333;1333;1335;1335;1338;1338;1341;1341;1344;1344;1347;1347;1350;1350;1353;1353;1350;1350;1353;1353;1356;1356;1353;254;251;243;240;237;240;240;243;243;246;246;249;249;251;251;254;254;257;257;260;260;263;263;266;266;269;269;272;272;269;269;266;266;269;269;272;272;275;275;278;278;281;281;278;278;275;275;272;272;269;269;266;266;251;184;181;169;166;149;146;123;120;108;102;102;93;93;90;87;82;82;79;79;76;73;64;64;61;61;58;58;61;61;64;64;67;67;64;64;61;61;58;58;55;55;52
1700392799370536.gadget2d_resized_512x512.png;class_0;1.0;polygon;x values;1448;1443;1357;1352;1299;1294;1207;1203;856;851;798;794;779;774;741;736;452;447;423;418;404;399;375;370;163;158;129;125;105;101;48;43;24;19;19;28;269;274;327;332;635;640;1082;1087;1188;1193;1256;1260;1376;1381;1645;1650;1698;1703;1732;1737;1809;1814;1992;1997;2040;2045;2069;2074;2136;2141;2319;2324;2367;2372;2401;2406;2459;2459
1700392799370536.gadget2d_resized_512x512.png;class_0;1.0;polygon;y values;164;166;166;169;169;172;172;175;175;178;178;181;181;184;184;187;187;190;190;193;193;196;196;199;199;202;202;205;205;208;208;210;210;213;1271;1277;1277;1274;1274;1277;1277;1274;1274;1271;1271;1268;1268;1265;1265;1262;1262;1259;1259;1256;1256;1253;1253;1250;1250;1248;1248;1245;1245;1242;1242;1239;1239;1236;1236;1233;1233;1230;1230;164
1699819713309151.gadget2d_resized_512x512.png;class_0;1.0;polygon;x values;24;19;19;24;139;144;197;202;221;226;279;283;399;404;442;447;471;476;519;524;664;668;736;741;770;774;856;861;1082;1087;1130;1135;1159;1164;1217;1222;1559;1564;1665;1669;1727;1732;2175;2180;2459;2459;2391;2387;2338;2334;2319;2314;2261;2257;2045;2040;1997;1992;1977;1973;1934;1929;1718;1713;1674;1669;1636;1631;1564;1559
1699819713309151.gadget2d_resized_512x512.png;class_0;1.0;polygon;y values;93;96;1330;1333;1333;1335;1335;1338;1338;1341;1341;1344;1344;1347;1347;1350;1350;1353;1353;1356;1356;1359;1359;1362;1362;1365;1365;1368;1368;1371;1371;1374;1374;1376;1376;1379;1379;1382;1382;1385;1385;1388;1388;1391;1391;128;128;125;125;123;123;120;120;117;117;114;114;111;111;108;108;105;105;102;102;99;99;96;96;93
1700287063731807.gadget2d_resized_512x512.png;class_0;1.0;polygon;x values;548;543;495;490;293;288;24;24;19;19;24;24;28;105;110;163;168;351;356;423;428;442;447;481;486;697;702;755;760;774;779;822;827;1063;1068;1145;1150;1174;1179;1241;1246;1496;1501;1660;1665;1746;1751;1958;1963;2112;2117;2459;2459;2324;2319;2271;2266;2247;2242;2208;2204;1963;1958;1915;1910;1900;1896;1862;1857;1742;1737;1694;1689;1669;1665;1641;1636;1597;1592;1535;1530;1361;1357;1289;1284;914;909;842;837;822;818;789;784
1700287063731807.gadget2d_resized_512x512.png;class_0;1.0;polygon;y values;11;14;14;17;17;20;20;23;26;1259;1262;1265;1268;1268;1271;1271;1274;1274;1277;1277;1280;1280;1283;1283;1286;1286;1289;1289;1291;1291;1294;1294;1297;1297;1300;1300;1303;1303;1306;1306;1309;1309;1312;1312;1315;1315;1312;1312;1315;1315;1318;1318;58;58;55;55;52;52;49;49;46;46;43;43;41;41;38;38;35;35;32;32;29;29;26;26;23;23;20;20;17;17;20;20;23;23;20;20;17;17;14;14;11
1698079072486001.gadget2d_resized_512x512.png;class_0;1.0;polygon;x values;399;394;24;24;19;19;24;24;43;48;115;120;144;149;154;158;154;149;144;139;134;110;105;57;52;43;38;28;24;24;28;28;38;43;86;91;105;110;115;120;187;192;240;245;264;269;327;332;356;360;423;428;486;490;510;514;596;601;649;654;741;745;770;774;784;789;794;798;822;827;1010;1015;1111;1116;1150;1155;1164;1169;1174;1179;1188;1193;1207;1212;1241;1246;1554;1559;1578;1583;1612;1617;1669;1674;1708;1713;1722;1727;1737;1742;1790;1795;1852;1857;1896;1900;2021;2026;2156;2160;2218;2223;2237;2242;2247;2252;2459;2459;2425;2420;2382;2377;2367;2362;2338;2334;2146;2141;2103;2098;2083;2079;2040;2035;1900;1896;1876;1872;1867;1862;1857;1852;1814;1809;1790;1785;1766;1761;1732;1727;1708;1703;1674;1669;1645;1641;1549;1544;1246;1241;1174;1169;1130;1126;1025;1020;914;909;750;745
1698079072486001.gadget2d_resized_512x512.png;class_0;1.0;polygon;y values;93;96;96;99;102;1294;1297;1300;1300;1297;1297;1300;1300;1303;1303;1306;1309;1309;1312;1312;1315;1315;1318;1318;1315;1315;1312;1312;1315;1321;1324;1327;1327;1330;1330;1327;1327;1324;1324;1321;1321;1318;1318;1315;1315;1312;1312;1315;1315;1318;1318;1321;1321;1318;1318;1315;1315;1318;1318;1321;1321;1324;1324;1327;1327;1330;1330;1333;1333;1335;1335;1333;1333;1335;1335;1338;1338;1341;1341;1344;1344;1347;1347;1350;1350;1353;1353;1350;1350;1347;1347;1344;1344;1347;1347;1350;1350;1353;1353;1356;1356;1359;1359;1356;1356;1359;1359;1362;1362;1365;1365;1368;1368;1365;1365;1368;1368;140;140;137;137;134;134;131;131;128;128;125;125;123;123;120;120;117;117;114;114;111;111;108;108;105;105;102;102;99;99;96;96;99;99;102;102;105;105;108;108;105;105;102;102;99;99;102;102;99;99;96;96;93
1698000292796965.gadget2d_resized_512x512.png;class_0;1.0;polygon;x values;24;19;19;24;139;144;206;211;240;245;308;312;437;442;486;490;514;519;558;563;697;702;750;755;774;779;822;827;1106;1111;1164;1169;1188;1193;1241;1246;1540;1544;1626;1631;1727;1732;1828;1833;1876;1881;1929;1934;2002;2006;2439;2444;2459;2459;2300;2295;2252;2247;2223;2218;2184;2180;1958;1953;1920;1915;1900;1896;1867;1862;1636;1631;1568;1564;1530;1525;1419;1414
1698000292796965.gadget2d_resized_512x512.png;class_0;1.0;polygon;y values;117;120;1353;1356;1356;1359;1359;1362;1362;1365;1365;1368;1368;1371;1371;1374;1374;1376;1376;1379;1379;1382;1382;1385;1385;1388;1388;1391;1391;1394;1394;1397;1397;1400;1400;1403;1403;1406;1406;1409;1409;1406;1406;1409;1409;1406;1406;1409;1409;1412;1412;1415;1415;152;152;149;149;146;146;143;143;140;140;137;137;134;134;131;131;128;128;125;125;123;123;120;120;117
1700291675821515.gadget2d_resized_512x512.png;class_0;1.0;polygon;x values;0;0;4;9;173;178;250;255;283;288;341;346;490;495;577;582;601;606;640;644;765;770;789;794;803;808;832;837;1053;1058;1299;1304;1366;1371;1520;1525;1660;1665;2415;2415;2420;2420;2415;2415;2406;2401;2112;2107;2069;2064;2050;2045;1992;1987;1689;1684;1612;1607;1588;1583;1520;1515
1700291675821515.gadget2d_resized_512x512.png;class_0;1.0;polygon;y values;35;1277;1277;1274;1274;1277;1277;1280;1280;1283;1283;1286;1286;1289;1289;1291;1291;1294;1294;1297;1297;1300;1300;1303;1303;1306;1306;1309;1309;1312;1312;1315;1315;1318;1318;1321;1321;1318;1318;1312;1309;67;64;61;61;58;58;55;55;52;52;49;49;46;46;43;43;41;41;38;38;35
1697979677365389.gadget2d_resized_512x512.png;class_0;1.0;polygon;x values;24;19;19;28;187;192;255;259;283;288;346;351;500;505;601;606;644;649;702;707;765;770;808;813;871;875;962;967;1150;1155;1251;1256;1309;1313;1366;1371;1549;1554;1698;1703;1785;1790;1852;1857;1992;1997;2459;2459;2295;2290;2261;2257;2252;2247;2218;2213;2021;2016;1977;1973;1944;1939;1900;1896;1694;1689;1660;1655;1641;1636;1612;1607;1284;1280;1126;1121;1058;1053;967;962
1697979677365389.gadget2d_resized_512x512.png;class_0;1.0;polygon;y values;70;73;1315;1321;1321;1324;1324;1327;1327;1330;1330;1333;1333;1335;1335;1338;1338;1341;1341;1344;1344;1347;1347;1350;1350;1353;1353;1356;1356;1359;1359;1362;1362;1365;1365;1368;1368;1371;1371;1374;1374;1371;1371;1374;1374;1376;1376;117;117;114;114;111;111;108;108;105;105;102;102;99;99;96;96;93;93;90;90;87;87;84;84;82;82;79;79;76;76;73;73;70
1700309717572015.gadget2d_resized_512x512.png;class_0;1.0;polygon;x values;2208;2204;1862;1857;1751;1746;1607;1602;1183;1179;1135;1130;1097;1092;1015;1010;745;741;678;673;644;640;486;481;360;356;322;317;303;298;274;269;28;19;19;24;24;673;678;741;745;789;794;1058;1063;1280;1284;1366;1371;1438;1443;1544;1549;1790;1795;1862;1867;1905;1910;1982;1987;2098;2103;2180;2184;2218;2223;2285;2290;2459;2459;2449;2444
1700309717572015.gadget2d_resized_512x512.png;class_0;1.0;polygon;y values;164;166;166;169;169;172;172;175;175;178;178;181;181;184;184;187;187;190;190;193;193;196;196;199;199;202;202;205;205;208;208;210;210;216;1280;1283;1286;1286;1283;1283;1280;1280;1277;1277;1274;1274;1271;1271;1268;1268;1265;1265;1262;1262;1259;1259;1256;1256;1253;1253;1250;1250;1248;1248;1245;1245;1242;1242;1239;1239;166;166;164
1698676876251450.gadget2d_resized_512x512.png;class_0;1.0;polygon;x values;24;19;19;24;24;28;101;105;255;259;308;312;327;332;370;375;534;539;606;611;635;640;697;702;861;866;948;952;986;991;1073;1078;1241;1246;1323;1328;1390;1395;1515;1520;2127;2131;2459;2459;2247;2242;2213;2208;2194;2189;2165;2160;1934;1929;1886;1881;1862;1857;1819;1814;1559;1554;1511;1506;1487;1482;1434;1429
1698676876251450.gadget2d_resized_512x512.png;class_0;1.0;polygon;y values;82;84;1309;1312;1315;1318;1318;1321;1321;1324;1324;1327;1327;1330;1330;1333;1333;1335;1335;1338;1338;1341;1341;1344;1344;1347;1347;1350;1350;1353;1353;1356;1356;1359;1359;1362;1362;1365;1365;1368;1368;1371;1371;117;117;114;114;111;111;108;108;105;105;102;102;99;99;96;96;93;93;90;90;87;87;84;84;82
1699036875588181.gadget2d_resized_512x512.png;class_0;1.0;polygon;x values;24;19;19;24;24;129;134;240;245;293;298;327;332;409;413;510;514;553;558;649;654;726;731;755;760;789;794;875;880;952;957;1010;1015;1135;1140;1246;1251;1342;1347;1453;1458;1549;1554;1612;1617;1790;1795;2319;2324;2459;2459;2401;2396;2151;2146;2117;2112;2098;2093;2064;2059;1823;1819;1785;1780;1766;1761;1742;1737;1674;1669;1650;1645;1636;1631;1612;1607;1549;1544;1525;1520;1515;1511;1410;1405;1376;1371;1270;1265
1699036875588181.gadget2d_resized_512x512.png;class_0;1.0;polygon;y values;82;84;1312;1315;1318;1318;1321;1321;1324;1324;1327;1327;1330;1330;1333;1333;1330;1330;1333;1333;1335;1335;1338;1338;1341;1341;1344;1344;1347;1347;1350;1350;1353;1353;1350;1350;1353;1353;1356;1356;1359;1359;1362;1362;1365;1365;1368;1368;1371;1371;120;120;117;117;114;114;111;111;108;108;105;105;102;102;99;99;96;96;93;93;90;90;87;87;84;84;82;82;84;84;87;87;90;90;87;87;84;84;82
1698143802880866.gadget2d_resized_512x512.png;class_0;1.0;polygon;x values;24;19;19;24;168;173;221;226;250;255;308;312;447;452;490;495;514;519;548;553;707;712;779;784;813;818;909;914;1106;1111;1164;1169;1198;1203;1260;1265;1535;1540;1669;1674;1872;1876;2127;2131;2459;2459;2338;2334;2310;2305;2290;2285;2261;2257;2021;2016;1973;1968;1939;1934;1896;1891;1684;1679;1650;1645;1636;1631;1597;1592;1256;1251;1082;1078;1015;1010;928;924
1698143802880866.gadget2d_resized_512x512.png;class_0;1.0;polygon;y values;70;73;1306;1309;1309;1312;1312;1315;1315;1318;1318;1321;1321;1324;1324;1327;1327;1330;1330;1333;1333;1335;1335;1338;1338;1341;1341;1344;1344;1347;1347;1350;1350;1353;1353;1356;1356;1359;1359;1362;1362;1365;1365;1368;1368;117;117;114;114;111;111;108;108;105;105;102;102;99;99;96;96;93;93;90;90;87;87;84;84;82;82;79;79;76;76;73;73;70
1697781030860483.gadget2d_resized_512x512.png;class_0;1.0;polygon;x values;28;19;19;24;24;187;192;255;259;288;293;332;336;447;452;543;548;596;601;654;659;741;745;774;779;798;803;904;909;1087;1092;1150;1155;1188;1193;1265;1270;1352;1357;1506;1511;1564;1568;1698;1703;1766;1771;2180;2184;2377;2382;2459;2459;2228;2223;2175;2170;2151;2146;2112;2107;1857;1852;1795;1790;1746;1742;1703;1698;1641;1636;1525;1520;1491;1487;1328;1323;1294;1289;1260;1256;948;943;808;803;770;765;712;707
1697781030860483.gadget2d_resized_512x512.png;class_0;1.0;polygon;y values;70;76;1315;1318;1321;1321;1324;1324;1327;1327;1330;1330;1333;1333;1335;1335;1338;1338;1341;1341;1344;1344;1347;1347;1350;1350;1353;1353;1356;1356;1359;1359;1362;1362;1365;1365;1368;1368;1371;1371;1374;1374;1376;1376;1379;1379;1376;1376;1379;1379;1382;1382;117;117;114;114;111;111;108;108;105;105;102;102;99;99;96;96;93;93;90;90;87;87;90;90;87;87;84;84;82;82;79;79;76;76;73;73;70
1700408840364681.gadget2d_resized_512x512.png;class_0;1.0;polygon;x values;1761;1756;1554;1549;1482;1477;1357;1352;1001;996;943;938;909;904;842;837;490;486;466;462;447;442;413;409;240;235;192;187;163;158;110;105;0;0;644;649;770;774;851;856;1078;1082;1087;1092;1188;1193;1400;1405;1511;1515;1549;1554;1626;1631;1905;1910;1968;1973;1997;2002;2050;2054;2184;2189;2252;2257;2290;2295;2382;2387;2459;2459
1700408840364681.gadget2d_resized_512x512.png;class_0;1.0;polygon;y values;152;155;155;158;158;161;161;164;164;166;166;169;169;172;172;175;175;178;178;181;181;184;184;187;187;190;190;193;193;196;196;199;199;1286;1286;1283;1283;1280;1280;1277;1277;1274;1274;1277;1277;1274;1274;1271;1271;1268;1268;1265;1265;1262;1262;1259;1259;1256;1256;1253;1253;1250;1250;1248;1248;1245;1245;1242;1242;1239;1239;152
1700357320087137.gadget2d_resized_512x512.png;class_0;1.0;polygon;x values;1438;1434;1357;1352;1318;1313;1256;1251;928;924;856;851;822;818;770;765;596;591;558;553;539;534;486;481;211;206;154;149;125;120;67;62;0;0;52;57;596;601;702;707;808;813;1284;1289;1357;1361;1410;1414;1496;1501;1665;1669;1737;1742;1775;1780;1848;1852;2030;2035;2069;2074;2093;2098;2170;2175;2324;2329;2367;2372;2396;2401;2459;2459
1700357320087137.gadget2d_resized_512x512.png;class_0;1.0;polygon;y values;175;178;178;181;181;184;184;187;187;190;190;193;193;196;196;199;199;202;202;205;205;208;208;210;210;213;213;216;216;219;219;222;222;1297;1297;1294;1294;1291;1291;1289;1289;1286;1286;1283;1283;1280;1280;1277;1277;1274;1274;1271;1271;1268;1268;1265;1265;1262;1262;1259;1259;1256;1256;1253;1253;1250;1250;1248;1248;1245;1245;1242;1242;175
1700298700459986.gadget2d_resized_512x512.png;class_0;1.0;polygon;x values;1588;1583;1487;1482;1366;1361;1284;1280;967;962;924;919;904;899;856;851;505;500;447;442;423;418;389;385;226;221;187;182;168;163;129;125;24;19;19;24;24;28;72;77;688;693;1087;1092;1227;1232;1328;1333;1414;1419;1607;1612;1669;1674;1703;1708;1756;1761;1977;1982;2016;2021;2045;2050;2093;2098;2261;2266;2310;2314;2334;2338;2391;2396;2459;2459
1700298700459986.gadget2d_resized_512x512.png;class_0;1.0;polygon;y values;187;190;190;193;193;196;196;199;199;202;202;205;205;208;208;210;210;213;213;216;216;219;219;222;222;225;225;228;228;231;231;234;234;237;1294;1297;1300;1303;1303;1300;1300;1297;1297;1294;1294;1291;1291;1289;1289;1286;1286;1283;1283;1280;1280;1277;1277;1274;1274;1271;1271;1268;1268;1265;1265;1262;1262;1259;1259;1256;1256;1253;1253;1250;1250;187
1698284672842906.gadget2d_resized_512x512.png;class_0;1.0;polygon;x values;24;19;19;24;96;101;163;168;197;202;250;255;341;346;389;394;418;423;486;490;635;640;693;697;717;721;765;770;986;991;1044;1049;1073;1078;1130;1135;1313;1318;1443;1448;1496;1501;1592;1597;2362;2367;2420;2425;2435;2439;2459;2459;2439;2435;2401;2396;2377;2372;2343;2338;2122;2117;2083;2079;2059;2054;2016;2011;1790;1785;1751;1746;1727;1722;1698;1694;1453;1448;1318;1313;1284;1280;1203;1198
1698284672842906.gadget2d_resized_512x512.png;class_0;1.0;polygon;y values;93;96;1330;1333;1333;1335;1335;1338;1338;1341;1341;1344;1344;1347;1347;1350;1350;1353;1353;1356;1356;1359;1359;1362;1362;1365;1365;1368;1368;1371;1371;1374;1374;1376;1376;1379;1379;1382;1382;1385;1385;1388;1388;1391;1391;1394;1394;1391;1391;1394;1394;140;140;137;137;134;134;131;131;128;128;125;125;123;123;120;120;117;117;114;114;111;111;108;108;105;105;102;102;99;99;96;96;93
1698988098033837.gadget2d_resized_512x512.png;class_0;1.0;polygon;x values;24;19;19;28;120;125;144;149;192;197;327;332;389;394;413;418;452;457;644;649;712;717;741;745;784;789;986;991;1063;1068;1102;1106;1174;1179;1357;1361;1463;1467;1530;1535;1636;1641;1900;1905;1968;1973;2261;2266;2459;2459;2290;2285;2252;2247;2237;2233;2208;2204;1987;1982;1939;1934;1910;1905;1852;1848;1650;1645;1602;1597;1588;1583;1559;1554;1130;1126;1044;1039;991;986;813;808
1698988098033837.gadget2d_resized_512x512.png;class_0;1.0;polygon;y values;70;73;1306;1312;1312;1315;1315;1318;1318;1321;1321;1324;1324;1327;1327;1330;1330;1333;1333;1335;1335;1338;1338;1341;1341;1344;1344;1347;1347;1350;1350;1353;1353;1356;1356;1359;1359;1362;1362;1365;1365;1368;1368;1371;1371;1368;1368;1371;1371;117;117;114;114;111;111;108;108;105;105;102;102;99;99;96;96;93;93;90;90;87;87;84;84;82;82;79;79;76;76;73;73;70
1700334294832726.gadget2d_resized_512x512.png;class_0;1.0;polygon;x values;1289;1284;1232;1227;1207;1203;1155;1150;847;842;789;784;765;760;726;721;428;423;389;385;360;356;308;303;110;105;62;57;33;28;0;0;24;28;33;38;48;52;924;928;1135;1140;1193;1198;1328;1333;1544;1549;1597;1602;1631;1636;1694;1698;1886;1891;1934;1939;1963;1968;2021;2026;2180;2184;2218;2223;2242;2247;2300;2305;2459;2459
1700334294832726.gadget2d_resized_512x512.png;class_0;1.0;polygon;y values;187;190;190;193;193;196;196;199;199;202;202;205;205;208;208;210;210;213;213;216;216;219;219;222;222;225;225;228;228;231;231;1300;1300;1297;1297;1300;1300;1297;1297;1294;1294;1291;1291;1289;1289;1286;1286;1283;1283;1280;1280;1277;1277;1274;1274;1271;1271;1268;1268;1265;1265;1262;1262;1259;1259;1256;1256;1253;1253;1250;1250;187
1697848701605557.gadget2d_resized_512x512.png;class_0;1.0;polygon;x values;24;24;19;19;28;134;139;211;216;250;255;303;308;409;413;471;476;495;500;539;543;712;717;750;755;770;774;808;813;952;957;1078;1082;1116;1121;1150;1155;1251;1256;1333;1337;1419;1424;1434;1438;1491;1496;1780;1785;2103;2107;2459;2459;2305;2300;2257;2252;2242;2237;2213;2208;2054;2050;1982;1977;1944;1939;1886;1881;1684;1679;1588;1583;1549;1544;1515;1511;1458;1453;1097;1092;1025;1020;948;943;587;582;577;442;437;211;206;168;163
1697848701605557.gadget2d_resized_512x512.png;class_0;1.0;polygon;y values;84;90;93;1327;1333;1333;1335;1335;1338;1338;1341;1341;1344;1344;1347;1347;1350;1350;1353;1353;1356;1356;1359;1359;1362;1362;1365;1365;1368;1368;1371;1371;1374;1374;1376;1376;1379;1379;1382;1382;1385;1385;1388;1388;1385;1385;1388;1388;1391;1391;1394;1394;140;140;137;137;134;134;131;131;128;128;125;125;123;123;120;120;117;117;114;114;111;111;108;108;105;105;102;102;99;99;96;96;93;93;90;93;93;90;90;87;87;84
1697978104333613.gadget2d_resized_512x512.png;class_0;1.0;polygon;x values;895;890;510;505;495;486;486;481;481;486;486;490;490;486;486;481;481;471;471;466;466;462;462;466;466;471;471;476;476;471;471;466;466;462;462;466;466;471;471;476;476;471;471;476;476;481;481;486;481;481;476;476;471;471;466;466;471;471;500;500;510;510;514;514;519;519;514;514;510;510;514;514;519;519;524;524;529;529;534;534;539;539;543;543;548;548;558;558;563;567;572;577;587;591;596;616;620;625;630;664;668;693;697;717;721;726;731;736;741;765;770;779;784;866;871;909;914;943;948;972;976;981;986;986;991;991;1001;1001;1005;1015;1020;1025;2083;2088;2151;2156;2218;2223;2285;2290;2459;2459;2454;2449;2074;2069;2026;2021;2006;2002;1929;1925;1453;1448
1697978104333613.gadget2d_resized_512x512.png;class_0;1.0;polygon;y values;125;128;128;131;131;137;140;143;155;158;169;172;213;216;219;222;228;234;237;240;246;249;404;407;413;416;424;427;448;451;457;459;471;474;506;509;527;530;539;541;574;577;603;606;612;615;624;626;629;641;644;656;659;685;688;846;849;852;870;873;878;881;884;908;911;984;987;1028;1031;1063;1066;1195;1198;1236;1239;1259;1262;1277;1280;1291;1294;1306;1309;1318;1321;1327;1333;1335;1338;1338;1335;1335;1330;1330;1327;1327;1330;1330;1333;1333;1330;1330;1333;1333;1335;1335;1338;1338;1341;1341;1338;1338;1335;1335;1338;1338;1341;1341;1344;1344;1347;1347;1350;1365;1368;1374;1379;1382;1382;1388;1388;1391;1391;1394;1394;1397;1397;1400;1400;1403;1403;143;143;140;140;137;137;134;134;131;131;128;128;125
1699779585476680.gadget2d_resized_512x512.png;class_0;1.0;polygon;x values;72;67;28;24;24;19;19;24;24;202;206;255;259;293;298;351;356;437;442;505;510;548;553;582;587;625;630;654;659;673;678;774;779;842;847;875;880;904;909;962;967;1092;1097;1159;1164;1222;1227;1318;1323;1559;1564;1669;1674;1694;1698;1708;1713;1852;1857;2093;2098;2459;2459;2430;2425;2218;2213;2151;2146;2088;2083;1742;1737;1698;1694;1684;1679;1669;1665;1636;1631;1294;1289;1232;1227;1174;1169;745;741;649;644;505;500;336;332;240;235
1699779585476680.gadget2d_resized_512x512.png;class_0;1.0;polygon;y values;84;87;87;90;93;96;1327;1330;1333;1333;1335;1335;1338;1338;1341;1341;1344;1344;1347;1347;1344;1344;1341;1341;1344;1344;1347;1347;1350;1350;1353;1353;1356;1356;1359;1359;1362;1362;1365;1365;1368;1368;1371;1371;1374;1374;1376;1376;1379;1379;1382;1382;1385;1385;1382;1382;1385;1385;1388;1388;1391;1391;128;128;125;125;123;123;120;120;117;117;114;114;111;111;108;108;105;105;102;102;99;99;96;96;93;93;90;90;93;93;90;90;87;87;84
1698342011431713.gadget2d_resized_512x512.png;class_0;1.0;polygon;x values;24;19;19;24;96;101;197;202;240;245;293;298;413;418;486;490;548;553;616;620;731;736;784;789;822;827;875;880;1058;1063;1130;1135;1164;1169;1227;1232;1333;1337;1443;1448;1511;1515;1973;1977;2459;2459;2290;2285;2247;2242;2218;2213;2184;2180;1939;1934;1900;1896;1876;1872;1828;1823;1679;1674;1568;1564;1501;1496;1333;1328;1063;1058;976;972;899;895;856;851;813;808;770;765
1698342011431713.gadget2d_resized_512x512.png;class_0;1.0;polygon;y values;82;84;1318;1321;1321;1324;1324;1327;1327;1330;1330;1333;1333;1335;1335;1338;1338;1341;1341;1344;1344;1347;1347;1350;1350;1353;1353;1356;1356;1359;1359;1362;1362;1365;1365;1368;1368;1371;1371;1374;1374;1376;1376;1379;1379;128;128;125;125;123;123;120;120;117;117;114;114;111;111;108;108;105;105;102;102;99;99;96;96;93;93;90;90;87;87;90;90;87;87;84;84;82
1698248363109362.gadget2d_resized_512x512.png;class_0;1.0;polygon;x values;24;19;19;28;173;178;240;245;269;274;351;356;505;510;587;591;620;625;664;668;789;794;871;875;914;919;986;991;1150;1155;1217;1222;1260;1265;1323;1328;1621;1626;1929;1934;2059;2064;2281;2285;2459;2459;2449;2444;2435;2430;2406;2401;2151;2146;2103;2098;2079;2074;2016;2011;1780;1775;1746;1742;1722;1718;1698;1694;1414;1410;1251;1246;1198;1193;1001;996
1698248363109362.gadget2d_resized_512x512.png;class_0;1.0;polygon;y values;93;96;1338;1344;1344;1347;1347;1350;1350;1353;1353;1356;1356;1359;1359;1362;1362;1365;1365;1368;1368;1371;1371;1374;1374;1376;1376;1379;1379;1382;1382;1385;1385;1388;1388;1391;1391;1394;1394;1397;1397;1400;1400;1403;1403;137;137;134;134;131;131;128;128;125;125;123;123;120;120;117;117;114;114;111;111;108;108;105;105;102;102;99;99;96;96;93
1699985174785807.gadget2d_resized_512x512.png;class_0;1.0;polygon;x values;24;19;19;28;105;110;139;144;192;197;303;308;365;370;394;399;442;447;640;644;693;697;712;717;745;750;851;856;986;991;1020;1025;1068;1073;1198;1203;1260;1265;1294;1299;1371;1376;1602;1607;2151;2156;2266;2271;2459;2459;2353;2348;2310;2305;2290;2285;2261;2257;2103;2098;2050;2045;2021;2016;1958;1953;1708;1703;1665;1660;1636;1631;1602;1597;1477;1472;1256;1251;1207;1203;1078;1073
1699985174785807.gadget2d_resized_512x512.png;class_0;1.0;polygon;y values;93;96;1330;1335;1335;1338;1338;1341;1341;1344;1344;1347;1347;1350;1350;1353;1353;1356;1356;1359;1359;1362;1362;1365;1365;1368;1368;1371;1371;1374;1374;1376;1376;1379;1379;1382;1382;1385;1385;1388;1388;1391;1391;1394;1394;1397;1397;1400;1400;140;140;137;137;134;134;131;131;128;128;125;125;123;123;120;120;117;117;114;114;111;111;108;108;105;105;102;102;99;99;96;96;93
1700418268714150.gadget2d_resized_512x512.png;class_0;1.0;polygon;x values;28;19;19;24;24;28;33;96;101;255;259;346;351;375;380;423;428;611;616;654;659;673;678;712;717;885;890;1001;1005;1049;1053;1102;1106;1174;1179;1256;1260;1299;1304;1381;1386;1535;1540;1761;1766;1799;1804;2194;2199;2305;2310;2459;2459;2223;2218;2180;2175;2165;2160;2131;2127;1862;1857;1819;1814;1785;1780;1718;1713;1559;1554;1487;1482;1463;1458;1443;1438;1410;1405;1376;1371;875;871;760;755;717;712;471;466
1700418268714150.gadget2d_resized_512x512.png;class_0;1.0;polygon;y values;70;76;1321;1324;1327;1327;1330;1330;1333;1333;1335;1335;1338;1338;1341;1341;1344;1344;1347;1347;1350;1350;1353;1353;1356;1356;1359;1359;1362;1362;1365;1365;1368;1368;1371;1371;1374;1374;1376;1376;1379;1379;1382;1382;1379;1379;1382;1382;1385;1385;1388;1388;117;117;114;114;111;111;108;108;105;105;102;102;99;99;96;96;93;93;90;90;87;87;84;84;82;82;79;79;82;82;79;79;76;76;73;73;70
1698669605113174.gadget2d_resized_512x512.png;class_0;1.0;polygon;x values;24;19;19;24;24;158;163;226;231;250;255;303;308;437;442;500;505;534;539;582;587;707;712;755;760;784;789;866;871;1106;1111;1169;1174;1212;1217;1280;1284;1472;1477;1636;1641;1727;1732;2074;2079;2459;2459;2314;2310;2285;2281;2266;2261;2242;2237;2026;2021;1982;1977;1949;1944;1896;1891;1679;1674;1641;1636;1621;1617;1588;1583;1222;1217;1049;1044;981;976;866;861
1698669605113174.gadget2d_resized_512x512.png;class_0;1.0;polygon;y values;70;73;1315;1318;1321;1321;1324;1324;1327;1327;1330;1330;1333;1333;1335;1335;1338;1338;1341;1341;1344;1344;1347;1347;1350;1350;1353;1353;1356;1356;1359;1359;1362;1362;1365;1365;1368;1368;1371;1371;1374;1374;1376;1376;1379;1379;117;117;114;114;111;111;108;108;105;105;102;102;99;99;96;96;93;93;90;90;87;87;84;84;82;82;79;79;76;76;73;73;70
1699937011734897.gadget2d_resized_512x512.png;class_0;1.0;polygon;x values;890;885;842;837;774;770;745;741;731;726;721;717;707;702;654;649;534;529;500;495;433;428;173;168;120;115;91;86;28;19;19;24;24;1376;1381;1467;1472;1515;1520;1602;1607;1766;1771;1857;1862;1896;1900;1949;1953;2165;2170;2213;2218;2242;2247;2305;2310;2459;2459;2420;2415;2406;2401;2271;2266;2002;1997;1169;1164;1140;1135;1073;1068;1049;1044;1029;1025
1699937011734897.gadget2d_resized_512x512.png;class_0;1.0;polygon;y values;284;287;287;290;290;292;292;295;295;298;298;301;301;304;304;307;307;310;310;313;313;316;316;319;319;322;322;325;325;331;1397;1400;1403;1403;1400;1400;1397;1397;1394;1394;1391;1391;1388;1388;1385;1385;1382;1382;1379;1379;1376;1376;1374;1374;1371;1371;1368;1368;287;287;284;284;287;287;290;290;292;292;295;295;292;292;290;290;287;287;284
1700364028155766.gadget2d_resized_512x512.png;class_0;1.0;polygon;x values;1410;1405;1318;1313;1284;1280;1217;1212;928;924;866;861;832;827;774;770;490;486;457;452;437;433;394;389;178;173;134;129;96;91;0;0;19;24;548;553;654;659;765;770;1280;1284;1352;1357;1395;1400;1482;1487;1669;1674;1732;1737;1761;1766;1828;1833;2035;2040;2079;2083;2103;2107;2165;2170;2310;2314;2358;2362;2382;2387;2420;2425;2459;2459
1700364028155766.gadget2d_resized_512x512.png;class_0;1.0;polygon;y values;175;178;178;181;181;184;184;187;187;190;190;193;193;196;196;199;199;202;202;205;205;208;208;210;210;213;213;216;216;219;219;1297;1297;1294;1294;1291;1291;1289;1289;1286;1286;1283;1283;1280;1280;1277;1277;1274;1274;1271;1271;1268;1268;1265;1265;1262;1262;1259;1259;1256;1256;1253;1253;1250;1250;1248;1248;1245;1245;1242;1242;1239;1239;175
1697738096183824.gadget2d_resized_512x512.png;class_0;1.0;polygon;x values;1424;1419;1395;1390;1376;1371;1347;1342;1174;1169;1140;1135;1130;1126;1097;1092;948;943;914;909;899;895;856;851;250;245;211;206;192;187;163;158;24;24;19;19;24;24;43;48;86;91;101;105;125;129;173;178;197;202;206;221;221;216;216;211;216;216;221;221;226;226;231;231;235;235;240;240;245;245;250;250;274;274;279;279;283;283;288;288;298;303;336;341;351;356;365;365;370;375;375;394;399;404;409;413;428;433;437;466;471;490;495;500;519;524;543;548;563;567;572;577;577;572;572;567;567;563;563;558;558;553;553;548;548;543;543;539;539;543;543;548;548;553;553;558;558;563;567;625;630;928;933;948;952;962;967;976;981;986;991;1001;1005;1010;1015;1029;1034;1049;1053;1058;1063;1073;1078;1092;1097;1130;1135;1169;1174;1188;1193;1236;1241;1333;1337;1381;1386;1410;1414;1472;1477;1607;1612;1660;1665;1694;1698;1766;1771;1977;1982;2054;2059;2107;2112;2310;2314;2459;2459
1697738096183824.gadget2d_resized_512x512.png;class_0;1.0;polygon;y values;128;131;131;134;134;137;137;140;140;143;143;146;146;149;149;152;152;155;155;158;158;161;161;164;164;161;161;158;158;155;155;152;152;155;158;1385;1388;1391;1391;1394;1394;1397;1397;1400;1400;1403;1403;1406;1406;1403;1403;1394;1362;1359;1344;1341;1338;1330;1327;1321;1318;1315;1312;1309;1306;1303;1300;1294;1291;1286;1283;1280;1265;1262;1259;1256;1253;1250;1248;1245;1239;1239;1218;1218;1212;1212;1207;1204;1201;1201;1198;1186;1186;1183;1183;1180;1180;1177;1177;1160;1160;1148;1148;1145;1145;1142;1142;1145;1145;1148;1148;1151;1160;1163;1171;1174;1186;1189;1201;1204;1277;1280;1300;1303;1318;1321;1338;1341;1412;1415;1420;1423;1429;1432;1441;1444;1456;1456;1458;1458;1461;1461;1458;1458;1456;1456;1453;1453;1450;1450;1447;1447;1444;1444;1441;1441;1438;1438;1435;1435;1432;1432;1429;1429;1426;1426;1423;1423;1420;1420;1417;1417;1415;1415;1412;1412;1409;1409;1406;1406;1403;1403;1400;1400;1397;1397;1394;1394;1391;1391;1388;1388;1385;1385;1382;1382;1379;1379;128
1699786987632158.gadget2d_resized_512x512.png;class_0;1.0;polygon;x values;24;19;19;24;134;139;197;202;221;226;279;283;389;394;442;447;476;481;519;524;688;693;745;750;765;770;818;822;1034;1039;1106;1111;1130;1135;1159;1164;1289;1294;1463;1467;1520;1525;1621;1626;2367;2372;2459;2459;2435;2430;2295;2290;2194;2189;2165;2160;2122;2117;1833;1828;1756;1751;1732;1727;1718;1713;1708;1703;1689;1665;1400;1395;1342;1337;933;928;822;818;794;789;745;741
1699786987632158.gadget2d_resized_512x512.png;class_0;1.0;polygon;y values;82;84;1330;1333;1333;1335;1335;1338;1338;1341;1341;1344;1344;1347;1347;1350;1350;1353;1353;1356;1356;1359;1359;1362;1362;1365;1365;1368;1368;1371;1371;1374;1374;1376;1376;1379;1379;1382;1382;1385;1385;1388;1388;1391;1391;1394;1394;131;131;128;128;125;125;123;123;120;120;117;117;114;114;111;111;108;108;105;105;102;102;87;87;90;90;93;93;90;90;87;87;84;84;82
1697952667791469.gadget2d_resized_512x512.png;class_0;1.0;polygon;x values;332;327;24;24;19;19;28;206;211;269;274;293;298;327;332;476;481;529;534;553;558;596;601;760;765;813;818;847;851;899;904;1063;1068;1135;1140;1159;1164;1203;1207;1275;1280;1458;1463;1511;1515;1838;1843;2459;2459;2319;2314;2295;2290;2261;2257;2127;2122;2074;2069;2054;2050;2016;2011;1756;1751;1703;1698;1674;1669;1641;1636;1588;1583;1491;1487;1448;1443;1438;1434;1371;1366;1347;1342;1280;1275;1207;1203;861;856;765;760;736;731;591;587;582;433;428
1697952667791469.gadget2d_resized_512x512.png;class_0;1.0;polygon;y values;70;73;73;76;79;1327;1333;1333;1335;1335;1338;1338;1341;1341;1344;1344;1347;1347;1350;1350;1353;1353;1356;1356;1359;1359;1362;1362;1365;1365;1368;1368;1371;1371;1374;1374;1376;1376;1379;1379;1382;1382;1385;1385;1388;1388;1391;1391;125;125;123;123;120;120;117;117;114;114;111;111;108;108;105;105;102;102;99;99;96;96;93;93;90;90;87;87;84;84;82;82;84;84;87;87;84;84;82;82;79;79;76;76;73;73;70;73;73;70
1698158316193075.gadget2d_resized_512x512.png;class_0;1.0;polygon;x values;24;19;19;24;72;77;125;129;149;154;187;192;351;356;404;409;433;437;481;486;591;596;635;640;664;668;707;712;957;962;1039;1044;1087;1092;1140;1145;1313;1318;1405;1410;1463;1467;1540;1544;2175;2180;2233;2237;2459;2459;2295;2290;2266;2261;2252;2247;2218;2213;1987;1982;1934;1929;1905;1900;1857;1852;1660;1655;1621;1617;1597;1592;1554;1549
1698158316193075.gadget2d_resized_512x512.png;class_0;1.0;polygon;y values;82;84;1318;1321;1321;1324;1324;1327;1327;1330;1330;1333;1333;1335;1335;1338;1338;1341;1341;1344;1344;1347;1347;1350;1350;1353;1353;1356;1356;1359;1359;1362;1362;1365;1365;1368;1368;1371;1371;1374;1374;1376;1376;1379;1379;1376;1376;1379;1379;117;117;114;114;111;111;108;108;105;105;102;102;99;99;96;96;93;93;90;90;87;87;84;84;82
1700095211106242.gadget2d_resized_512x512.png;class_0;1.0;polygon;x values;1352;1347;1333;1328;1313;1309;1284;1280;1260;1256;1044;1039;986;981;885;880;847;842;818;813;794;789;539;534;524;519;476;471;28;19;19;28;101;105;144;149;202;206;360;365;442;447;481;486;543;548;731;736;789;794;861;866;938;943;1169;1174;1265;1270;1366;1371;1631;1636;2459;2459;2261;2257;2194;2189;2160;2156;2098;2093;1809;1804;1727;1722;1708;1703;1689;1684;1669;1665;1636;1631;1602;1597;1530;1525;1472;1467;1443;1438
1700095211106242.gadget2d_resized_512x512.png;class_0;1.0;polygon;y values;158;161;161;164;164;166;166;169;169;172;172;169;169;166;166;164;164;166;166;169;169;172;172;169;169;166;166;164;164;169;1388;1394;1394;1397;1397;1400;1400;1403;1403;1406;1406;1409;1409;1412;1412;1415;1415;1417;1417;1420;1420;1423;1423;1426;1426;1429;1429;1432;1432;1435;1435;1438;1438;199;199;196;196;193;193;190;190;187;187;184;184;181;181;178;178;175;175;172;172;169;169;166;166;164;164;161;161;158
1698262489460487.gadget2d_resized_512x512.png;class_0;1.0;polygon;x values;24;19;19;28;178;182;240;245;264;269;317;322;462;466;505;510;534;539;601;606;736;741;784;789;818;822;928;933;1145;1150;1222;1227;1270;1275;1347;1352;1564;1568;1650;1655;1756;1761;1997;2002;2459;2459;2329;2324;2300;2295;2290;2285;2257;2252;2040;2035;1997;1992;1968;1963;1915;1910;1694;1689;1660;1655;1641;1636;1607;1602;1284;1280;1068;1063;991;986;885;880
1698262489460487.gadget2d_resized_512x512.png;class_0;1.0;polygon;y values;70;73;1315;1321;1321;1324;1324;1327;1327;1330;1330;1333;1333;1335;1335;1338;1338;1341;1341;1344;1344;1347;1347;1350;1350;1353;1353;1356;1356;1359;1359;1362;1362;1365;1365;1368;1368;1371;1371;1374;1374;1376;1376;1379;1379;117;117;114;114;111;111;108;108;105;105;102;102;99;99;96;96;93;93;90;90;87;87;84;84;82;82;79;79;76;76;73;73;70
1700409019369436.gadget2d_resized_512x512.png;class_0;1.0;polygon;x values;1708;1703;1607;1602;1511;1506;1424;1419;1058;1053;996;991;976;972;928;924;625;620;519;514;490;486;447;442;283;279;250;245;226;221;192;187;0;0;173;178;471;476;587;591;664;668;702;707;789;794;1284;1289;1366;1371;1414;1419;1491;1496;1732;1737;1785;1790;1814;1819;1881;1886;2064;2069;2098;2103;2122;2127;2165;2170;2338;2343;2382;2387;2406;2411;2459;2459
1700409019369436.gadget2d_resized_512x512.png;class_0;1.0;polygon;y values;164;166;166;169;169;172;172;175;175;178;178;181;181;184;184;187;187;190;190;193;193;196;196;199;199;202;202;205;205;208;208;210;210;1309;1309;1306;1306;1309;1309;1306;1306;1303;1303;1300;1300;1297;1297;1294;1294;1291;1291;1289;1289;1286;1286;1283;1283;1280;1280;1277;1277;1274;1274;1271;1271;1268;1268;1265;1265;1262;1262;1259;1259;1256;1256;1253;1253;164
1700097406147744.gadget2d_resized_512x512.png;class_0;1.0;polygon;x values;24;19;19;24;24;77;81;187;192;255;259;283;288;332;336;486;490;572;577;596;601;644;649;765;770;827;832;885;890;943;948;1092;1097;1150;1155;1179;1183;1241;1246;1414;1419;1655;1660;1814;1819;2175;2180;2459;2459;2444;2439;2252;2247;2199;2194;2175;2170;2131;2127;1876;1872;1838;1833;1814;1809;1756;1751;1641;1636;1530;1525;1491;1487;1438;1434;1386;1381;1289;1284;871;866;798;794;774;770;721;717
1700097406147744.gadget2d_resized_512x512.png;class_0;1.0;polygon;y values;82;84;1333;1335;1341;1341;1344;1344;1347;1347;1350;1350;1353;1353;1356;1356;1359;1359;1362;1362;1365;1365;1368;1368;1371;1371;1374;1374;1376;1376;1379;1379;1382;1382;1385;1385;1388;1388;1391;1391;1394;1394;1397;1397;1400;1400;1403;1403;131;131;128;128;125;125;123;123;120;120;117;117;114;114;111;111;108;108;105;105;102;102;99;99;96;96;93;93;96;96;93;93;90;90;87;87;84;84;82
1697977776326268.gadget2d_resized_512x512.png;class_0;1.0;polygon;x values;0;0;192;197;250;255;283;288;336;341;486;490;539;543;563;567;601;606;760;765;847;851;909;914;1039;1044;1159;1164;1270;1275;1309;1313;1414;1419;2165;2170;2310;2314;2396;2401;2444;2449;2459;2459;2319;2314;2281;2276;2252;2247;2189;2184;1934;1929;1896;1891;1872;1867;1833;1828;1602;1597;1386;1381;1309;1304;1212;1207
1697977776326268.gadget2d_resized_512x512.png;class_0;1.0;polygon;y values;46;1333;1333;1335;1335;1338;1338;1341;1341;1344;1344;1347;1347;1350;1350;1353;1353;1356;1356;1359;1359;1362;1362;1365;1365;1368;1368;1371;1371;1374;1374;1376;1376;1379;1379;1382;1382;1385;1385;1382;1382;1385;1385;82;82;79;79;76;76;73;73;70;70;67;67;64;64;61;61;58;58;55;55;52;52;49;49;46
1697946026649666.gadget2d_resized_512x512.png;class_0;1.0;polygon;x values;24;19;19;28;139;144;202;206;259;264;341;346;409;413;457;462;553;558;707;712;774;779;803;808;856;861;919;924;1005;1010;1049;1053;1121;1126;1333;1337;1357;1361;1453;1458;1472;1477;1496;1501;1549;1554;1737;1742;1780;1785;1929;1934;2459;2459;2372;2367;2300;2295;2257;2252;2204;2199;1944;1939;1905;1900;1886;1881;1833;1828;1708;1703;1641;1636;1477;1472;1414;1410;1318;1313;1280;1275;1068;1063;952;948;914;909;798;794;779;774;745;741
1697946026649666.gadget2d_resized_512x512.png;class_0;1.0;polygon;y values;82;84;1330;1335;1335;1338;1338;1341;1341;1344;1344;1347;1347;1350;1350;1353;1353;1356;1356;1359;1359;1362;1362;1365;1365;1368;1368;1371;1371;1374;1374;1376;1376;1379;1379;1376;1376;1374;1374;1376;1376;1379;1379;1382;1382;1385;1385;1388;1388;1391;1391;1394;1394;128;128;125;125;123;123;120;120;117;117;114;114;111;111;108;108;105;105;102;102;99;99;96;96;99;99;96;96;93;93;90;90;87;87;90;90;87;87;84;84;82
1700380467223118.gadget2d_resized_512x512.png;class_0;1.0;polygon;x values;2334;2329;2122;2117;1891;1886;1737;1732;1232;1227;1174;1169;1140;1135;1029;1025;774;770;702;697;664;659;481;476;360;356;327;322;317;312;283;279;33;28;0;0;14;19;736;741;827;832;924;928;1169;1174;1386;1390;1482;1487;1554;1559;1621;1626;1876;1881;1944;1949;1973;1977;2021;2026;2127;2131;2208;2213;2242;2247;2290;2295;2459;2459;2439;2435
1700380467223118.gadget2d_resized_512x512.png;class_0;1.0;polygon;y values;164;166;166;169;169;172;172;175;175;178;178;181;181;184;184;187;187;190;190;193;193;196;196;199;199;202;202;205;205;208;208;210;210;213;213;1289;1289;1286;1286;1283;1283;1280;1280;1277;1277;1274;1274;1271;1271;1268;1268;1265;1265;1262;1262;1259;1259;1256;1256;1253;1253;1250;1250;1248;1248;1245;1245;1242;1242;1239;1239;166;166;164
1698245045031306.gadget2d_resized_512x512.png;class_0;1.0;polygon;x values;24;19;19;28;101;105;129;134;182;187;351;356;404;409;433;437;486;490;635;640;688;693;707;712;741;745;957;962;1025;1029;1063;1068;1121;1126;1270;1275;1352;1357;1390;1395;1443;1448;1982;1987;2208;2213;2329;2334;2459;2459;2362;2358;2314;2310;2290;2285;2247;2242;2026;2021;1987;1982;1968;1963;1929;1925;1732;1727;1689;1684;1674;1669;1631;1626;1328;1323;1260;1256;1222;1217;1111;1106
1698245045031306.gadget2d_resized_512x512.png;class_0;1.0;polygon;y values;82;84;1318;1324;1324;1327;1327;1330;1330;1333;1333;1335;1335;1338;1338;1341;1341;1344;1344;1347;1347;1350;1350;1353;1353;1356;1356;1359;1359;1362;1362;1365;1365;1368;1368;1371;1371;1374;1374;1376;1376;1379;1379;1382;1382;1385;1385;1388;1388;128;128;125;125;123;123;120;120;117;117;114;114;111;111;108;108;105;105;102;102;99;99;96;96;93;93;90;90;87;87;84;84;82
1697621449674824.gadget2d_resized_512x512.png;class_0;1.0;polygon;x values;24;19;19;28;154;158;202;206;226;231;283;288;399;404;442;447;471;476;519;524;654;659;707;712;731;736;770;774;899;904;967;972;996;1001;1049;1053;1179;1183;1246;1251;1284;1289;1357;1361;1669;1674;1900;1905;1953;1958;2156;2160;2459;2459;2425;2420;2208;2204;2175;2170;2165;2160;2131;2127;1881;1876;1848;1843;1828;1823;1785;1780;1583;1578;1540;1535;1515;1511;1477;1472
1697621449674824.gadget2d_resized_512x512.png;class_0;1.0;polygon;y values;128;131;1327;1333;1333;1335;1335;1338;1338;1341;1341;1344;1344;1347;1347;1350;1350;1353;1353;1356;1356;1359;1359;1362;1362;1365;1365;1368;1368;1371;1371;1374;1374;1376;1376;1379;1379;1382;1382;1385;1385;1388;1388;1391;1391;1394;1394;1397;1397;1400;1400;1403;1403;166;166;164;164;161;161;158;158;155;155;152;152;149;149;146;146;143;143;140;140;137;137;134;134;131;131;128
1700336475860700.gadget2d_resized_512x512.png;class_0;1.0;polygon;x values;1174;1169;1111;1106;1078;1073;1005;1001;702;697;659;654;635;630;476;471;336;332;303;298;288;283;255;250;28;19;19;28;245;250;399;404;413;418;1001;1005;1207;1212;1280;1284;1366;1371;1554;1559;1617;1621;1660;1665;1742;1746;1929;1934;1973;1977;1997;2002;2054;2059;2208;2213;2257;2261;2285;2290;2338;2343;2459;2459
1700336475860700.gadget2d_resized_512x512.png;class_0;1.0;polygon;y values;199;202;202;205;205;208;208;210;210;213;213;216;216;219;219;222;222;225;225;228;228;231;231;234;234;240;1294;1300;1300;1297;1297;1300;1300;1297;1297;1294;1294;1291;1291;1289;1289;1286;1286;1283;1283;1280;1280;1277;1277;1274;1274;1271;1271;1268;1268;1265;1265;1262;1262;1259;1259;1256;1256;1253;1253;1250;1250;199
1700399602452691.gadget2d_resized_512x512.png;class_0;1.0;polygon;x values;2151;2146;1896;1891;1790;1785;1655;1650;1193;1188;1130;1126;1087;1082;1005;1001;721;717;664;659;625;620;495;490;346;341;312;308;293;288;264;259;19;14;0;0;62;67;206;211;279;283;385;389;635;640;673;678;745;750;1174;1179;1318;1323;1371;1376;1506;1511;1766;1771;1819;1823;1852;1857;1925;1929;2098;2103;2156;2160;2180;2184;2237;2242;2439;2444;2459;2459
1700399602452691.gadget2d_resized_512x512.png;class_0;1.0;polygon;y values;164;166;166;169;169;172;172;175;175;178;178;181;181;184;184;187;187;190;190;193;193;196;196;199;199;202;202;205;205;208;208;210;210;213;213;1283;1283;1280;1280;1283;1283;1280;1280;1283;1283;1280;1280;1277;1277;1274;1274;1271;1271;1268;1268;1265;1265;1262;1262;1259;1259;1256;1256;1253;1253;1250;1250;1248;1248;1245;1245;1242;1242;1239;1239;1236;1236;164
1700069881585466.gadget2d_resized_512x512.png;class_0;1.0;polygon;x values;24;19;19;24;24;91;96;129;134;178;182;317;322;375;380;404;409;447;452;630;635;702;707;726;731;765;770;895;899;976;981;1015;1020;1068;1073;1183;1188;1256;1260;1289;1294;1352;1357;1727;1732;2252;2257;2372;2377;2459;2459;2444;2439;2382;2377;2358;2353;2324;2319;2136;2131;2098;2093;2069;2064;2021;2016;1761;1756;1718;1713;1698;1694;1669;1665;1549;1544;1294;1289;1260;1256;1198;1193
1700069881585466.gadget2d_resized_512x512.png;class_0;1.0;polygon;y values;93;96;1330;1333;1335;1335;1338;1338;1341;1341;1344;1344;1347;1347;1350;1350;1353;1353;1356;1356;1359;1359;1362;1362;1365;1365;1368;1368;1371;1371;1374;1374;1376;1376;1379;1379;1382;1382;1385;1385;1388;1388;1391;1391;1394;1394;1397;1397;1400;1400;140;140;137;137;134;134;131;131;128;128;125;125;123;123;120;120;117;117;114;114;111;111;108;108;105;105;102;102;99;99;96;96;93
1700399666190657.gadget2d_resized_512x512.png;class_0;1.0;polygon;x values;1174;1169;1106;1102;1049;1044;981;976;635;630;486;481;452;447;413;409;245;240;206;202;187;182;149;144;24;19;19;24;779;784;972;976;1203;1207;1313;1318;1665;1669;1698;1703;1718;1722;1761;1766;2040;2045;2112;2117;2136;2141;2170;2175;2396;2401;2459;2459
1700399666190657.gadget2d_resized_512x512.png;class_0;1.0;polygon;y values;152;155;155;158;158;161;161;164;164;166;166;169;169;172;172;175;175;178;178;181;181;184;184;187;187;190;1248;1250;1250;1248;1248;1245;1245;1242;1242;1239;1239;1236;1236;1233;1233;1230;1230;1227;1227;1224;1224;1221;1221;1218;1218;1215;1215;1212;1212;152
1700068561557729.gadget2d_resized_512x512.png;class_0;1.0;polygon;x values;24;19;19;24;24;28;33;206;211;283;288;327;332;380;385;490;495;563;567;591;596;625;630;770;774;813;818;861;866;948;952;1140;1145;1212;1217;1260;1265;1337;1342;1641;1645;2189;2194;2367;2372;2459;2459;2449;2444;2435;2430;2406;2401;2170;2165;2117;2112;2093;2088;2054;2050;1795;1790;1746;1742;1722;1718;1698;1694;1515;1511;1294;1289;1232;1227;1164;1159
1700068561557729.gadget2d_resized_512x512.png;class_0;1.0;polygon;y values;117;120;1347;1350;1353;1353;1356;1356;1359;1359;1362;1362;1365;1365;1368;1368;1371;1371;1374;1374;1376;1376;1379;1379;1382;1382;1385;1385;1388;1388;1391;1391;1394;1394;1397;1397;1400;1400;1403;1403;1406;1406;1409;1409;1412;1412;161;161;158;158;155;155;152;152;149;149;146;146;143;143;140;140;137;137;134;134;131;131;128;128;125;125;123;123;120;120;117
1698321370617107.gadget2d_resized_512x512.png;class_0;1.0;polygon;x values;24;19;19;28;163;168;216;221;245;250;308;312;471;476;519;524;543;548;591;596;726;731;770;774;818;822;928;933;1116;1121;1169;1174;1203;1207;1275;1280;1549;1554;1660;1665;1751;1756;2083;2088;2459;2459;2454;2449;2401;2396;2136;2131;2107;2103;2098;2093;2069;2064;1795;1790;1746;1742;1713;1708;1669;1665;1453;1448;1410;1405;1386;1381;1313;1309
1698321370617107.gadget2d_resized_512x512.png;class_0;1.0;polygon;y values;82;84;1315;1321;1321;1324;1324;1327;1327;1330;1330;1333;1333;1335;1335;1338;1338;1341;1341;1344;1344;1347;1347;1350;1350;1353;1353;1356;1356;1359;1359;1362;1362;1365;1365;1368;1368;1371;1371;1374;1374;1376;1376;1379;1379;123;123;120;120;117;117;114;114;111;111;108;108;105;105;102;102;99;99;96;96;93;93;90;90;87;87;84;84;82
1698656967833511.gadget2d_resized_512x512.png;class_0;1.0;polygon;x values;24;19;19;24;24;28;81;86;134;139;303;308;360;365;385;389;423;428;582;587;635;640;664;668;717;721;919;924;991;996;1034;1039;1121;1126;1260;1265;1376;1381;1448;1453;1568;1573;2271;2276;2459;2459;2415;2411;2358;2353;2338;2334;2295;2290;2064;2059;2021;2016;1992;1987;1939;1934;1708;1703;1669;1665;1650;1645;1621;1617;1289;1284;1179;1174;1111;1106;1005;1001
1698656967833511.gadget2d_resized_512x512.png;class_0;1.0;polygon;y values;70;73;1306;1309;1312;1315;1315;1318;1318;1321;1321;1324;1324;1327;1327;1330;1330;1333;1333;1335;1335;1338;1338;1341;1341;1344;1344;1347;1347;1350;1350;1353;1353;1356;1356;1359;1359;1362;1362;1365;1365;1368;1368;1371;1371;117;117;114;114;111;111;108;108;105;105;102;102;99;99;96;96;93;93;90;90;87;87;84;84;82;82;79;79;76;76;73;73;70
1697952776793402.gadget2d_resized_512x512.png;class_0;1.0;polygon;x values;1496;1496;1501;1501;1496;1491;1487;1443;1438;1405;1400;1284;1280;1275;1270;1236;1232;1179;1174;851;847;813;808;500;495;394;389;221;216;28;24;24;19;19;28;134;139;182;187;231;235;356;360;433;437;471;476;505;510;630;635;688;693;712;717;755;760;972;976;1053;1058;1121;1126;1164;1169;1241;1246;1304;1309;1357;1361;1559;1564;1626;1631;1674;1679;1742;1746;2252;2257;2459;2459;2439;2435;2406;2401;2208;2204;2136;2131;2103;2098;2054;2050;1766;1761;1694;1689;1669;1665;1645;1641;1621;1617;1588;1583;1568;1564;1564;1573;1583;1588;1597;1602;1612;1617;1626;1631;1641
1697952776793402.gadget2d_resized_512x512.png;class_0;1.0;polygon;y values;76;79;82;87;90;90;93;93;96;96;99;99;96;96;99;99;96;96;93;93;96;96;93;93;90;90;87;87;84;84;87;90;93;1341;1347;1347;1350;1350;1353;1353;1356;1356;1359;1359;1362;1362;1365;1365;1368;1368;1371;1371;1374;1374;1376;1376;1379;1379;1382;1382;1385;1385;1388;1388;1391;1391;1394;1394;1397;1397;1400;1400;1403;1403;1400;1400;1397;1397;1400;1400;1403;1403;134;134;131;131;128;128;125;125;123;123;120;120;117;117;114;114;111;111;108;108;105;105;102;102;99;99;96;93;87;87;84;84;82;82;79;79;76;76
1698010483014955.gadget2d_resized_512x512.png;class_0;1.0;polygon;x values;24;19;19;24;24;67;72;216;221;274;279;298;303;356;360;481;486;548;553;601;606;664;668;770;774;842;847;885;890;962;967;1155;1159;1207;1212;1246;1251;1352;1357;1795;1799;1925;1929;2098;2103;2449;2454;2459;2459;2420;2415;2377;2372;2319;2314;2127;2122;2093;2088;2074;2069;2030;2026;1771;1766;1722;1718;1698;1694;1636;1631;1265;1260;1203;1198;1164;1159;1087;1082
1698010483014955.gadget2d_resized_512x512.png;class_0;1.0;polygon;y values;82;84;1335;1338;1341;1341;1344;1344;1347;1347;1350;1350;1353;1353;1356;1356;1359;1359;1362;1362;1365;1365;1368;1368;1371;1371;1374;1374;1376;1376;1379;1379;1382;1382;1385;1385;1388;1388;1391;1391;1394;1394;1391;1391;1394;1394;1397;1397;125;125;123;123;120;120;117;117;114;114;111;111;108;108;105;105;102;102;99;99;96;96;93;93;90;90;87;87;84;84;82
1698238359880169.gadget2d_resized_512x512.png;class_0;1.0;polygon;x values;24;19;19;24;24;62;67;231;235;279;283;308;312;365;370;500;505;529;534;543;548;567;572;770;774;851;856;904;909;1005;1010;1145;1150;1217;1222;1251;1256;1299;1304;1544;1549;1742;1746;1977;1982;2175;2180;2459;2459;2444;2439;2218;2213;2180;2175;2165;2160;2122;2117;1905;1900;1867;1862;1838;1833;1790;1785;1617;1612;1515;1511;1453;1448;1357;1352;1029;1025;928;924;856;851;736;731
1698238359880169.gadget2d_resized_512x512.png;class_0;1.0;polygon;y values;82;84;1321;1324;1330;1330;1333;1333;1335;1335;1338;1338;1341;1341;1344;1344;1347;1347;1350;1350;1353;1353;1356;1356;1359;1359;1362;1362;1365;1365;1368;1368;1371;1371;1374;1374;1376;1376;1379;1379;1382;1382;1385;1385;1388;1388;1391;1391;131;131;128;128;125;125;123;123;120;120;117;117;114;114;111;111;108;108;105;105;102;102;99;99;96;96;93;93;90;90;87;87;84;84;82
1700073163653849.gadget2d_resized_512x512.png;class_0;1.0;polygon;x values;24;19;19;28;149;154;221;226;250;255;293;298;423;428;486;490;548;553;625;630;741;745;779;784;808;813;875;880;1058;1063;1135;1140;1164;1169;1207;1212;1371;1376;1520;1525;1665;1669;2002;2006;2459;2459;2285;2281;2247;2242;2223;2218;2199;2194;1963;1958;1905;1900;1876;1872;1819;1814;1636;1631;1573;1568;1554;1549;1515;1511;1058;1053;952;948;798;794;712;707
1700073163653849.gadget2d_resized_512x512.png;class_0;1.0;polygon;y values;93;96;1338;1344;1344;1347;1347;1350;1350;1353;1353;1356;1356;1359;1359;1362;1362;1365;1365;1368;1368;1371;1371;1374;1374;1376;1376;1379;1379;1382;1382;1385;1385;1388;1388;1391;1391;1394;1394;1397;1397;1400;1400;1403;1403;140;140;137;137;134;134;131;131;128;128;125;125;123;123;120;120;117;117;114;114;111;111;108;108;105;105;102;102;99;99;96;96;93
1700305803530459.gadget2d_resized_512x512.png;class_0;1.0;polygon;x values;1578;1573;1506;1501;1453;1448;1366;1361;1034;1029;976;972;938;933;885;880;601;596;563;558;543;539;500;495;298;293;259;255;240;235;197;192;0;0;144;149;654;659;712;717;818;822;1275;1280;1357;1361;1405;1410;1482;1487;1645;1650;1703;1708;1737;1742;1790;1795;2006;2011;2050;2054;2069;2074;2122;2127;2276;2281;2324;2329;2353;2358;2406;2411;2459;2459
1700305803530459.gadget2d_resized_512x512.png;class_0;1.0;polygon;y values;175;178;178;181;181;184;184;187;187;190;190;193;193;196;196;199;199;202;202;205;205;208;208;210;210;213;213;216;216;219;219;222;222;1297;1297;1294;1294;1291;1291;1289;1289;1286;1286;1283;1283;1280;1280;1277;1277;1274;1274;1271;1271;1268;1268;1265;1265;1262;1262;1259;1259;1256;1256;1253;1253;1250;1250;1248;1248;1245;1245;1242;1242;1239;1239;175
1698013797084928.gadget2d_resized_512x512.png;class_0;1.0;polygon;x values;24;19;19;24;24;48;52;86;91;269;274;428;433;510;514;587;591;851;856;875;880;899;904;914;919;1082;1087;1328;1333;1434;1438;1491;1496;1669;1674;2194;2199;2213;2218;2252;2257;2353;2358;2459;2459;2362;2358;2329;2324;2285;2281;2194;2189;2170;2165;2160;2156;2141;2136;2093;2088;2030;2026;2021;2011;2006;2002;1977;1973;1939;1934;1900;1896;1881;1876;1852;1848;1592;1588;1544;1540;1530;1525;1515;1511;1284;1280;1232;1227;1212;1207;1169;1164;635;630;567;563;548;543;447;442;433;428;404;399
1698013797084928.gadget2d_resized_512x512.png;class_0;1.0;polygon;y values;152;155;1294;1297;1300;1300;1303;1303;1306;1306;1309;1309;1312;1312;1315;1315;1318;1318;1321;1321;1324;1324;1327;1327;1330;1330;1333;1333;1335;1335;1338;1338;1341;1341;1344;1344;1347;1347;1350;1350;1353;1353;1356;1356;196;196;193;193;190;190;187;187;184;184;181;181;178;178;175;175;172;172;175;175;181;181;184;184;187;187;184;184;181;181;178;178;175;175;172;172;169;169;166;166;164;164;161;161;158;158;155;155;152;152;155;155;158;158;161;161;158;158;155;155;152
1698154350107187.gadget2d_resized_512x512.png;class_0;1.0;polygon;x values;24;19;19;24;48;52;129;134;158;163;206;211;360;365;404;409;428;433;466;471;620;625;673;678;707;712;774;779;996;1001;1058;1063;1092;1097;1150;1155;1323;1328;1443;1448;1525;1530;1612;1617;2439;2444;2459;2459;2329;2324;2295;2290;2285;2281;2252;2247;2040;2035;1997;1992;1973;1968;1920;1915;1703;1698;1669;1665;1650;1645;1626;1621;1284;1280;1121;1116;1053;1049;962;957
1698154350107187.gadget2d_resized_512x512.png;class_0;1.0;polygon;y values;70;73;1306;1309;1309;1312;1312;1315;1315;1318;1318;1321;1321;1324;1324;1327;1327;1330;1330;1333;1333;1335;1335;1338;1338;1341;1341;1344;1344;1347;1347;1350;1350;1353;1353;1356;1356;1359;1359;1362;1362;1365;1365;1368;1368;1371;1371;117;117;114;114;111;111;108;108;105;105;102;102;99;99;96;96;93;93;90;90;87;87;84;84;82;82;79;79;76;76;73;73;70
1697957082882778.gadget2d_resized_512x512.png;class_0;1.0;polygon;x values;640;635;616;611;548;543;437;433;365;360;24;19;19;24;24;129;134;221;226;250;255;298;303;486;490;601;606;635;640;693;697;851;856;928;933;972;976;1044;1049;1188;1193;1333;1337;1390;1395;1443;1448;1496;1501;1554;1559;1592;1597;1718;1722;1766;1771;1809;1814;2021;2026;2103;2107;2459;2459;2449;2444;2223;2218;2170;2165;2141;2136;2103;2098;1862;1857;1823;1819;1804;1799;1775;1771;1732;1727;1703;1698;1684;1679;1674;1669;1655;1650;1564;1559;1386;1381;1227;1222;803;798;755;750;731;726
1697957082882778.gadget2d_resized_512x512.png;class_0;1.0;polygon;y values;38;41;41;43;43;46;46;43;43;46;46;49;1291;1294;1297;1297;1300;1300;1303;1303;1306;1306;1309;1309;1312;1312;1315;1315;1318;1318;1321;1321;1324;1324;1327;1327;1330;1330;1333;1333;1335;1335;1333;1333;1335;1335;1338;1338;1341;1341;1338;1338;1335;1335;1338;1338;1341;1341;1344;1344;1341;1341;1344;1344;84;84;82;82;79;79;76;76;73;73;70;70;67;67;64;64;61;61;58;58;55;55;52;52;49;49;46;46;43;43;46;46;49;49;46;46;43;43;41;41;38
1698701586760960.gadget2d_resized_512x512.png;class_0;1.0;polygon;x values;24;19;19;28;158;163;216;221;245;250;308;312;409;413;466;471;505;510;567;572;702;707;765;770;789;794;847;851;1039;1044;1116;1121;1145;1150;1193;1198;1371;1376;1501;1506;1544;1549;1872;1876;1881;1886;1891;1896;2459;2459;2430;2425;2415;2411;2377;2372;2136;2131;2098;2093;2074;2069;2026;2021;1785;1780;1746;1742;1727;1722;1703;1698;1501;1496;1337;1333;1289;1284;1193;1188
1698701586760960.gadget2d_resized_512x512.png;class_0;1.0;polygon;y values;93;96;1327;1333;1333;1335;1335;1338;1338;1341;1341;1344;1344;1347;1347;1350;1350;1353;1353;1356;1356;1359;1359;1362;1362;1365;1365;1368;1368;1371;1371;1374;1374;1376;1376;1379;1379;1382;1382;1385;1385;1388;1388;1391;1391;1388;1388;1391;1391;137;137;134;134;131;131;128;128;125;125;123;123;120;120;117;117;114;114;111;111;108;108;105;105;102;102;99;99;96;96;93
1698272439587578.gadget2d_resized_512x512.png;class_0;1.0;polygon;x values;24;19;19;24;24;28;33;115;120;264;269;317;322;332;336;365;370;548;553;591;596;616;620;664;668;847;851;919;924;967;972;1039;1044;1193;1198;1284;1289;1318;1323;1376;1381;1674;1679;1915;1920;1987;1992;2146;2151;2343;2348;2459;2459;2324;2319;2281;2276;2252;2247;2208;2204;1997;1992;1953;1949;1939;1934;1896;1891;1669;1665;1612;1607;1592;1588;1530;1525;1251;1246;1159;1155;1116;1111;1039;1034
1698272439587578.gadget2d_resized_512x512.png;class_0;1.0;polygon;y values;105;108;1321;1324;1327;1327;1330;1330;1333;1333;1335;1335;1338;1338;1341;1341;1344;1344;1347;1347;1350;1350;1353;1353;1356;1356;1359;1359;1362;1362;1365;1365;1368;1368;1371;1371;1374;1374;1376;1376;1379;1379;1382;1382;1385;1385;1382;1382;1385;1385;1388;1388;152;152;149;149;146;146;143;143;140;140;137;137;134;134;131;131;128;128;125;125;123;123;120;120;117;117;114;114;111;111;108;108;105
1700014817619103.gadget2d_resized_512x512.png;class_0;1.0;polygon;x values;890;885;789;784;750;745;741;726;721;702;688;683;529;524;486;481;471;466;423;418;173;168;96;91;38;33;24;24;19;19;24;24;394;399;673;678;818;822;952;957;1222;1227;1482;1487;1544;1549;1578;1583;1636;1641;1823;1828;1910;1915;1949;1953;1997;2002;2170;2175;2204;2208;2223;2228;2276;2281;2459;2459;1939;1934;1920;1915;1771;1766;1694;1689;1645;1641;1530;1525;1082;1078;1063;1044;1039;1034;1029;1025
1700014817619103.gadget2d_resized_512x512.png;class_0;1.0;polygon;y values;284;287;287;290;290;292;292;301;301;313;313;316;316;319;319;322;322;325;325;328;328;331;331;333;333;336;336;339;342;1406;1409;1412;1412;1415;1415;1412;1412;1409;1409;1406;1406;1403;1403;1400;1400;1397;1397;1394;1394;1391;1391;1388;1388;1385;1385;1382;1382;1379;1379;1376;1376;1374;1374;1371;1371;1368;1368;292;292;295;295;292;292;295;295;298;298;301;301;304;304;301;301;290;290;287;287;284
1700394505206506.gadget2d_resized_512x512.png;class_0;1.0;polygon;x values;24;19;19;24;81;86;158;163;197;202;264;269;409;413;486;490;529;534;591;596;717;721;755;760;784;789;837;842;1049;1053;1116;1121;1145;1150;1207;1212;1352;1357;1448;1453;1525;1530;1867;1872;2358;2362;2406;2411;2444;2449;2459;2459;2367;2362;2329;2324;2300;2295;2257;2252;2050;2045;1992;1987;1949;1944;1896;1891;1698;1694;1650;1645;1631;1626;1602;1597;1554;1549;1467;1463;1342;1337;1183;1179;1130;1126;1010;1005
1700394505206506.gadget2d_resized_512x512.png;class_0;1.0;polygon;y values;70;73;1318;1321;1321;1324;1324;1327;1327;1330;1330;1333;1333;1335;1335;1338;1338;1341;1341;1344;1344;1347;1347;1350;1350;1353;1353;1356;1356;1359;1359;1362;1362;1365;1365;1368;1368;1371;1371;1374;1374;1376;1376;1379;1379;1382;1382;1379;1379;1382;1382;117;117;114;114;111;111;108;108;105;105;102;102;99;99;96;96;93;93;90;90;87;87;84;84;82;82;79;79;76;76;79;79;76;76;73;73;70
1697987671537735.gadget2d_resized_512x512.png;class_0;1.0;polygon;x values;24;19;19;24;91;96;168;173;197;202;255;259;351;356;404;409;428;433;466;471;616;620;673;678;717;721;789;794;1010;1015;1073;1078;1102;1106;1155;1159;1361;1366;1501;1506;1568;1573;2098;2103;2459;2459;2430;2425;2382;2377;2362;2358;2324;2319;2064;2059;2016;2011;1982;1977;1920;1915;1698;1694;1665;1660;1641;1636;1607;1602;1111;1106;1005;1001;904;899;750;745
1697987671537735.gadget2d_resized_512x512.png;class_0;1.0;polygon;y values;93;96;1330;1333;1333;1335;1335;1338;1338;1341;1341;1344;1344;1347;1347;1350;1350;1353;1353;1356;1356;1359;1359;1362;1362;1365;1365;1368;1368;1371;1371;1374;1374;1376;1376;1379;1379;1382;1382;1385;1385;1388;1388;1391;1391;140;140;137;137;134;134;131;131;128;128;125;125;123;123;120;120;117;117;114;114;111;111;108;108;105;105;102;102;99;99;96;96;93
1698176871590546.gadget2d_resized_512x512.png;class_0;1.0;polygon;x values;24;19;19;24;77;81;139;144;173;178;221;226;385;389;437;442;466;471;505;510;616;620;668;673;702;707;745;750;1049;1053;1106;1111;1135;1140;1174;1179;1511;1515;1641;1645;1708;1713;1867;1872;1910;1915;2271;2276;2459;2459;2319;2314;2281;2276;2257;2252;2218;2213;1987;1982;1925;1920;1896;1891;1843;1838;1621;1617;1564;1559;1540;1535;1487;1482;1063;1058;962;957;875;871;717;712
1698176871590546.gadget2d_resized_512x512.png;class_0;1.0;polygon;y values;93;96;1341;1344;1344;1347;1347;1350;1350;1353;1353;1356;1356;1359;1359;1362;1362;1365;1365;1368;1368;1371;1371;1374;1374;1376;1376;1379;1379;1382;1382;1385;1385;1388;1388;1391;1391;1394;1394;1397;1397;1400;1400;1397;1397;1400;1400;1403;1403;140;140;137;137;134;134;131;131;128;128;125;125;123;123;120;120;117;117;114;114;111;111;108;108;105;105;102;102;99;99;96;96;93
1700399596451080.gadget2d_resized_512x512.png;class_0;1.0;polygon;x values;1949;1944;1809;1804;1713;1708;1549;1544;1140;1135;1068;1063;1020;1015;972;967;683;678;630;625;543;539;476;471;317;312;283;279;269;264;235;231;0;0;14;19;510;514;539;543;668;673;702;707;770;774;1246;1251;1352;1357;1405;1410;1535;1540;1795;1799;1852;1857;1886;1891;1953;1958;2122;2127;2170;2175;2199;2204;2252;2257;2459;2459
1700399596451080.gadget2d_resized_512x512.png;class_0;1.0;polygon;y values;164;166;166;169;169;172;172;175;175;178;178;181;181;184;184;187;187;190;190;193;193;196;196;199;199;202;202;205;205;208;208;210;210;1286;1286;1283;1283;1286;1286;1283;1283;1280;1280;1277;1277;1274;1274;1271;1271;1268;1268;1265;1265;1262;1262;1259;1259;1256;1256;1253;1253;1250;1250;1248;1248;1245;1245;1242;1242;1239;1239;164
1698010291011155.gadget2d_resized_512x512.png;class_0;1.0;polygon;x values;24;19;19;24;24;28;81;86;245;250;312;317;341;346;389;394;452;457;510;514;563;567;606;611;765;770;842;847;890;895;972;976;1121;1126;1169;1174;1203;1207;1256;1260;1487;1491;1592;1597;1708;1713;1900;1905;2329;2334;2459;2459;2435;2430;2218;2213;2184;2180;2170;2165;2136;2131;1905;1900;1862;1857;1838;1833;1775;1771;1612;1607;1564;1559;1540;1535;1482;1477
1698010291011155.gadget2d_resized_512x512.png;class_0;1.0;polygon;y values;82;84;1321;1324;1327;1330;1330;1333;1333;1335;1335;1338;1338;1341;1341;1344;1344;1347;1347;1350;1350;1353;1353;1356;1356;1359;1359;1362;1362;1365;1365;1368;1368;1371;1371;1374;1374;1376;1376;1379;1379;1382;1382;1385;1385;1388;1388;1391;1391;1394;1394;120;120;117;117;114;114;111;111;108;108;105;105;102;102;99;99;96;96;93;93;90;90;87;87;84;84;82
1699969102095196.gadget2d_resized_512x512.png;class_0;1.0;polygon;x values;741;736;726;717;717;707;702;697;668;664;563;558;529;524;481;476;259;255;202;197;173;168;125;120;24;19;19;24;24;789;794;1236;1241;1371;1376;1419;1424;1549;1554;1597;1602;1641;1645;1727;1732;1934;1939;1977;1982;2006;2011;2054;2059;2223;2228;2261;2266;2285;2290;2358;2362;2459;2459;2021;2016;1958;1953;1862;1857;1814;1809;1775;1771;1660;1655;1092;1087;1073;1068;1058;1053;1044;1039
1699969102095196.gadget2d_resized_512x512.png;class_0;1.0;polygon;y values;292;295;295;301;307;313;313;316;316;319;319;322;322;325;325;328;328;331;331;333;333;336;336;339;339;342;1409;1412;1415;1415;1412;1412;1409;1409;1406;1406;1403;1403;1400;1400;1397;1397;1394;1394;1391;1391;1388;1388;1385;1385;1382;1382;1379;1379;1376;1376;1374;1374;1371;1371;1368;1368;292;292;295;295;298;298;295;295;298;298;301;301;304;304;301;301;298;298;295;295;292
1700429942332039.gadget2d_resized_512x512.png;class_0;1.0;polygon;x values;24;19;19;24;24;96;101;129;134;173;178;288;293;389;394;413;418;447;452;635;640;678;683;707;712;741;745;837;842;933;938;967;972;1034;1039;1164;1169;1217;1222;1256;1260;1299;1304;1463;1467;1992;1997;2083;2088;2127;2131;2459;2459;2358;2353;2300;2295;2285;2281;2247;2242;2040;2035;1987;1982;1958;1953;1915;1910;1703;1698;1655;1650;1631;1626;1597;1592;1515;1511;1284;1280;1207;1203;1111;1106
1700429942332039.gadget2d_resized_512x512.png;class_0;1.0;polygon;y values;117;120;1330;1333;1335;1335;1338;1338;1341;1341;1344;1344;1347;1347;1350;1350;1353;1353;1356;1356;1359;1359;1362;1362;1365;1365;1368;1368;1371;1371;1374;1374;1376;1376;1379;1379;1382;1382;1385;1385;1388;1388;1391;1391;1394;1394;1397;1397;1400;1400;1403;1403;164;164;161;161;158;158;155;155;152;152;149;149;146;146;143;143;140;140;137;137;134;134;131;131;128;128;125;125;123;123;120;120;117
1698245339038006.gadget2d_resized_512x512.png;class_0;1.0;polygon;x values;24;19;19;28;197;202;259;264;288;293;336;341;457;462;510;514;529;534;567;572;702;707;755;760;784;789;866;871;1039;1044;1087;1092;1106;1111;1155;1159;1337;1342;1482;1487;1520;1525;1583;1588;2208;2213;2459;2459;2425;2420;2411;2406;2377;2372;2160;2156;2122;2117;2103;2098;2064;2059;1848;1843;1804;1799;1780;1775;1746;1742;1583;1578;1477;1472;1438;1434;1366;1361
1698245339038006.gadget2d_resized_512x512.png;class_0;1.0;polygon;y values;93;96;1327;1333;1333;1335;1335;1338;1338;1341;1341;1344;1344;1347;1347;1350;1350;1353;1353;1356;1356;1359;1359;1362;1362;1365;1365;1368;1368;1371;1371;1374;1374;1376;1376;1379;1379;1382;1382;1385;1385;1388;1388;1391;1391;1394;1394;137;137;134;134;131;131;128;128;125;125;123;123;120;120;117;117;114;114;111;111;108;108;105;105;102;102;99;99;96;96;93
1698272443588042.gadget2d_resized_512x512.png;class_0;1.0;polygon;x values;24;19;19;28;158;163;211;216;245;250;312;317;437;442;486;490;514;519;563;567;693;697;741;745;765;770;822;827;1049;1053;1121;1126;1150;1155;1212;1217;1371;1376;1496;1501;1568;1573;1660;1665;2459;2459;2444;2439;2367;2362;2136;2131;2103;2098;2083;2079;2040;2035;1780;1775;1737;1732;1713;1708;1655;1650;1443;1438;1361;1357;1323;1318;1246;1241
1698272443588042.gadget2d_resized_512x512.png;class_0;1.0;polygon;y values;105;108;1315;1321;1321;1324;1324;1327;1327;1330;1330;1333;1333;1335;1335;1338;1338;1341;1341;1344;1344;1347;1347;1350;1350;1353;1353;1356;1356;1359;1359;1362;1362;1365;1365;1368;1368;1371;1371;1374;1374;1376;1376;1379;1379;146;146;143;143;140;140;137;137;134;134;131;131;128;128;125;125;123;123;120;120;117;117;114;114;111;111;108;108;105
1700414254628295.gadget2d_resized_512x512.png;class_0;1.0;polygon;x values;24;19;19;24;24;115;120;173;178;206;211;274;279;413;418;476;481;505;510;553;558;731;736;770;774;794;798;904;909;1078;1082;1145;1150;1183;1188;1260;1265;1438;1443;1583;1588;1684;1689;2016;2021;2459;2459;2449;2444;2406;2401;2377;2372;2334;2329;2088;2083;2035;2030;2016;2011;1958;1953;1708;1703;1665;1660;1636;1631;1612;1607;1559;1554;1458;1453;1352;1347;1236;1232;1188;1183;1102;1097
1700414254628295.gadget2d_resized_512x512.png;class_0;1.0;polygon;y values;70;73;1303;1306;1309;1309;1312;1312;1315;1315;1318;1318;1321;1321;1324;1324;1327;1327;1330;1330;1333;1333;1335;1335;1338;1338;1341;1341;1344;1344;1347;1347;1350;1350;1353;1353;1356;1356;1359;1359;1362;1362;1365;1365;1368;1368;117;117;114;114;111;111;108;108;105;105;102;102;99;99;96;96;93;93;90;90;87;87;84;84;82;82;79;79;76;76;79;79;76;76;73;73;70
1698345778499237.gadget2d_resized_512x512.png;class_0;1.0;polygon;x values;28;24;24;19;19;24;24;38;43;115;120;250;255;322;327;356;360;399;404;534;539;591;596;620;625;659;664;794;798;895;899;976;981;1058;1063;1150;1155;1217;1222;1251;1256;1294;1299;1453;1458;1592;1597;1910;1915;2184;2189;2459;2459;2305;2300;2261;2257;2247;2242;2213;2208;2040;2035;1992;1987;1973;1968;1920;1915;1684;1679;1636;1631;1617;1612;1597;1592;1554;1549;1222;1217;1174;1169;1058;1053;721;717;649;644;591;587;519;514;500;495
1698345778499237.gadget2d_resized_512x512.png;class_0;1.0;polygon;y values;84;87;90;93;1321;1324;1327;1327;1330;1330;1333;1333;1335;1335;1338;1338;1341;1341;1344;1344;1347;1347;1350;1350;1353;1353;1356;1356;1359;1359;1362;1362;1365;1365;1368;1368;1371;1371;1374;1374;1376;1376;1379;1379;1382;1382;1385;1385;1388;1388;1391;1391;140;140;137;137;134;134;131;131;128;128;125;125;123;123;120;120;117;117;114;114;111;111;108;108;105;105;102;102;99;99;96;96;93;93;90;90;87;87;84;84;87;87;84
1698642550516560.gadget2d_resized_512x512.png;class_0;1.0;polygon;x values;24;19;19;28;168;173;221;226;245;250;293;298;466;471;524;529;558;563;635;640;765;770;818;822;851;856;919;924;1116;1121;1179;1183;1232;1236;1289;1294;1511;1515;1602;1607;1694;1698;1804;1809;2459;2459;2406;2401;2194;2189;2170;2165;2156;2151;2131;2127;1900;1896;1872;1867;1857;1852;1828;1823;1641;1636;1592;1588;1568;1564;1525;1520
1698642550516560.gadget2d_resized_512x512.png;class_0;1.0;polygon;y values;58;61;1291;1297;1297;1300;1300;1303;1303;1306;1306;1309;1309;1312;1312;1315;1315;1318;1318;1321;1321;1324;1324;1327;1327;1330;1330;1333;1333;1335;1335;1338;1338;1341;1341;1344;1344;1347;1347;1350;1350;1353;1353;1356;1356;96;96;93;93;90;90;87;87;84;84;82;82;79;79;76;76;73;73;70;70;67;67;64;64;61;61;58
1699809328100059.gadget2d_resized_512x512.png;class_0;1.0;polygon;x values;24;19;19;28;178;182;250;255;288;293;346;351;471;476;510;514;524;529;553;558;745;750;808;813;847;851;957;962;1135;1140;1217;1222;1265;1270;1328;1333;1843;1848;2343;2348;2444;2449;2459;2459;2420;2415;2180;2175;2151;2146;2136;2131;2107;2103;1814;1809;1771;1766;1751;1746;1703;1698;1443;1438;1361;1357;1299;1294;1183;1179
1699809328100059.gadget2d_resized_512x512.png;class_0;1.0;polygon;y values;82;84;1327;1333;1333;1335;1335;1338;1338;1341;1341;1344;1344;1347;1347;1350;1350;1353;1353;1356;1356;1359;1359;1362;1362;1365;1365;1368;1368;1371;1371;1374;1374;1376;1376;1379;1379;1382;1382;1385;1385;1388;1388;120;120;117;117;114;114;111;111;108;108;105;105;102;102;99;99;96;96;93;93;90;90;87;87;84;84;82
1700379109204391.gadget2d_resized_512x512.png;class_0;1.0;polygon;x values;1222;1217;1169;1164;1135;1130;1039;1034;784;779;717;712;683;678;548;543;404;399;370;365;356;351;317;312;33;28;0;0;4;9;14;19;96;101;1005;1010;1135;1140;1227;1232;1328;1333;1506;1511;1568;1573;1602;1607;1660;1665;1896;1900;1953;1958;1982;1987;2030;2035;2180;2184;2233;2237;2257;2261;2310;2314;2459;2459
1700379109204391.gadget2d_resized_512x512.png;class_0;1.0;polygon;y values;175;178;178;181;181;184;184;187;187;190;190;193;193;196;196;199;199;202;202;205;205;208;208;210;210;213;213;1294;1294;1291;1291;1289;1289;1286;1286;1283;1283;1280;1280;1277;1277;1274;1274;1271;1271;1268;1268;1265;1265;1262;1262;1259;1259;1256;1256;1253;1253;1250;1250;1248;1248;1245;1245;1242;1242;1239;1239;175
1699819121297939.gadget2d_resized_512x512.png;class_0;1.0;polygon;x values;24;19;19;28;168;173;216;221;245;250;293;298;452;457;510;514;524;529;563;567;673;678;755;760;827;832;909;914;1164;1169;1227;1232;1256;1260;1337;1342;1876;1881;1968;1973;2112;2117;2305;2310;2449;2454;2459;2459;2454;2449;2435;2430;2415;2411;2180;2175;2141;2136;2122;2117;2074;2069;1819;1814;1775;1771;1756;1751;1722;1718;1477;1472;1289;1284;1232;1227;1130;1126
1699819121297939.gadget2d_resized_512x512.png;class_0;1.0;polygon;y values;93;96;1338;1344;1344;1347;1347;1350;1350;1353;1353;1356;1356;1359;1359;1362;1362;1365;1365;1368;1368;1371;1371;1374;1374;1376;1376;1379;1379;1382;1382;1385;1385;1388;1388;1391;1391;1394;1394;1391;1391;1394;1394;1397;1397;1400;1400;137;137;134;134;131;131;128;128;125;125;123;123;120;120;117;117;114;114;111;111;108;108;105;105;102;102;99;99;96;96;93
1699045603780839.gadget2d_resized_512x512.png;class_0;1.0;polygon;x values;24;19;19;24;24;28;33;211;216;264;269;288;293;341;346;476;481;519;524;548;553;606;611;726;731;784;789;832;837;933;938;1135;1140;1198;1203;1241;1246;1323;1328;1708;1713;2170;2175;2324;2329;2459;2459;2396;2391;2136;2131;2103;2098;2093;2088;2064;2059;1790;1785;1746;1742;1718;1713;1679;1674;1419;1414;1323;1318;1280;1275;1169;1164
1699045603780839.gadget2d_resized_512x512.png;class_0;1.0;polygon;y values;82;84;1335;1338;1341;1341;1344;1344;1347;1347;1350;1350;1353;1353;1356;1356;1359;1359;1362;1362;1365;1365;1368;1368;1371;1371;1374;1374;1376;1376;1379;1379;1382;1382;1385;1385;1388;1388;1391;1391;1394;1394;1397;1397;1400;1400;120;120;117;117;114;114;111;111;108;108;105;105;102;102;99;99;96;96;93;93;90;90;87;87;84;84;82
1699811970150738.gadget2d_resized_512x512.png;class_0;1.0;polygon;x values;24;19;19;28;197;202;231;235;250;255;288;293;442;447;486;490;510;514;543;548;688;693;750;755;794;798;880;885;1111;1116;1169;1174;1203;1207;1256;1260;1573;1578;1799;1804;1905;1910;2175;2180;2459;2459;2242;2237;2208;2204;2189;2184;2151;2146;1872;1867;1833;1828;1809;1804;1771;1766;1607;1602;1482;1477;1419;1414;1342;1337
1699811970150738.gadget2d_resized_512x512.png;class_0;1.0;polygon;y values;93;96;1327;1333;1333;1335;1335;1338;1338;1341;1341;1344;1344;1347;1347;1350;1350;1353;1353;1356;1356;1359;1359;1362;1362;1365;1365;1368;1368;1371;1371;1374;1374;1376;1376;1379;1379;1382;1382;1385;1385;1388;1388;1391;1391;128;128;125;125;123;123;120;120;117;117;114;114;111;111;108;108;105;105;102;102;99;99;96;96;93
1699836012530106.gadget2d_resized_512x512.png;class_0;1.0;polygon;x values;1448;1443;1299;1294;1246;1241;1174;1169;837;832;789;784;770;765;736;731;437;433;399;394;380;375;332;327;72;67;28;24;24;19;19;24;24;28;48;52;389;394;620;625;717;721;1232;1236;1333;1337;1419;1424;1549;1554;1655;1660;1694;1698;1713;1718;1775;1780;2074;2079;2122;2127;2156;2160;2242;2247;2343;2348;2391;2396;2459;2459
1699836012530106.gadget2d_resized_512x512.png;class_0;1.0;polygon;y values;210;213;213;216;216;219;219;222;222;225;225;228;228;231;231;234;234;237;237;240;240;243;243;246;246;249;249;251;254;257;1306;1309;1312;1315;1315;1312;1312;1309;1309;1312;1312;1309;1309;1306;1306;1303;1303;1300;1300;1297;1297;1294;1294;1291;1291;1289;1289;1286;1286;1283;1283;1280;1280;1277;1277;1274;1274;1271;1271;1268;1268;210
1698176951592798.gadget2d_resized_512x512.png;class_0;1.0;polygon;x values;24;19;19;24;43;48;110;115;134;139;173;178;332;336;385;389;413;418;471;476;558;563;596;601;620;625;664;668;948;952;1025;1029;1058;1063;1130;1135;1366;1371;1448;1453;1501;1506;1602;1607;2459;2459;2415;2411;2180;2175;2146;2141;2131;2127;2093;2088;1823;1819;1771;1766;1742;1737;1674;1669;1443;1438;1366;1361;1333;1328;1236;1232
1698176951592798.gadget2d_resized_512x512.png;class_0;1.0;polygon;y values;105;108;1341;1344;1344;1347;1347;1350;1350;1353;1353;1356;1356;1359;1359;1362;1362;1365;1365;1368;1368;1371;1371;1374;1374;1376;1376;1379;1379;1382;1382;1385;1385;1388;1388;1391;1391;1394;1394;1397;1397;1400;1400;1403;1403;143;143;140;140;137;137;134;134;131;131;128;128;125;125;123;123;120;120;117;117;114;114;111;111;108;108;105
1699851656965764.gadget2d_resized_512x512.png;class_0;1.0;polygon;x values;24;19;19;24;24;33;38;81;86;125;129;288;293;341;346;365;370;409;413;534;539;591;596;620;625;654;659;808;813;890;895;928;933;1029;1034;1155;1159;1241;1246;1280;1284;1328;1333;1650;1655;1862;1867;2122;2127;2290;2295;2459;2459;2329;2324;2295;2290;2257;2252;2103;2098;2054;2050;2026;2021;1953;1949;1737;1732;1679;1674;1645;1641;1597;1592;1294;1289;1232;1227;1207;1203;1159;1155
1699851656965764.gadget2d_resized_512x512.png;class_0;1.0;polygon;y values;82;84;1318;1321;1324;1324;1327;1327;1330;1330;1333;1333;1335;1335;1338;1338;1341;1341;1344;1344;1347;1347;1350;1350;1353;1353;1356;1356;1359;1359;1362;1362;1365;1365;1368;1368;1371;1371;1374;1374;1376;1376;1379;1379;1382;1382;1385;1385;1388;1388;1391;1391;125;125;123;123;120;120;117;117;114;114;111;111;108;108;105;105;102;102;99;99;96;96;93;93;90;90;87;87;84;84;82
1698307394333494.gadget2d_resized_512x512.png;class_0;1.0;polygon;x values;24;19;19;28;158;163;206;211;235;240;288;293;437;442;486;490;510;514;548;553;678;683;726;731;745;750;798;803;1068;1073;1130;1135;1164;1169;1241;1246;1477;1482;1626;1631;1684;1689;1848;1852;2459;2459;2449;2444;2233;2228;2199;2194;2180;2175;2136;2131;1881;1876;1838;1833;1819;1814;1761;1756;1549;1544;1491;1487;1467;1463;1395;1390
1698307394333494.gadget2d_resized_512x512.png;class_0;1.0;polygon;y values;82;84;1315;1321;1321;1324;1324;1327;1327;1330;1330;1333;1333;1335;1335;1338;1338;1341;1341;1344;1344;1347;1347;1350;1350;1353;1353;1356;1356;1359;1359;1362;1362;1365;1365;1368;1368;1371;1371;1374;1374;1376;1376;1379;1379;120;120;117;117;114;114;111;111;108;108;105;105;102;102;99;99;96;96;93;93;90;90;87;87;84;84;82
1698321193612558.gadget2d_resized_512x512.png;class_0;1.0;polygon;x values;24;19;19;24;125;129;178;182;206;211;250;255;418;423;462;466;481;486;519;524;654;659;702;707;726;731;774;779;1025;1029;1087;1092;1121;1126;1179;1183;1410;1414;1511;1515;1554;1559;1665;1669;2459;2459;2401;2396;2362;2358;2343;2338;2314;2310;2088;2083;2040;2035;2016;2011;1968;1963;1761;1756;1727;1722;1713;1708;1674;1669;1352;1347;1232;1227;1155;1150;1068;1063
1698321193612558.gadget2d_resized_512x512.png;class_0;1.0;polygon;y values;70;73;1318;1321;1321;1324;1324;1327;1327;1330;1330;1333;1333;1335;1335;1338;1338;1341;1341;1344;1344;1347;1347;1350;1350;1353;1353;1356;1356;1359;1359;1362;1362;1365;1365;1368;1368;1371;1371;1374;1374;1376;1376;1379;1379;117;117;114;114;111;111;108;108;105;105;102;102;99;99;96;96;93;93;90;90;87;87;84;84;82;82;79;79;76;76;73;73;70
1698062780131480.gadget2d_resized_512x512.png;class_0;1.0;polygon;x values;24;19;19;28;101;105;134;139;211;216;327;332;365;370;389;394;437;442;582;587;654;659;693;697;745;750;928;933;991;996;1025;1029;1087;1092;1232;1236;1313;1318;1357;1361;1467;1472;2112;2117;2213;2218;2401;2406;2459;2459;2444;2439;2406;2401;2387;2382;2353;2348;2103;2098;2054;2050;2026;2021;1977;1973;1775;1771;1746;1742;1732;1727;1708;1703;1491;1487;1323;1318;1270;1265;1169;1164
1698062780131480.gadget2d_resized_512x512.png;class_0;1.0;polygon;y values;93;96;1330;1335;1335;1338;1338;1341;1341;1344;1344;1347;1347;1350;1350;1353;1353;1356;1356;1359;1359;1362;1362;1365;1365;1368;1368;1371;1371;1374;1374;1376;1376;1379;1379;1382;1382;1385;1385;1388;1388;1391;1391;1394;1394;1397;1397;1394;1394;140;140;137;137;134;134;131;131;128;128;125;125;123;123;120;120;117;117;114;114;111;111;108;108;105;105;102;102;99;99;96;96;93
1697957718896522.gadget2d_resized_512x512.png;class_0;1.0;polygon;x values;38;33;24;24;19;19;24;86;91;158;163;206;211;283;288;437;442;567;572;611;616;659;664;779;784;861;866;899;904;1029;1034;1135;1140;1313;1318;1410;1414;1496;1501;1641;1645;1944;1949;2006;2011;2377;2382;2391;2396;2439;2444;2459;2459;2247;2242;2208;2204;2194;2189;2165;2160;1925;1920;1881;1876;1862;1857;1819;1814;1679;1674;1597;1592;1564;1559;1535;1530;861;856;779;774;750;745;490;486;375;370;216;211
1697957718896522.gadget2d_resized_512x512.png;class_0;1.0;polygon;y values;46;49;49;52;55;1294;1297;1297;1300;1300;1303;1303;1306;1306;1309;1309;1312;1312;1315;1315;1318;1318;1321;1321;1324;1324;1327;1327;1330;1330;1333;1333;1335;1335;1338;1338;1341;1341;1344;1344;1347;1347;1350;1350;1353;1353;1356;1356;1353;1353;1356;1356;93;93;90;90;87;87;84;84;82;82;79;79;76;76;73;73;70;70;67;67;64;64;61;61;58;58;55;55;52;52;49;49;46;46;49;49;46
1698129765572225.gadget2d_resized_512x512.png;class_0;1.0;polygon;x values;24;19;19;24;134;139;182;187;206;211;250;255;404;409;462;466;486;490;524;529;654;659;697;702;717;721;760;765;1039;1044;1087;1092;1126;1130;1203;1207;1414;1419;1530;1535;1588;1592;1674;1679;2459;2459;2242;2237;2208;2204;2184;2180;2151;2146;1925;1920;1886;1881;1862;1857;1823;1819;1621;1617;1573;1568;1554;1549;1491;1487
1698129765572225.gadget2d_resized_512x512.png;class_0;1.0;polygon;y values;82;84;1318;1321;1321;1324;1324;1327;1327;1330;1330;1333;1333;1335;1335;1338;1338;1341;1341;1344;1344;1347;1347;1350;1350;1353;1353;1356;1356;1359;1359;1362;1362;1365;1365;1368;1368;1371;1371;1374;1374;1376;1376;1379;1379;117;117;114;114;111;111;108;108;105;105;102;102;99;99;96;96;93;93;90;90;87;87;84;84;82
1700311705593807.gadget2d_resized_512x512.png;class_0;1.0;polygon;x values;2151;2146;1953;1949;1891;1886;1708;1703;1246;1241;1164;1159;1130;1126;1053;1049;760;755;717;712;693;688;635;630;380;375;327;322;298;293;255;250;43;38;9;4;0;0;4;9;659;664;784;789;895;899;1193;1198;1410;1414;1467;1472;1506;1511;1607;1612;1823;1828;1876;1881;1905;1910;1968;1973;2122;2127;2170;2175;2189;2194;2237;2242;2411;2415;2459;2459;2439;2435
1700311705593807.gadget2d_resized_512x512.png;class_0;1.0;polygon;y values;175;178;178;181;181;184;184;187;187;190;190;193;193;196;196;199;199;202;202;205;205;208;208;210;210;213;213;216;216;219;219;222;222;225;225;228;228;1300;1300;1297;1297;1294;1294;1291;1291;1289;1289;1286;1286;1283;1283;1280;1280;1277;1277;1274;1274;1271;1271;1268;1268;1265;1265;1262;1262;1259;1259;1256;1256;1253;1253;1250;1250;1248;1248;178;178;175
1698304116266235.gadget2d_resized_512x512.png;class_0;1.0;polygon;x values;24;19;19;24;24;144;149;202;206;226;231;283;288;437;442;486;490;510;514;553;558;688;693;731;736;755;760;827;832;1087;1092;1140;1145;1169;1174;1270;1275;1496;1501;1641;1645;1694;1698;1905;1910;2459;2459;2449;2444;2204;2199;2175;2170;2156;2151;2127;2122;1867;1862;1819;1814;1790;1785;1746;1742;1525;1520;1467;1463;1438;1434;1371;1366
1698304116266235.gadget2d_resized_512x512.png;class_0;1.0;polygon;y values;82;84;1315;1318;1321;1321;1324;1324;1327;1327;1330;1330;1333;1333;1335;1335;1338;1338;1341;1341;1344;1344;1347;1347;1350;1350;1353;1353;1356;1356;1359;1359;1362;1362;1365;1365;1368;1368;1371;1371;1374;1374;1376;1376;1379;1379;120;120;117;117;114;114;111;111;108;108;105;105;102;102;99;99;96;96;93;93;90;90;87;87;84;84;82
1699035341554085.gadget2d_resized_512x512.png;class_0;1.0;polygon;x values;24;19;19;28;86;91;134;139;255;259;298;303;327;332;385;389;529;534;591;596;630;635;697;702;774;779;847;851;890;895;967;972;1130;1135;1198;1203;1275;1280;1352;1357;1713;1718;2276;2281;2353;2358;2459;2459;2439;2435;2430;2425;2362;2358;2334;2329;2285;2281;2069;2064;2040;2035;2021;2016;1982;1977;1756;1751;1718;1713;1694;1689;1650;1645;1323;1318;1251;1246;1227;1222;1155;1150
1699035341554085.gadget2d_resized_512x512.png;class_0;1.0;polygon;y values;82;84;1333;1338;1338;1341;1341;1344;1344;1347;1347;1350;1350;1353;1353;1356;1356;1359;1359;1362;1362;1365;1365;1368;1368;1371;1371;1374;1374;1376;1376;1379;1379;1382;1382;1385;1385;1388;1388;1391;1391;1394;1394;1397;1397;1400;1400;125;125;128;128;125;125;123;123;120;120;117;117;114;114;111;111;108;108;105;105;102;102;99;99;96;96;93;93;90;90;87;87;84;84;82
1698275615651285.gadget2d_resized_512x512.png;class_0;1.0;polygon;x values;28;19;19;24;134;139;206;211;245;250;298;303;418;423;476;481;514;519;591;596;736;741;779;784;803;808;861;866;1049;1053;1102;1106;1135;1140;1174;1179;1371;1376;1472;1477;1520;1525;2026;2030;2459;2459;2324;2319;2290;2285;2276;2271;2242;2237;2016;2011;1963;1958;1939;1934;1891;1886;1679;1674;1641;1636;1617;1612;1588;1583;1275;1270;1111;1106;1053;1049;967;962;52;48
1698275615651285.gadget2d_resized_512x512.png;class_0;1.0;polygon;y values;90;96;1330;1333;1333;1335;1335;1338;1338;1341;1341;1344;1344;1347;1347;1350;1350;1353;1353;1356;1356;1359;1359;1362;1362;1365;1365;1368;1368;1371;1371;1374;1374;1376;1376;1379;1379;1382;1382;1385;1385;1388;1388;1391;1391;140;140;137;137;134;134;131;131;128;128;125;125;123;123;120;120;117;117;114;114;111;111;108;108;105;105;102;102;99;99;96;96;93;93;90
1699814257194449.gadget2d_resized_512x512.png;class_0;1.0;polygon;x values;24;19;19;24;105;110;158;163;178;182;216;221;380;385;433;437;457;462;495;500;591;596;654;659;683;688;731;736;1005;1010;1082;1087;1102;1106;1145;1150;1381;1386;1496;1501;1583;1588;1645;1650;2459;2459;2310;2305;2281;2276;2261;2257;2228;2223;1963;1958;1915;1910;1886;1881;1843;1838;1636;1631;1588;1583;1559;1554;1511;1506;1097;1092;1020;1015;972;967;827;822
1699814257194449.gadget2d_resized_512x512.png;class_0;1.0;polygon;y values;93;96;1341;1344;1344;1347;1347;1350;1350;1353;1353;1356;1356;1359;1359;1362;1362;1365;1365;1368;1368;1371;1371;1374;1374;1376;1376;1379;1379;1382;1382;1385;1385;1388;1388;1391;1391;1394;1394;1397;1397;1400;1400;1403;1403;140;140;137;137;134;134;131;131;128;128;125;125;123;123;120;120;117;117;114;114;111;111;108;108;105;105;102;102;99;99;96;96;93
1698252408183425.gadget2d_resized_512x512.png;class_0;1.0;polygon;x values;24;19;19;28;202;206;259;264;288;293;356;360;476;481;524;529;548;553;582;587;736;741;818;822;871;875;1005;1010;1135;1140;1179;1183;1212;1217;1289;1294;1568;1573;1713;1718;2175;2180;2449;2454;2459;2459;2449;2444;2208;2204;2160;2156;2131;2127;2083;2079;1857;1852;1814;1809;1785;1780;1751;1746;1573;1568;1463;1458;1405;1400;1265;1260
1698252408183425.gadget2d_resized_512x512.png;class_0;1.0;polygon;y values;93;96;1327;1333;1333;1335;1335;1338;1338;1341;1341;1344;1344;1347;1347;1350;1350;1353;1353;1356;1356;1359;1359;1362;1362;1365;1365;1368;1368;1371;1371;1374;1374;1376;1376;1379;1379;1382;1382;1385;1385;1388;1388;1391;1391;131;131;128;128;125;125;123;123;120;120;117;117;114;114;111;111;108;108;105;105;102;102;99;99;96;96;93
1698229950700730.gadget2d_resized_512x512.png;class_0;1.0;polygon;x values;24;19;19;28;105;110;144;149;206;211;336;341;385;389;409;413;462;466;630;635;697;702;721;726;765;770;919;924;991;996;1025;1029;1087;1092;1241;1246;1309;1313;1366;1371;1434;1438;2343;2348;2459;2459;2449;2444;2382;2377;2136;2131;2103;2098;2088;2083;2054;2050;1790;1785;1751;1746;1727;1722;1684;1679;1458;1453;1386;1381;1357;1352;1284;1280
1698229950700730.gadget2d_resized_512x512.png;class_0;1.0;polygon;y values;105;108;1330;1335;1335;1338;1338;1341;1341;1344;1344;1347;1347;1350;1350;1353;1353;1356;1356;1359;1359;1362;1362;1365;1365;1368;1368;1371;1371;1374;1374;1376;1376;1379;1379;1382;1382;1385;1385;1388;1388;1391;1391;1394;1394;146;146;143;143;140;140;137;137;134;134;131;131;128;128;125;125;123;123;120;120;117;117;114;114;111;111;108;108;105
1699907722168036.gadget2d_resized_512x512.png;class_0;1.0;polygon;x values;24;24;19;19;24;24;28;81;86;240;245;303;308;332;336;385;389;548;553;620;625;640;644;673;678;933;938;1020;1025;1078;1082;1135;1140;1227;1232;1309;1313;1386;1390;1506;1511;2242;2247;2459;2459;2348;2343;2314;2310;2295;2290;2266;2261;2093;2088;2040;2035;2016;2011;1953;1949;1799;1795;1751;1746;1737;1732;1742;1742;1746;1746
1699907722168036.gadget2d_resized_512x512.png;class_0;1.0;polygon;y values;0;20;23;1227;1230;1233;1236;1236;1239;1239;1242;1242;1245;1245;1248;1248;1250;1250;1253;1253;1256;1256;1259;1259;1262;1262;1265;1265;1268;1268;1271;1271;1274;1274;1277;1277;1280;1280;1283;1283;1286;1286;1289;1289;46;46;43;43;41;41;38;38;35;35;32;32;29;29;26;26;23;23;20;20;17;17;14;8;5;2;0
1699801122925128.gadget2d_resized_512x512.png;class_0;1.0;polygon;x values;24;19;19;24;67;72;163;168;197;202;245;250;389;394;457;462;505;510;596;601;712;717;755;760;779;784;842;847;1068;1073;1130;1135;1159;1164;1227;1232;1400;1405;1583;1588;1636;1641;1920;1925;2459;2459;2425;2420;2372;2367;2353;2348;2319;2314;2136;2131;2079;2074;2050;2045;1992;1987;1737;1732;1694;1689;1674;1669;1650;1645;1578;1573;1193;1188;1111;1106;1020;1015
1699801122925128.gadget2d_resized_512x512.png;class_0;1.0;polygon;y values;70;73;1318;1321;1321;1324;1324;1327;1327;1330;1330;1333;1333;1335;1335;1338;1338;1341;1341;1344;1344;1347;1347;1350;1350;1353;1353;1356;1356;1359;1359;1362;1362;1365;1365;1368;1368;1371;1371;1374;1374;1376;1376;1379;1379;117;117;114;114;111;111;108;108;105;105;102;102;99;99;96;96;93;93;90;90;87;87;84;84;82;82;79;79;76;76;73;73;70
1698688881501241.gadget2d_resized_512x512.png;class_0;1.0;polygon;x values;24;19;19;24;38;43;115;120;139;144;192;197;336;341;404;409;433;437;476;481;620;625;678;683;707;712;745;750;948;952;1029;1034;1087;1092;1140;1145;1275;1280;1352;1357;1395;1400;1482;1487;2257;2261;2459;2459;2324;2319;2290;2285;2276;2271;2247;2242;1997;1992;1944;1939;1915;1910;1867;1862;1660;1655;1621;1617;1602;1597;1568;1564;1198;1193;1029;1025;967;962;856;851
1698688881501241.gadget2d_resized_512x512.png;class_0;1.0;polygon;y values;70;73;1318;1321;1321;1324;1324;1327;1327;1330;1330;1333;1333;1335;1335;1338;1338;1341;1341;1344;1344;1347;1347;1350;1350;1353;1353;1356;1356;1359;1359;1362;1362;1365;1365;1368;1368;1371;1371;1374;1374;1376;1376;1379;1379;1382;1382;117;117;114;114;111;111;108;108;105;105;102;102;99;99;96;96;93;93;90;90;87;87;84;84;82;82;79;79;76;76;73;73;70
1699999621449176.gadget2d_resized_512x512.png;class_0;1.0;polygon;x values;866;861;813;808;755;750;741;726;721;717;712;702;697;693;673;668;433;428;404;399;389;385;360;356;101;96;28;24;24;19;19;28;288;293;317;322;519;524;606;611;702;707;1270;1275;1357;1361;1424;1429;1511;1515;1694;1698;1751;1756;1785;1790;1867;1872;2016;2021;2122;2127;2156;2160;2208;2213;2343;2348;2396;2401;2459;2459;1939;1934;1925;1920;1679;1674;1597;1592;1549;1544;1410;1405;1082;1078;1063;1044;1039;1034;1029;1025
1699999621449176.gadget2d_resized_512x512.png;class_0;1.0;polygon;y values;284;287;287;290;290;292;292;301;301;304;304;310;310;313;313;316;316;319;319;322;322;325;325;328;328;331;331;333;336;339;1400;1406;1406;1403;1403;1406;1406;1409;1409;1406;1406;1403;1403;1400;1400;1397;1397;1394;1394;1391;1391;1388;1388;1385;1385;1382;1382;1379;1379;1376;1376;1374;1374;1371;1371;1368;1368;1365;1365;1362;1362;292;292;295;295;292;292;295;295;298;298;301;301;304;304;301;301;290;290;287;287;284
1700414085426882.gadget2d_resized_512x512.png;class_0;1.0;polygon;x values;1554;1549;1410;1405;1361;1357;1289;1284;928;924;885;880;861;856;818;813;539;534;486;481;466;462;423;418;231;226;202;197;182;178;154;149;24;19;19;24;755;760;880;885;996;1001;1164;1169;1424;1429;1506;1511;1549;1554;1626;1631;1838;1843;1900;1905;1934;1939;2006;2011;2131;2136;2213;2218;2252;2257;2314;2319;2459;2459
1700414085426882.gadget2d_resized_512x512.png;class_0;1.0;polygon;y values;164;166;166;169;169;172;172;175;175;178;178;181;181;184;184;187;187;190;190;193;193;196;196;199;199;202;202;205;205;208;208;210;210;213;1283;1286;1286;1283;1283;1280;1280;1277;1277;1274;1274;1271;1271;1268;1268;1265;1265;1262;1262;1259;1259;1256;1256;1253;1253;1250;1250;1248;1248;1245;1245;1242;1242;1239;1239;164
1699814133191583.gadget2d_resized_512x512.png;class_0;1.0;polygon;x values;24;19;19;24;24;28;33;91;96;245;250;293;298;322;327;365;370;486;490;519;524;539;543;563;567;731;736;794;798;842;847;948;952;1068;1073;1121;1126;1145;1150;1203;1207;1448;1453;1549;1554;1592;1597;1655;1660;2396;2401;2459;2459;2449;2444;2430;2425;2406;2401;2165;2160;2131;2127;2107;2103;2074;2069;1857;1852;1823;1819;1799;1795;1761;1756;1636;1631;1559;1554;1506;1501;1429;1424
1699814133191583.gadget2d_resized_512x512.png;class_0;1.0;polygon;y values;93;96;1321;1324;1327;1327;1330;1330;1333;1333;1335;1335;1338;1338;1341;1341;1344;1344;1347;1347;1350;1350;1353;1353;1356;1356;1359;1359;1362;1362;1365;1365;1368;1368;1371;1371;1374;1374;1376;1376;1379;1379;1382;1382;1385;1385;1388;1388;1391;1391;1394;1394;137;137;134;134;131;131;128;128;125;125;123;123;120;120;117;117;114;114;111;111;108;108;105;105;102;102;99;99;96;96;93
1698098059887682.gadget2d_resized_512x512.png;class_0;1.0;polygon;x values;24;19;19;24;24;77;81;115;120;168;173;317;322;365;370;389;394;437;442;630;635;697;702;736;741;789;794;1010;1015;1068;1073;1097;1102;1164;1169;1347;1352;1453;1458;1559;1564;1852;1857;2459;2459;2338;2334;2285;2281;2242;2237;2175;2170;1934;1929;1905;1900;1886;1881;1857;1852;1660;1655;1597;1592;1525;1520;1453;1448
1698098059887682.gadget2d_resized_512x512.png;class_0;1.0;polygon;y values;70;73;1306;1309;1312;1312;1315;1315;1318;1318;1321;1321;1324;1324;1327;1327;1330;1330;1333;1333;1335;1335;1338;1338;1341;1341;1344;1344;1347;1347;1350;1350;1353;1353;1356;1356;1359;1359;1362;1362;1365;1365;1368;1368;105;105;102;102;99;99;96;96;93;93;90;90;87;87;84;84;82;82;79;79;76;76;73;73;70
1698021527246607.gadget2d_resized_512x512.png;class_0;1.0;polygon;x values;24;19;19;24;24;43;48;226;231;283;288;312;317;365;370;514;519;563;567;587;591;635;640;784;789;861;866;924;928;1039;1044;1150;1155;1217;1222;1256;1260;1318;1323;1588;1592;2035;2040;2131;2136;2271;2276;2459;2459;2377;2372;2353;2348;2300;2295;2083;2079;2050;2045;2030;2026;1987;1982;1756;1751;1713;1708;1679;1674;1626;1621;1371;1366;1299;1294;1265;1260;1150;1145
1698021527246607.gadget2d_resized_512x512.png;class_0;1.0;polygon;y values;82;84;1324;1327;1330;1330;1333;1333;1335;1335;1338;1338;1341;1341;1344;1344;1347;1347;1350;1350;1353;1353;1356;1356;1359;1359;1362;1362;1365;1365;1368;1368;1371;1371;1374;1374;1376;1376;1379;1379;1382;1382;1385;1385;1388;1388;1391;1391;125;125;123;123;120;120;117;117;114;114;111;111;108;108;105;105;102;102;99;99;96;96;93;93;90;90;87;87;84;84;82
1698218641454577.gadget2d_resized_512x512.png;class_0;1.0;polygon;x values;0;0;182;187;240;245;274;279;336;341;466;471;514;519;539;543;582;587;731;736;794;798;842;847;938;943;1126;1130;1174;1179;1207;1212;1275;1280;1597;1602;1679;1684;1823;1828;1905;1910;2002;2006;2242;2247;2459;2459;2430;2425;2411;2406;2372;2367;2136;2131;2093;2088;2064;2059;2016;2011;1771;1766;1737;1732;1718;1713;1689;1684;1419;1414;1241;1236;1164;1159;1155;1150;1140;1135;1015;1010
1698218641454577.gadget2d_resized_512x512.png;class_0;1.0;polygon;y values;93;1333;1333;1335;1335;1338;1338;1341;1341;1344;1344;1347;1347;1350;1350;1353;1353;1356;1356;1359;1359;1362;1362;1365;1365;1368;1368;1371;1371;1374;1374;1376;1376;1379;1379;1382;1382;1385;1385;1382;1382;1385;1385;1388;1388;1391;1391;137;137;134;134;131;131;128;128;125;125;123;123;120;120;117;117;114;114;111;111;108;108;105;105;102;102;99;99;96;96;99;99;96;96;93
1699813810188116.gadget2d_resized_512x512.png;class_0;1.0;polygon;x values;24;19;19;24;43;48;129;134;158;163;206;211;356;360;399;404;418;423;457;462;591;596;644;649;673;678;717;721;967;972;1015;1020;1044;1049;1092;1097;1304;1309;1443;1448;1511;1515;1689;1694;2459;2459;2314;2310;2276;2271;2257;2252;2218;2213;1944;1939;1910;1905;1891;1886;1852;1848;1674;1669;1617;1612;1568;1564;1453;1448
1699813810188116.gadget2d_resized_512x512.png;class_0;1.0;polygon;y values;93;96;1330;1333;1333;1335;1335;1338;1338;1341;1341;1344;1344;1347;1347;1350;1350;1353;1353;1356;1356;1359;1359;1362;1362;1365;1365;1368;1368;1371;1371;1374;1374;1376;1376;1379;1379;1382;1382;1385;1385;1388;1388;1391;1391;128;128;125;125;123;123;120;120;117;117;114;114;111;111;108;108;105;105;102;102;99;99;96;96;93
1700399591450771.gadget2d_resized_512x512.png;class_0;1.0;polygon;x values;1284;1280;1217;1212;1179;1174;1102;1097;784;779;697;693;649;644;534;529;413;409;385;380;365;360;327;322;62;57;0;0;14;19;158;163;899;904;1068;1073;1150;1155;1304;1309;1482;1487;1554;1559;1592;1597;1645;1650;1876;1881;1934;1939;1963;1968;2021;2026;2136;2141;2199;2204;2237;2242;2314;2319;2459;2459
1700399591450771.gadget2d_resized_512x512.png;class_0;1.0;polygon;y values;175;178;178;181;181;184;184;187;187;190;190;193;193;196;196;199;199;202;202;205;205;208;208;210;210;213;213;1291;1291;1289;1289;1286;1286;1283;1283;1280;1280;1277;1277;1274;1274;1271;1271;1268;1268;1265;1265;1262;1262;1259;1259;1256;1256;1253;1253;1250;1250;1248;1248;1245;1245;1242;1242;1239;1239;175
1699035118549571.gadget2d_resized_512x512.png;class_0;1.0;polygon;x values;24;19;19;24;24;28;96;101;264;269;312;317;332;336;389;394;524;529;563;567;591;596;640;644;779;784;924;928;972;976;1053;1058;1198;1203;1309;1313;1381;1386;1491;1496;2233;2237;2459;2459;2425;2420;2387;2382;2324;2319;2107;2103;2079;2074;2059;2054;2006;2002;1746;1742;1684;1679;1655;1650;1583;1578
1699035118549571.gadget2d_resized_512x512.png;class_0;1.0;polygon;y values;93;96;1333;1335;1338;1341;1341;1344;1344;1347;1347;1350;1350;1353;1353;1356;1356;1359;1359;1362;1362;1365;1365;1368;1368;1371;1371;1374;1374;1376;1376;1379;1379;1382;1382;1385;1385;1388;1388;1391;1391;1394;1394;125;125;123;123;120;120;117;117;114;114;111;111;108;108;105;105;102;102;99;99;96;96;93
1699813246174013.gadget2d_resized_512x512.png;class_0;1.0;polygon;x values;24;19;19;24;24;48;52;125;129;255;259;312;317;332;336;370;375;510;514;543;548;563;567;616;620;803;808;895;899;928;933;986;991;1246;1251;1289;1294;1323;1328;1390;1395;2064;2069;2459;2459;2261;2257;2213;2208;2189;2184;2141;2136;1910;1905;1876;1872;1867;1862;1843;1838;1612;1607;1448;1443;1400;1395;1309;1304;880;875;832;827;813;808;779;774
1699813246174013.gadget2d_resized_512x512.png;class_0;1.0;polygon;y values;82;84;1333;1335;1338;1338;1341;1341;1344;1344;1347;1347;1350;1350;1353;1353;1356;1356;1359;1359;1362;1362;1365;1365;1368;1368;1371;1371;1374;1374;1376;1376;1379;1379;1382;1382;1385;1385;1388;1388;1391;1391;1394;1394;128;128;125;125;123;123;120;120;117;117;114;114;111;111;108;108;105;105;102;102;99;99;96;96;93;93;90;90;87;87;84;84;82
1700291141405170.gadget2d_resized_512x512.png;class_0;1.0;polygon;x values;1718;1713;1525;1520;1434;1429;1347;1342;1005;1001;952;948;933;928;880;875;606;601;500;495;462;457;409;404;250;245;221;216;206;202;168;163;24;19;19;24;24;370;375;442;447;668;673;1155;1159;1280;1284;1361;1366;1434;1438;1607;1612;1660;1665;1694;1698;1756;1761;1977;1982;2026;2030;2054;2059;2107;2112;2271;2276;2329;2334;2358;2362;2406;2411;2459;2459
1700291141405170.gadget2d_resized_512x512.png;class_0;1.0;polygon;y values;187;190;190;193;193;196;196;199;199;202;202;205;205;208;208;210;210;213;213;216;216;219;219;222;222;225;225;228;228;231;231;234;234;237;1294;1297;1300;1300;1303;1303;1300;1300;1297;1297;1294;1294;1291;1291;1289;1289;1286;1286;1283;1283;1280;1280;1277;1277;1274;1274;1271;1271;1268;1268;1265;1265;1262;1262;1259;1259;1256;1256;1253;1253;1250;1250;187
1698714126030547.gadget2d_resized_512x512.png;class_0;1.0;polygon;x values;24;19;19;24;24;67;72;125;129;274;279;336;341;360;365;404;409;582;587;649;654;673;678;726;731;832;837;909;914;943;948;1020;1025;1174;1179;1236;1241;1265;1270;1318;1323;1506;1511;1636;1641;1790;1795;2011;2016;2459;2459;2449;2444;2252;2247;2194;2189;2175;2170;2141;2136;1925;1920;1881;1876;1862;1857;1819;1814;1684;1679;1617;1612;1588;1583;1564;1559;1540;1535;1506;1501;1357;1352;1246;1241;1236;1232;1039;1034;986;981;904;899;813;808;750;745
1698714126030547.gadget2d_resized_512x512.png;class_0;1.0;polygon;y values;70;73;1309;1312;1315;1315;1318;1318;1321;1321;1324;1324;1327;1327;1330;1330;1333;1333;1335;1335;1338;1338;1341;1341;1344;1344;1347;1347;1350;1350;1353;1353;1356;1356;1359;1359;1362;1362;1365;1365;1368;1368;1371;1371;1374;1374;1376;1376;1379;1379;120;120;117;117;114;114;111;111;108;108;105;105;102;102;99;99;96;96;93;93;90;90;87;87;84;84;82;82;79;79;76;76;79;79;82;82;79;79;76;76;73;73;76;76;73;73;70
1699807503209251.gadget2d_resized_512x512.png;class_0;1.0;polygon;x values;1246;1241;1164;1159;1135;1130;1073;1068;789;784;741;736;712;707;640;635;409;404;375;370;346;341;298;293;52;48;28;24;24;19;19;28;202;206;399;404;644;649;712;717;808;813;1015;1020;1352;1357;1453;1458;1515;1520;1607;1612;1689;1694;1727;1732;1751;1756;1809;1814;2107;2112;2146;2151;2170;2175;2281;2285;2367;2372;2459;2459
1699807503209251.gadget2d_resized_512x512.png;class_0;1.0;polygon;y values;210;213;213;216;216;219;219;222;222;225;225;228;228;231;231;234;234;237;237;240;240;243;243;246;246;249;249;251;254;257;1315;1321;1321;1318;1318;1315;1315;1318;1318;1315;1315;1312;1312;1309;1309;1306;1306;1303;1303;1300;1300;1297;1297;1294;1294;1291;1291;1289;1289;1286;1286;1283;1283;1280;1280;1277;1277;1274;1274;1271;1271;210
1699816073234302.gadget2d_resized_512x512.png;class_0;1.0;polygon;x values;24;19;19;24;67;72;129;134;158;163;206;211;332;336;370;375;389;394;428;433;582;587;635;640;664;668;702;707;904;909;972;976;996;1001;1039;1044;1232;1236;1294;1299;1333;1337;1410;1414;1775;1780;2189;2194;2305;2310;2459;2459;2319;2314;2290;2285;2276;2271;2247;2242;2011;2006;1968;1963;1944;1939;1910;1905;1713;1708;1674;1669;1660;1655;1626;1621;1313;1309;1217;1212;1159;1155;1034;1029
1699816073234302.gadget2d_resized_512x512.png;class_0;1.0;polygon;y values;93;96;1330;1333;1333;1335;1335;1338;1338;1341;1341;1344;1344;1347;1347;1350;1350;1353;1353;1356;1356;1359;1359;1362;1362;1365;1365;1368;1368;1371;1371;1374;1374;1376;1376;1379;1379;1382;1382;1385;1385;1388;1388;1391;1391;1394;1394;1397;1397;1400;1400;140;140;137;137;134;134;131;131;128;128;125;125;123;123;120;120;117;117;114;114;111;111;108;108;105;105;102;102;99;99;96;96;93
1700366781187409.gadget2d_resized_512x512.png;class_0;1.0;polygon;x values;1284;1280;1236;1232;1207;1203;1150;1145;808;803;755;750;726;721;673;668;428;423;399;394;380;375;332;327;38;33;0;0;9;14;19;24;269;274;519;524;591;596;1049;1053;1198;1203;1284;1289;1366;1371;1554;1559;1621;1626;1660;1665;1742;1746;1968;1973;2011;2016;2030;2035;2079;2083;2233;2237;2310;2314;2358;2362;2420;2425;2459;2459
1700366781187409.gadget2d_resized_512x512.png;class_0;1.0;polygon;y values;175;178;178;181;181;184;184;187;187;190;190;193;193;196;196;199;199;202;202;205;205;208;208;210;210;213;213;1294;1294;1291;1291;1289;1289;1286;1286;1289;1289;1286;1286;1283;1283;1280;1280;1277;1277;1274;1274;1271;1271;1268;1268;1265;1265;1262;1262;1259;1259;1256;1256;1253;1253;1250;1250;1248;1248;1245;1245;1242;1242;1239;1239;175
1698281896782484.gadget2d_resized_512x512.png;class_0;1.0;polygon;x values;24;19;19;24;67;72;158;163;187;192;240;245;370;375;418;423;442;447;486;490;625;630;683;688;712;717;760;765;976;981;1044;1049;1078;1082;1130;1135;1304;1309;1438;1443;1491;1496;1588;1592;2444;2449;2459;2459;2435;2430;2208;2204;2170;2165;2141;2136;2098;2093;1876;1872;1828;1823;1799;1795;1751;1746;1578;1573;1477;1472;1429;1424;1313;1309
1698281896782484.gadget2d_resized_512x512.png;class_0;1.0;polygon;y values;93;96;1330;1333;1333;1335;1335;1338;1338;1341;1341;1344;1344;1347;1347;1350;1350;1353;1353;1356;1356;1359;1359;1362;1362;1365;1365;1368;1368;1371;1371;1374;1374;1376;1376;1379;1379;1382;1382;1385;1385;1388;1388;1391;1391;1394;1394;131;131;128;128;125;125;123;123;120;120;117;117;114;114;111;111;108;108;105;105;102;102;99;99;96;96;93
1700399597452257.gadget2d_resized_512x512.png;class_0;1.0;polygon;x values;1963;1958;1828;1823;1746;1742;1588;1583;1155;1150;1092;1087;1029;1025;976;972;688;683;630;625;539;534;471;466;322;317;288;283;274;269;245;240;9;4;0;0;14;19;664;668;702;707;774;779;1246;1251;1347;1352;1400;1405;1544;1549;1790;1795;1848;1852;1876;1881;1949;1953;2122;2127;2170;2175;2199;2204;2257;2261;2459;2459
1700399597452257.gadget2d_resized_512x512.png;class_0;1.0;polygon;y values;164;166;166;169;169;172;172;175;175;178;178;181;181;184;184;187;187;190;190;193;193;196;196;199;199;202;202;205;205;208;208;210;210;213;213;1286;1286;1283;1283;1280;1280;1277;1277;1274;1274;1271;1271;1268;1268;1265;1265;1262;1262;1259;1259;1256;1256;1253;1253;1250;1250;1248;1248;1245;1245;1242;1242;1239;1239;164
1698705363839905.gadget2d_resized_512x512.png;class_0;1.0;polygon;x values;28;19;19;24;105;110;173;178;211;216;259;264;399;404;452;457;481;486;519;524;745;750;789;794;813;818;875;880;1082;1087;1145;1150;1174;1179;1270;1275;1453;1458;1592;1597;1694;1698;1795;1799;1963;1968;2271;2276;2372;2377;2435;2439;2459;2459;2372;2367;2343;2338;2300;2295;2074;2069;2030;2026;2002;1997;1925;1920;1713;1708;1645;1641;1592;1588;1482;1477;952;948;822;818;803;798;755;750
1698705363839905.gadget2d_resized_512x512.png;class_0;1.0;polygon;y values;82;87;1306;1309;1309;1312;1312;1315;1315;1318;1318;1321;1321;1324;1324;1327;1327;1330;1330;1333;1333;1335;1335;1338;1338;1341;1341;1344;1344;1347;1347;1350;1350;1353;1353;1356;1356;1359;1359;1362;1362;1365;1365;1362;1362;1365;1365;1368;1368;1365;1365;1368;1368;125;125;123;123;120;120;117;117;114;114;111;111;108;108;105;105;102;102;99;99;96;96;93;93;90;90;87;87;84;84;82
1698676976253438.gadget2d_resized_512x512.png;class_0;1.0;polygon;x values;24;19;19;24;33;38;115;120;144;149;197;202;322;327;380;385;404;409;447;452;611;616;659;664;678;683;712;717;866;871;928;933;962;967;1015;1020;1169;1174;1236;1241;1260;1265;1318;1323;1597;1602;1949;1953;2021;2026;2208;2213;2459;2459;2425;2420;2343;2338;2146;2141;2112;2107;2098;2093;2069;2064;1828;1823;1790;1785;1761;1756;1713;1708;1515;1511;1458;1453;1434;1429;1371;1366;904;899;789;784;741;736;519;514
1698676976253438.gadget2d_resized_512x512.png;class_0;1.0;polygon;y values;93;96;1271;1274;1274;1277;1277;1280;1280;1283;1283;1286;1286;1289;1289;1291;1291;1294;1294;1297;1297;1300;1300;1303;1303;1306;1306;1309;1309;1312;1312;1315;1315;1318;1318;1321;1321;1324;1324;1327;1327;1330;1330;1333;1333;1335;1335;1338;1338;1341;1341;1344;1344;146;146;143;143;140;140;137;137;134;134;131;131;128;128;125;125;123;123;120;120;117;117;114;114;111;111;108;108;105;105;102;102;99;99;96;96;93
1698272432587483.gadget2d_resized_512x512.png;class_0;1.0;polygon;x values;24;19;19;24;24;28;33;216;221;283;288;317;322;360;365;505;510;548;553;563;567;606;611;707;712;875;880;928;933;1015;1020;1135;1140;1212;1217;1246;1251;1284;1289;1713;1718;2050;2054;2093;2098;2213;2218;2459;2459;2454;2449;2252;2247;2218;2213;2204;2199;2170;2165;1910;1905;1876;1872;1862;1857;1823;1819;1636;1631;1602;1597;1592;1588;1568;1564
1698272432587483.gadget2d_resized_512x512.png;class_0;1.0;polygon;y values;105;108;1324;1327;1330;1330;1333;1333;1335;1335;1338;1338;1341;1341;1344;1344;1347;1347;1350;1350;1353;1353;1356;1356;1359;1359;1362;1362;1365;1365;1368;1368;1371;1371;1374;1374;1376;1376;1379;1379;1382;1382;1385;1385;1388;1388;1391;1391;143;143;140;140;137;137;134;134;131;131;128;128;125;125;123;123;120;120;117;117;114;114;111;111;108;108;105
1698272428587248.gadget2d_resized_512x512.png;class_0;1.0;polygon;x values;24;19;19;24;24;67;72;216;221;279;283;303;308;356;360;495;500;548;553;582;587;635;640;760;765;832;837;880;885;952;957;1135;1140;1212;1217;1294;1299;1366;1371;1669;1674;2208;2213;2252;2257;2459;2459;2285;2281;2247;2242;2228;2223;2189;2184;1929;1925;1881;1876;1857;1852;1795;1790;1597;1592;1549;1544;1520;1515;1458;1453
1698272428587248.gadget2d_resized_512x512.png;class_0;1.0;polygon;y values;105;108;1312;1315;1318;1318;1321;1321;1324;1324;1327;1327;1330;1330;1333;1333;1335;1335;1338;1338;1341;1341;1344;1344;1347;1347;1350;1350;1353;1353;1356;1356;1359;1359;1362;1362;1365;1365;1368;1368;1371;1371;1374;1374;1371;1371;140;140;137;137;134;134;131;131;128;128;125;125;123;123;120;120;117;117;114;114;111;111;108;108;105
1700073883668981.gadget2d_resized_512x512.png;class_0;1.0;polygon;x values;24;19;19;24;24;81;86;125;129;182;187;312;317;375;380;404;409;452;457;649;654;707;712;731;736;770;774;885;890;991;996;1034;1039;1097;1102;1222;1227;1323;1328;1386;1390;1467;1472;2107;2112;2439;2444;2459;2459;2382;2377;2334;2329;2319;2314;2290;2285;2103;2098;2054;2050;2026;2021;1977;1973;1742;1737;1694;1689;1674;1669;1645;1641;1477;1472;1270;1265;1212;1207;1111;1106
1700073883668981.gadget2d_resized_512x512.png;class_0;1.0;polygon;y values;93;96;1330;1333;1335;1335;1338;1338;1341;1341;1344;1344;1347;1347;1350;1350;1353;1353;1356;1356;1359;1359;1362;1362;1365;1365;1368;1368;1371;1371;1374;1374;1376;1376;1379;1379;1382;1382;1385;1385;1388;1388;1391;1391;1394;1394;1397;1397;140;140;137;137;134;134;131;131;128;128;125;125;123;123;120;120;117;117;114;114;111;111;108;108;105;105;102;102;99;99;96;96;93
1697991834627312.gadget2d_resized_512x512.png;class_0;1.0;polygon;x values;24;19;19;24;24;91;96;134;139;250;255;322;327;360;365;418;423;519;524;620;625;644;649;688;693;789;794;895;899;943;948;1020;1025;1179;1183;1241;1246;1284;1289;1371;1376;2160;2165;2387;2391;2396;2430;2435;2459;2459;2449;2444;2420;2415;2117;2112;2083;2079;2059;2054;2021;2016;1771;1766;1737;1732;1718;1713;1703;1698;1515;1511;1289;1284;1222;1217;1092;1087
1697991834627312.gadget2d_resized_512x512.png;class_0;1.0;polygon;y values;93;96;1333;1335;1338;1338;1341;1341;1344;1344;1347;1347;1350;1350;1353;1353;1356;1356;1359;1359;1362;1362;1365;1365;1368;1368;1371;1371;1374;1374;1376;1376;1379;1379;1382;1382;1385;1385;1388;1388;1391;1391;1394;1394;1397;1394;1394;1397;1397;134;134;131;131;128;128;125;125;123;123;120;120;117;117;114;114;111;111;108;108;105;105;102;102;99;99;96;96;93
1698108419106579.gadget2d_resized_512x512.png;class_0;1.0;polygon;x values;24;19;19;24;81;86;149;154;173;178;226;231;385;389;428;433;442;447;486;490;649;654;712;717;741;745;794;798;1063;1068;1121;1126;1150;1155;1207;1212;1463;1467;1578;1583;1626;1631;1905;1910;2459;2459;2425;2420;2377;2372;2362;2358;2329;2324;2107;2103;2064;2059;2035;2030;1987;1982;1761;1756;1727;1722;1713;1708;1684;1679;1400;1395;1265;1260;1193;1188;1082;1078
1698108419106579.gadget2d_resized_512x512.png;class_0;1.0;polygon;y values;70;73;1306;1309;1309;1312;1312;1315;1315;1318;1318;1321;1321;1324;1324;1327;1327;1330;1330;1333;1333;1335;1335;1338;1338;1341;1341;1344;1344;1347;1347;1350;1350;1353;1353;1356;1356;1359;1359;1362;1362;1365;1365;1368;1368;117;117;114;114;111;111;108;108;105;105;102;102;99;99;96;96;93;93;90;90;87;87;84;84;82;82;79;79;76;76;73;73;70
1700326596753800.gadget2d_resized_512x512.png;class_0;1.0;polygon;x values;1766;1761;1592;1588;1520;1515;1371;1366;1025;1020;957;952;938;933;890;885;640;635;524;519;476;471;413;409;245;240;206;202;182;178;144;139;24;19;19;28;216;221;360;365;625;630;1169;1174;1246;1251;1294;1299;1386;1390;1588;1592;1636;1641;1669;1674;1756;1761;1968;1973;2026;2030;2059;2064;2107;2112;2242;2247;2300;2305;2334;2338;2387;2391;2459;2459
1700326596753800.gadget2d_resized_512x512.png;class_0;1.0;polygon;y values;187;190;190;193;193;196;196;199;199;202;202;205;205;208;208;210;210;213;213;216;216;219;219;222;222;225;225;228;228;231;231;234;234;237;1294;1300;1300;1297;1297;1300;1300;1297;1297;1294;1294;1291;1291;1289;1289;1286;1286;1283;1283;1280;1280;1277;1277;1274;1274;1271;1271;1268;1268;1265;1265;1262;1262;1259;1259;1256;1256;1253;1253;1250;1250;187
1697977807327304.gadget2d_resized_512x512.png;class_0;1.0;polygon;x values;24;19;19;24;120;125;158;163;178;182;211;216;365;370;413;418;437;442;481;486;668;673;702;707;717;721;750;755;976;981;1039;1044;1082;1087;1145;1150;1289;1294;1390;1395;1429;1434;1472;1477;2054;2059;2281;2285;2358;2362;2459;2459;2435;2430;2411;2406;2136;2131;2098;2093;2083;2079;2045;2040;1828;1823;1795;1790;1780;1775;1751;1746;1564;1559;1477;1472;1419;1414;1328;1323
1697977807327304.gadget2d_resized_512x512.png;class_0;1.0;polygon;y values;46;49;1318;1321;1321;1324;1324;1327;1327;1330;1330;1333;1333;1335;1335;1338;1338;1341;1341;1344;1344;1347;1347;1350;1350;1353;1353;1356;1356;1359;1359;1362;1362;1365;1365;1368;1368;1371;1371;1374;1374;1376;1376;1379;1379;1382;1382;1385;1385;1388;1388;87;87;84;84;82;82;79;79;76;76;73;73;70;70;67;67;64;64;61;61;58;58;55;55;52;52;49;49;46
1698272410587187.gadget2d_resized_512x512.png;class_0;1.0;polygon;x values;24;19;19;28;178;182;235;240;255;259;312;317;466;471;524;529;572;577;635;640;745;750;871;875;933;938;1053;1058;1179;1183;1371;1376;1438;1443;1665;1669;1780;1785;1905;1910;2459;2459;2449;2444;2425;2420;2146;2141;2103;2098;2079;2074;2026;2021;1732;1727;1698;1694;1679;1674;1650;1645;1183;1179;1015;1010;847;842;712;707
1698272410587187.gadget2d_resized_512x512.png;class_0;1.0;polygon;y values;93;96;1315;1321;1321;1324;1324;1327;1327;1330;1330;1333;1333;1335;1335;1338;1338;1341;1341;1344;1344;1347;1347;1350;1350;1353;1353;1356;1356;1359;1359;1362;1362;1365;1365;1368;1368;1365;1365;1368;1368;134;134;131;131;128;128;125;125;123;123;120;120;117;117;114;114;111;111;108;108;105;105;102;102;99;99;96;96;93
1698242999982334.gadget2d_resized_512x512.png;class_0;1.0;polygon;x values;24;19;19;24;91;96;158;163;182;187;231;235;394;399;447;452;471;476;510;514;596;601;644;649;668;673;707;712;976;981;1087;1092;1130;1135;1179;1183;1361;1366;1496;1501;1588;1592;1963;1968;2459;2459;2329;2324;2290;2285;2261;2257;2213;2208;1992;1987;1953;1949;1939;1934;1900;1896;1679;1674;1617;1612;1568;1564;1491;1487;1121;1116;1025;1020;957;952;856;851
1698242999982334.gadget2d_resized_512x512.png;class_0;1.0;polygon;y values;105;108;1341;1344;1344;1347;1347;1350;1350;1353;1353;1356;1356;1359;1359;1362;1362;1365;1365;1368;1368;1371;1371;1374;1374;1376;1376;1379;1379;1382;1382;1385;1385;1388;1388;1391;1391;1394;1394;1397;1397;1400;1400;1403;1403;152;152;149;149;146;146;143;143;140;140;137;137;134;134;131;131;128;128;125;125;123;123;120;120;117;117;114;114;111;111;108;108;105
1698109629130055.gadget2d_resized_512x512.png;class_0;1.0;polygon;x values;24;19;19;28;125;129;163;168;269;274;380;385;428;433;447;452;510;514;654;659;702;707;750;755;779;784;832;837;933;938;1049;1053;1092;1097;1140;1145;1256;1260;1337;1342;1414;1419;1535;1540;1588;1592;1636;1641;1684;1689;2045;2050;2160;2165;2228;2233;2314;2319;2348;2353;2459;2459;2420;2415;2406;2401;2372;2367;2131;2127;2088;2083;2059;2054;2016;2011;1785;1780;1742;1737;1718;1713;1684;1679;1366;1361;1251;1246;1183;1179;1049;1044
1698109629130055.gadget2d_resized_512x512.png;class_0;1.0;polygon;y values;70;73;1306;1312;1312;1315;1315;1318;1318;1321;1321;1324;1324;1327;1327;1330;1330;1333;1333;1330;1330;1333;1333;1335;1335;1338;1338;1341;1341;1344;1344;1347;1347;1350;1350;1353;1353;1356;1356;1353;1353;1350;1350;1353;1353;1356;1356;1359;1359;1362;1362;1359;1359;1362;1362;1365;1365;1362;1362;1365;1365;114;114;111;111;108;108;105;105;102;102;99;99;96;96;93;93;90;90;87;87;84;84;82;82;79;79;76;76;73;73;70
1698209860267603.gadget2d_resized_512x512.png;class_0;1.0;polygon;x values;24;19;19;24;24;86;91;125;129;178;182;317;322;360;365;389;394;433;437;563;567;616;620;635;640;678;683;856;861;948;952;981;986;1029;1034;1236;1241;1323;1328;1410;1414;1511;1515;2242;2247;2319;2324;2367;2372;2396;2401;2459;2459;2362;2358;2324;2319;2295;2290;2252;2247;2059;2054;2021;2016;1997;1992;1953;1949;1689;1684;1636;1631;1602;1597;1554;1549;1284;1280;1207;1203;1159;1155;1092;1087
1698209860267603.gadget2d_resized_512x512.png;class_0;1.0;polygon;y values;105;108;1330;1333;1335;1335;1338;1338;1341;1341;1344;1344;1347;1347;1350;1350;1353;1353;1356;1356;1359;1359;1362;1362;1365;1365;1368;1368;1371;1371;1374;1374;1376;1376;1379;1379;1382;1382;1385;1385;1388;1388;1391;1391;1394;1394;1397;1397;1400;1400;1397;1397;152;152;149;149;146;146;143;143;140;140;137;137;134;134;131;131;128;128;125;125;123;123;120;120;117;117;114;114;111;111;108;108;105
1698144154888546.gadget2d_resized_512x512.png;class_0;1.0;polygon;x values;24;19;19;28;221;226;274;279;298;303;346;351;514;519;582;587;625;630;683;688;861;866;938;943;976;981;1063;1068;1246;1251;1361;1366;1410;1414;1515;1520;2156;2160;2459;2459;2261;2257;2233;2228;2218;2213;2189;2184;1925;1920;1876;1872;1857;1852;1814;1809;1597;1592;1554;1549;1530;1525;1482;1477
1698144154888546.gadget2d_resized_512x512.png;class_0;1.0;polygon;y values;82;84;1315;1321;1321;1324;1324;1327;1327;1330;1330;1333;1333;1335;1335;1338;1338;1341;1341;1344;1344;1347;1347;1350;1350;1353;1353;1356;1356;1359;1359;1362;1362;1365;1365;1368;1368;1371;1371;117;117;114;114;111;111;108;108;105;105;102;102;99;99;96;96;93;93;90;90;87;87;84;84;82
1700395084395508.gadget2d_resized_512x512.png;class_0;1.0;polygon;x values;1309;1304;1203;1198;1130;1126;1025;1020;726;721;673;668;640;635;577;572;389;385;322;317;293;288;245;240;28;24;0;0;4;9;57;62;847;851;1063;1068;1121;1126;1251;1256;1443;1448;1540;1544;1592;1597;1727;1732;1939;1944;1997;2002;2021;2026;2079;2083;2247;2252;2324;2329;2372;2377;2459;2459
1700395084395508.gadget2d_resized_512x512.png;class_0;1.0;polygon;y values;164;166;166;169;169;172;172;175;175;178;178;181;181;184;184;187;187;190;190;193;193;196;196;199;199;202;202;1280;1280;1277;1277;1274;1274;1271;1271;1268;1268;1265;1265;1262;1262;1259;1259;1256;1256;1253;1253;1250;1250;1248;1248;1245;1245;1242;1242;1239;1239;1236;1236;1233;1233;1230;1230;164
1698224236576717.gadget2d_resized_512x512.png;class_0;1.0;polygon;x values;24;19;19;28;139;144;202;206;235;240;293;298;442;447;495;500;519;524;567;572;707;712;755;760;784;789;847;851;1015;1020;1063;1068;1097;1102;1164;1169;1371;1376;1477;1482;1535;1540;1698;1703;2459;2459;2343;2338;2305;2300;2285;2281;2237;2233;2035;2030;2002;1997;1982;1977;1939;1934;1722;1718;1679;1674;1655;1650;1602;1597;1299;1294;1217;1212;1140;1135;1058;1053
1698224236576717.gadget2d_resized_512x512.png;class_0;1.0;polygon;y values;105;108;1327;1333;1333;1335;1335;1338;1338;1341;1341;1344;1344;1347;1347;1350;1350;1353;1353;1356;1356;1359;1359;1362;1362;1365;1365;1368;1368;1371;1371;1374;1374;1376;1376;1379;1379;1382;1382;1385;1385;1388;1388;1391;1391;152;152;149;149;146;146;143;143;140;140;137;137;134;134;131;131;128;128;125;125;123;123;120;120;117;117;114;114;111;111;108;108;105
1697977843327958.gadget2d_resized_512x512.png;class_0;1.0;polygon;x values;24;19;19;24;24;28;101;105;168;173;327;332;375;380;399;404;447;452;558;563;591;596;616;620;741;745;1005;1010;1063;1068;1102;1106;1164;1169;1448;1453;1617;1621;1694;1698;1756;1761;1867;1872;2276;2281;2459;2459;2358;2353;2329;2324;2310;2305;2271;2266;1992;1987;1944;1939;1915;1910;1872;1867;1684;1679;1650;1645;1631;1626;1592;1588
1697977843327958.gadget2d_resized_512x512.png;class_0;1.0;polygon;y values;58;61;1330;1333;1335;1338;1338;1341;1341;1344;1344;1347;1347;1350;1350;1353;1353;1356;1356;1359;1359;1362;1362;1365;1365;1368;1368;1371;1371;1374;1374;1376;1376;1379;1379;1382;1382;1385;1385;1388;1388;1391;1391;1388;1388;1391;1391;93;93;90;90;87;87;84;84;82;82;79;79;76;76;73;73;70;70;67;67;64;64;61;61;58
1700384953273799.gadget2d_resized_512x512.png;class_0;1.0;polygon;x values;1482;1477;1410;1405;1371;1366;1318;1313;962;957;909;904;871;866;813;808;481;476;447;442;428;423;394;389;202;197;144;139;120;115;0;0;19;24;895;899;1063;1068;1140;1145;1251;1256;1525;1530;1588;1592;1621;1626;1674;1679;1896;1900;1949;1953;1982;1987;2035;2040;2208;2213;2261;2266;2285;2290;2329;2334;2459;2459
1700384953273799.gadget2d_resized_512x512.png;class_0;1.0;polygon;y values;175;178;178;181;181;184;184;187;187;190;190;193;193;196;196;199;199;202;202;205;205;208;208;210;210;213;213;216;216;219;219;1289;1289;1286;1286;1283;1283;1280;1280;1277;1277;1274;1274;1271;1271;1268;1268;1265;1265;1262;1262;1259;1259;1256;1256;1253;1253;1250;1250;1248;1248;1245;1245;1242;1242;1239;1239;175
1699851659966637.gadget2d_resized_512x512.png;class_0;1.0;polygon;x values;28;19;19;24;91;96;163;168;192;197;240;245;380;385;433;437;452;457;495;500;616;620;717;721;750;755;789;794;986;991;1063;1068;1097;1102;1145;1150;1299;1304;1458;1463;1491;1496;1588;1592;2362;2367;2415;2420;2430;2435;2459;2459;2439;2435;2415;2411;2218;2213;2170;2165;2141;2136;2098;2093;1852;1848;1809;1804;1785;1780;1751;1746;1650;1645;1491;1487;1434;1429;1318;1313;904;899;808;803;784;779;741;736
1699851659966637.gadget2d_resized_512x512.png;class_0;1.0;polygon;y values;82;87;1330;1333;1333;1335;1335;1338;1338;1341;1341;1344;1344;1347;1347;1350;1350;1353;1353;1356;1356;1359;1359;1362;1362;1365;1365;1368;1368;1371;1371;1374;1374;1376;1376;1379;1379;1382;1382;1385;1385;1388;1388;1391;1391;1394;1394;1391;1391;1394;1394;134;134;131;131;128;128;125;125;123;123;120;120;117;117;114;114;111;111;108;108;105;105;102;102;99;99;96;96;93;93;90;90;87;87;84;84;82
1697959759941617.gadget2d_resized_512x512.png;class_0;1.0;polygon;x values;375;370;332;327;86;81;24;19;19;24;24;28;206;211;279;283;308;312;360;365;505;510;606;611;635;640;688;693;818;822;904;909;948;952;1015;1020;1169;1174;1260;1265;1313;1318;1424;1429;1636;1641;1823;1828;1987;1992;2281;2285;2362;2367;2459;2459;2435;2430;2401;2396;2184;2180;2131;2127;2107;2103;2069;2064;1857;1852;1823;1819;1804;1799;1746;1742;1713;1708;1698;1689;1689;1674;1669;1607;1602;1573;1568;1549;1544;1501;1496;1357;1352;1289;1284;1188;1183;750;745;635;630;567;563;486;481;462;457
1697959759941617.gadget2d_resized_512x512.png;class_0;1.0;polygon;y values;38;41;41;43;43;46;46;49;1289;1291;1294;1297;1297;1300;1300;1303;1303;1306;1306;1309;1309;1312;1312;1315;1315;1318;1318;1321;1321;1324;1324;1327;1327;1330;1330;1333;1333;1335;1335;1338;1338;1341;1341;1344;1344;1347;1347;1344;1344;1347;1347;1350;1350;1353;1353;87;87;84;84;82;82;79;79;76;76;73;73;70;70;67;67;64;64;61;61;58;58;55;55;49;41;41;38;38;41;41;43;43;46;46;49;49;52;52;49;49;46;46;43;43;46;46;43;43;41;41;38
1698217095420964.gadget2d_resized_512x512.png;class_0;1.0;polygon;x values;24;19;19;24;24;28;81;86;240;245;308;312;332;336;399;404;534;539;587;591;620;625;659;664;798;803;899;904;1005;1010;1073;1078;1155;1159;1246;1251;1289;1294;1352;1357;1867;1872;2141;2146;2257;2261;2367;2372;2459;2459;2271;2266;2237;2233;2218;2213;2184;2180;1949;1944;1910;1905;1896;1891;1848;1843;1674;1669;1583;1578;1535;1530;1438;1434
1698217095420964.gadget2d_resized_512x512.png;class_0;1.0;polygon;y values;93;96;1321;1324;1327;1330;1330;1333;1333;1335;1335;1338;1338;1341;1341;1344;1344;1347;1347;1350;1350;1353;1353;1356;1356;1359;1359;1362;1362;1365;1365;1368;1368;1371;1371;1374;1374;1376;1376;1379;1379;1382;1382;1385;1385;1388;1388;1391;1391;128;128;125;125;123;123;120;120;117;117;114;114;111;111;108;108;105;105;102;102;99;99;96;96;93
1700391095349726.gadget2d_resized_512x512.png;class_0;1.0;polygon;x values;2218;2213;1785;1780;1698;1694;1602;1597;1212;1207;1150;1145;1106;1102;1010;1005;745;741;673;668;591;587;539;534;505;500;462;457;336;332;308;303;288;283;259;255;14;9;0;0;707;712;760;765;808;813;1135;1140;1337;1342;1410;1414;1463;1467;1535;1540;1703;1708;1795;1799;1843;1848;1929;1934;2064;2069;2127;2131;2165;2170;2223;2228;2406;2411;2459;2459
1700391095349726.gadget2d_resized_512x512.png;class_0;1.0;polygon;y values;164;166;166;169;169;172;172;175;175;178;178;181;181;184;184;187;187;190;190;193;193;190;190;193;193;196;196;199;199;202;202;205;205;208;208;210;210;213;213;1286;1286;1283;1283;1280;1280;1277;1277;1274;1274;1271;1271;1268;1268;1265;1265;1262;1262;1259;1259;1256;1256;1253;1253;1250;1250;1248;1248;1245;1245;1242;1242;1239;1239;1236;1236;164
1697971511194934.gadget2d_resized_512x512.png;class_0;1.0;polygon;x values;24;19;19;28;67;72;134;139;288;293;332;336;360;365;409;413;543;548;596;601;630;635;678;683;818;822;952;957;991;996;1049;1053;1217;1222;1280;1284;1304;1309;1429;1434;2117;2122;2300;2305;2411;2415;2439;2444;2459;2459;2439;2435;2199;2194;2165;2160;2141;2136;2098;2093;1876;1872;1838;1833;1814;1809;1761;1756;1602;1597;1487;1482;1429;1424;1318;1313;933;928;813;808;611;606;553;548
1697971511194934.gadget2d_resized_512x512.png;class_0;1.0;polygon;y values;82;84;1333;1338;1338;1341;1341;1344;1344;1347;1347;1350;1350;1353;1353;1356;1356;1359;1359;1362;1362;1365;1365;1368;1368;1371;1371;1374;1374;1376;1376;1379;1379;1382;1382;1385;1385;1388;1388;1391;1391;1394;1394;1397;1397;1394;1394;1397;1397;131;131;128;128;125;125;123;123;120;120;117;117;114;114;111;111;108;108;105;105;102;102;99;99;96;96;93;93;90;90;87;87;84;84;82
1697963068011924.gadget2d_resized_512x512.png;class_0;1.0;polygon;x values;43;38;24;24;19;19;28;206;211;293;298;327;332;385;389;630;635;678;683;702;707;750;755;847;851;976;981;1034;1039;1106;1111;1256;1260;1342;1347;1400;1405;1535;1540;2146;2151;2459;2459;2449;2444;2285;2281;2218;2213;2180;2175;2117;2112;1876;1872;1819;1814;1722;1718;1703;1698;1674;1669;1636;1631;1602;1597;1540;1535;842;837;779;774;755;750;707;702;303;298;231;226
1697963068011924.gadget2d_resized_512x512.png;class_0;1.0;polygon;y values;58;61;61;64;67;1315;1321;1321;1324;1324;1327;1327;1330;1330;1333;1333;1335;1335;1338;1338;1341;1341;1344;1344;1347;1347;1350;1350;1353;1353;1356;1356;1359;1359;1362;1362;1365;1365;1368;1368;1371;1371;108;108;105;105;102;102;99;99;96;96;93;93;90;90;87;87;84;84;82;82;79;79;76;76;73;73;70;70;67;67;64;64;61;61;58;58;61;61;58
1697984302468773.gadget2d_resized_512x512.png;class_0;1.0;polygon;x values;24;19;19;24;77;81;168;173;197;202;245;250;380;385;433;437;471;476;563;567;683;688;750;755;779;784;842;847;986;991;1053;1058;1092;1097;1145;1150;1289;1294;1376;1381;1414;1419;1482;1487;2266;2271;2459;2459;2454;2449;2425;2420;2218;2213;2180;2175;2165;2160;2131;2127;1852;1848;1819;1814;1795;1790;1761;1756;1607;1602;1501;1496;1463;1458;1371;1366
1697984302468773.gadget2d_resized_512x512.png;class_0;1.0;polygon;y values;93;96;1330;1333;1333;1335;1335;1338;1338;1341;1341;1344;1344;1347;1347;1350;1350;1353;1353;1356;1356;1359;1359;1362;1362;1365;1365;1368;1368;1371;1371;1374;1374;1376;1376;1379;1379;1382;1382;1385;1385;1388;1388;1391;1391;1394;1394;134;134;131;131;128;128;125;125;123;123;120;120;117;117;114;114;111;111;108;108;105;105;102;102;99;99;96;96;93
1698165369348929.gadget2d_resized_512x512.png;class_0;1.0;polygon;x values;24;19;19;24;24;163;168;235;240;264;269;327;332;447;452;495;500;514;519;558;563;721;726;779;784;818;822;899;904;1082;1087;1135;1140;1159;1164;1207;1212;1434;1438;1559;1564;1655;1660;1905;1910;2459;2459;2261;2257;2228;2223;2213;2208;2175;2170;1944;1939;1905;1900;1886;1881;1838;1833;1674;1669;1602;1597;1564;1559;1487;1482
1698165369348929.gadget2d_resized_512x512.png;class_0;1.0;polygon;y values;93;96;1327;1330;1333;1333;1335;1335;1338;1338;1341;1341;1344;1344;1347;1347;1350;1350;1353;1353;1356;1356;1359;1359;1362;1362;1365;1365;1368;1368;1371;1371;1374;1374;1376;1376;1379;1379;1382;1382;1385;1385;1388;1388;1391;1391;128;128;125;125;123;123;120;120;117;117;114;114;111;111;108;108;105;105;102;102;99;99;96;96;93
1700319159674897.gadget2d_resized_512x512.png;class_0;1.0;polygon;x values;1390;1386;1318;1313;1265;1260;1183;1179;866;861;798;794;774;770;736;731;447;442;409;404;394;389;360;356;125;120;81;77;52;48;0;0;9;14;750;755;948;952;1097;1102;1212;1217;1467;1472;1525;1530;1559;1564;1641;1645;1833;1838;1891;1896;1925;1929;1987;1992;2165;2170;2213;2218;2237;2242;2295;2300;2459;2459
1700319159674897.gadget2d_resized_512x512.png;class_0;1.0;polygon;y values;187;190;190;193;193;196;196;199;199;202;202;205;205;208;208;210;210;213;213;216;216;219;219;222;222;225;225;228;228;231;231;1300;1300;1297;1297;1294;1294;1291;1291;1289;1289;1286;1286;1283;1283;1280;1280;1277;1277;1274;1274;1271;1271;1268;1268;1265;1265;1262;1262;1259;1259;1256;1256;1253;1253;1250;1250;187
1699819727344468.gadget2d_resized_512x512.png;class_0;1.0;polygon;x values;1592;1588;1434;1429;1386;1381;1299;1294;899;895;851;847;827;822;784;779;500;495;466;462;447;442;413;409;235;231;144;139;101;96;24;24;19;19;28;158;163;423;428;534;539;625;630;721;726;981;986;1347;1352;1429;1434;1482;1487;1568;1573;1669;1674;1703;1708;1732;1737;1804;1809;2131;2136;2165;2170;2184;2189;2257;2261;2348;2353;2396;2401;2459;2459
1699819727344468.gadget2d_resized_512x512.png;class_0;1.0;polygon;y values;199;202;202;205;205;208;208;210;210;213;213;216;216;219;219;222;222;225;225;228;228;231;231;234;234;237;237;240;240;243;243;246;249;1315;1321;1321;1318;1318;1315;1315;1312;1312;1315;1315;1312;1312;1309;1309;1306;1306;1303;1303;1300;1300;1297;1297;1294;1294;1291;1291;1289;1289;1286;1286;1283;1283;1280;1280;1277;1277;1274;1274;1271;1271;1268;1268;199
1700299104465802.gadget2d_resized_512x512.png;class_0;1.0;polygon;x values;2040;2035;1905;1900;1823;1819;1732;1727;1289;1284;1217;1212;1174;1169;1087;1082;798;794;755;750;731;726;668;664;404;399;375;370;356;351;317;312;101;96;52;48;28;24;24;19;19;24;24;630;635;1102;1106;1217;1222;1289;1294;1390;1395;1592;1597;1645;1650;1679;1684;1780;1785;1973;1977;2030;2035;2059;2064;2112;2117;2242;2247;2300;2305;2334;2338;2387;2391;2459;2459;2454;2449
1700299104465802.gadget2d_resized_512x512.png;class_0;1.0;polygon;y values;175;178;178;181;181;184;184;187;187;190;190;193;193;196;196;199;199;202;202;205;205;208;208;210;210;213;213;216;216;219;219;222;222;225;225;228;228;231;234;237;1294;1297;1300;1300;1297;1297;1294;1294;1291;1291;1289;1289;1286;1286;1283;1283;1280;1280;1277;1277;1274;1274;1271;1271;1268;1268;1265;1265;1262;1262;1259;1259;1256;1256;1253;1253;1250;1250;178;178;175
1698272454588172.gadget2d_resized_512x512.png;class_0;1.0;polygon;x values;24;19;19;28;91;96;115;120;144;149;327;332;399;404;433;437;490;495;644;649;673;678;688;693;712;717;933;938;981;986;1034;1039;1135;1140;1260;1265;1309;1313;1333;1337;1477;1482;2127;2131;2170;2175;2228;2233;2290;2295;2319;2324;2387;2391;2439;2444;2459;2459;2290;2285;2261;2257;2247;2242;2213;2208;1973;1968;1939;1934;1915;1910;1876;1872;1669;1665;1621;1617;1602;1597;1573;1568;1438;1434;1251;1246;1241;1236;1097;1092;1068;1063;1020;1015
1698272454588172.gadget2d_resized_512x512.png;class_0;1.0;polygon;y values;93;96;1318;1324;1324;1327;1327;1330;1330;1333;1333;1335;1335;1338;1338;1341;1341;1344;1344;1347;1347;1350;1350;1353;1353;1356;1356;1359;1359;1362;1362;1365;1365;1368;1368;1371;1371;1374;1374;1376;1376;1379;1379;1382;1382;1385;1385;1382;1382;1379;1379;1382;1382;1385;1385;1388;1388;140;140;137;137;134;134;131;131;128;128;125;125;123;123;120;120;117;117;114;114;111;111;108;108;105;105;102;102;105;105;102;102;99;99;96;96;93
1698152909075053.gadget2d_resized_512x512.png;class_0;1.0;polygon;x values;24;19;19;28;211;216;274;279;303;308;356;360;505;510;572;577;606;611;659;664;803;808;875;880;919;924;996;1001;1164;1169;1241;1246;1284;1289;1366;1371;1674;1679;1973;1977;2050;2054;2314;2319;2415;2420;2459;2459;2420;2415;2170;2165;2141;2136;2127;2122;2098;2093;1843;1838;1799;1795;1775;1771;1732;1727;1535;1530;1487;1482;1458;1453;1395;1390
1698152909075053.gadget2d_resized_512x512.png;class_0;1.0;polygon;y values;82;84;1315;1321;1321;1324;1324;1327;1327;1330;1330;1333;1333;1335;1335;1338;1338;1341;1341;1344;1344;1347;1347;1350;1350;1353;1353;1356;1356;1359;1359;1362;1362;1365;1365;1368;1368;1371;1371;1374;1374;1376;1376;1379;1379;1376;1376;120;120;117;117;114;114;111;111;108;108;105;105;102;102;99;99;96;96;93;93;90;90;87;87;84;84;82
1700022313706427.gadget2d_resized_512x512.png;class_0;1.0;polygon;x values;895;890;837;832;765;760;745;741;736;731;726;721;717;712;697;693;678;673;668;664;635;630;375;370;332;327;312;308;274;269;28;19;19;24;24;28;418;423;693;697;822;827;928;933;1169;1174;1477;1482;1554;1559;1602;1607;1674;1679;1900;1905;1949;1953;1968;1973;2016;2021;2189;2194;2233;2237;2257;2261;2305;2310;2459;2459;2247;2242;2079;2074;2011;2006;1434;1429;1357;1352;1318;1313;1232;1227;1102;1097;1073;1068;1063;1053;1044;1039;1029;1025;1015;1010
1700022313706427.gadget2d_resized_512x512.png;class_0;1.0;polygon;y values;284;287;287;290;290;292;292;295;295;298;298;301;301;304;304;307;307;310;310;313;313;316;316;319;319;322;322;325;325;328;328;333;1391;1394;1397;1400;1400;1403;1403;1400;1400;1397;1397;1394;1394;1391;1391;1388;1388;1385;1385;1382;1382;1379;1379;1376;1376;1374;1374;1371;1371;1368;1368;1365;1365;1362;1362;1359;1359;1356;1356;290;290;292;292;290;290;292;292;295;295;298;298;301;301;304;304;301;301;298;298;292;292;290;290;287;287;284
1699818102284063.gadget2d_resized_512x512.png;class_0;1.0;polygon;x values;24;19;19;24;24;48;52;91;96;139;144;288;293;332;336;356;360;394;399;548;553;596;601;625;630;659;664;871;875;943;948;972;976;1020;1025;1251;1256;1347;1352;1395;1400;1511;1515;2300;2305;2459;2459;2430;2425;2199;2194;2160;2156;2136;2131;2093;2088;1848;1843;1814;1809;1795;1790;1756;1751;1578;1573;1429;1424;1366;1361;1280;1275
1699818102284063.gadget2d_resized_512x512.png;class_0;1.0;polygon;y values;93;96;1330;1333;1335;1335;1338;1338;1341;1341;1344;1344;1347;1347;1350;1350;1353;1353;1356;1356;1359;1359;1362;1362;1365;1365;1368;1368;1371;1371;1374;1374;1376;1376;1379;1379;1382;1382;1385;1385;1388;1388;1391;1391;1394;1394;131;131;128;128;125;125;123;123;120;120;117;117;114;114;111;111;108;108;105;105;102;102;99;99;96;96;93
1699993591374415.gadget2d_resized_512x512.png;class_0;1.0;polygon;x values;750;745;736;721;721;712;702;697;611;606;558;553;534;529;486;481;231;226;168;163;129;125;28;19;19;24;1198;1203;1284;1289;1357;1361;1467;1472;1626;1631;1679;1684;1718;1722;1809;1814;1944;1949;1973;1977;1992;1997;2064;2069;2247;2252;2295;2300;2329;2334;2401;2406;2459;2459;2449;2444;2064;2059;2002;1997;1973;1968;1713;1708;1207;1203;1106;1102;1073;1068;1063;1058;1053;1049;1039;1034
1699993591374415.gadget2d_resized_512x512.png;class_0;1.0;polygon;y values;292;295;295;304;307;313;313;316;316;319;319;322;322;325;325;328;328;331;331;333;333;336;336;342;1400;1403;1403;1400;1400;1397;1397;1394;1394;1391;1391;1388;1388;1385;1385;1382;1382;1379;1379;1376;1376;1374;1374;1371;1371;1368;1368;1365;1365;1362;1362;1359;1359;1356;1356;295;295;292;292;295;295;298;298;301;301;304;304;307;307;304;304;301;301;298;298;295;295;292
1700343862153579.gadget2d_resized_512x512.png;class_0;1.0;polygon;x values;28;19;19;24;24;72;77;211;216;288;293;332;336;389;394;620;625;693;697;717;721;755;760;924;928;1029;1034;1063;1068;1121;1126;1265;1270;1487;1491;1645;1650;2021;2026;2069;2074;2175;2180;2415;2420;2435;2439;2459;2459;2430;2425;2396;2391;2151;2146;2107;2103;2088;2083;2045;2040;1804;1799;1751;1746;1727;1722;1713;1708;1689;1684;1669;1665;1631;1626;1333;1328;1246;1241;1227;1222;1169;1164;938;933
1700343862153579.gadget2d_resized_512x512.png;class_0;1.0;polygon;y values;23;29;1265;1268;1271;1271;1274;1274;1277;1277;1280;1280;1283;1283;1286;1286;1289;1289;1291;1291;1294;1294;1297;1297;1300;1300;1303;1303;1306;1306;1309;1309;1312;1312;1315;1315;1318;1318;1321;1321;1318;1318;1321;1321;1318;1318;1321;1321;64;64;61;61;58;58;55;55;52;52;49;49;46;46;43;43;41;41;38;38;35;35;32;32;29;29;26;26;29;29;32;32;29;29;26;26;23
1697948218695940.gadget2d_resized_512x512.png;class_0;1.0;polygon;x values;1429;1424;1400;1395;1390;1386;1376;1371;1366;1361;1342;1337;1275;1270;1044;1039;770;765;745;741;668;664;24;19;19;24;28;33;134;139;173;178;250;255;375;380;452;457;486;490;702;707;741;745;755;760;774;779;808;813;1015;1020;1102;1106;1140;1145;1174;1179;1251;1256;1323;1328;1376;1381;1501;1506;1819;1823;1910;1915;2459;2459;2329;2324;2237;2233;2213;2208;2184;2180;2002;1997;1939;1934;1915;1910;1881;1876;1718;1713;1703;1689;1689;1694;1698;1698;1703;1694;1689
1697948218695940.gadget2d_resized_512x512.png;class_0;1.0;polygon;y values;84;87;87;90;90;93;93;96;96;99;99;102;102;105;105;102;102;99;99;96;96;93;93;96;1341;1344;1344;1347;1347;1350;1350;1353;1353;1356;1356;1359;1359;1362;1362;1365;1365;1368;1368;1371;1371;1374;1374;1376;1376;1379;1379;1382;1382;1385;1385;1388;1388;1391;1391;1394;1394;1397;1397;1400;1400;1403;1403;1400;1400;1403;1403;140;140;137;137;134;134;131;131;128;128;125;125;123;123;120;120;117;117;114;114;105;96;93;93;90;87;87;84
1699851600964344.gadget2d_resized_512x512.png;class_0;1.0;polygon;x values;28;19;19;28;134;139;182;187;235;240;360;365;418;423;447;452;577;582;697;702;741;745;765;770;822;827;1001;1005;1087;1092;1126;1130;1188;1193;1275;1280;1357;1361;1472;1477;1626;1631;2391;2396;2459;2459;2329;2324;2261;2257;2242;2237;2199;2194;1953;1949;1905;1900;1876;1872;1833;1828;1636;1631;1549;1544;1511;1506;1414;1410;1068;1063;972;967;871;866;721;717
1699851600964344.gadget2d_resized_512x512.png;class_0;1.0;polygon;y values;70;76;1318;1324;1324;1327;1327;1330;1330;1333;1333;1335;1335;1338;1338;1341;1341;1344;1344;1347;1347;1350;1350;1353;1353;1356;1356;1359;1359;1362;1362;1365;1365;1368;1368;1371;1371;1374;1374;1376;1376;1379;1379;1382;1382;117;117;114;114;111;111;108;108;105;105;102;102;99;99;96;96;93;93;90;90;87;87;84;84;82;82;79;79;76;76;73;73;70
1698231184725940.gadget2d_resized_512x512.png;class_0;1.0;polygon;x values;24;19;19;24;24;125;129;173;178;197;202;245;250;404;409;457;462;481;486;519;524;649;654;702;707;731;736;770;774;1010;1015;1078;1082;1116;1121;1169;1174;1361;1366;1554;1559;1602;1607;1934;1939;2459;2459;2454;2449;2208;2204;2175;2170;2160;2156;2131;2127;1867;1862;1823;1819;1795;1790;1746;1742;1525;1520;1458;1453;1419;1414;1352;1347
1698231184725940.gadget2d_resized_512x512.png;class_0;1.0;polygon;y values;105;108;1338;1341;1344;1344;1347;1347;1350;1350;1353;1353;1356;1356;1359;1359;1362;1362;1365;1365;1368;1368;1371;1371;1374;1374;1376;1376;1379;1379;1382;1382;1385;1385;1388;1388;1391;1391;1394;1394;1397;1397;1400;1400;1403;1403;143;143;140;140;137;137;134;134;131;131;128;128;125;125;123;123;120;120;117;117;114;114;111;111;108;108;105
1699817635271230.gadget2d_resized_512x512.png;class_0;1.0;polygon;x values;24;19;19;28;125;129;154;158;202;206;351;356;394;399;413;418;457;462;582;587;625;630;649;654;702;707;948;952;1010;1015;1039;1044;1087;1092;1352;1357;1467;1472;1506;1511;1578;1583;2459;2459;2454;2449;2415;2411;2396;2391;2358;2353;2098;2093;2054;2050;2026;2021;1977;1973;1751;1746;1713;1708;1694;1689;1665;1660;1289;1284;1193;1188;1121;1116;1058;1053
1699817635271230.gadget2d_resized_512x512.png;class_0;1.0;polygon;y values;93;96;1330;1335;1335;1338;1338;1341;1341;1344;1344;1347;1347;1350;1350;1353;1353;1356;1356;1359;1359;1362;1362;1365;1365;1368;1368;1371;1371;1374;1374;1376;1376;1379;1379;1382;1382;1385;1385;1388;1388;1391;1391;140;140;137;137;134;134;131;131;128;128;125;125;123;123;120;120;117;117;114;114;111;111;108;108;105;105;102;102;99;99;96;96;93
1698089509714059.gadget2d_resized_512x512.png;class_0;1.0;polygon;x values;24;19;19;28;202;206;264;269;312;317;404;409;495;500;543;548;587;591;673;678;789;794;899;904;972;976;1063;1068;1145;1150;1212;1217;1260;1265;1323;1328;1905;1910;1915;2141;2146;2449;2454;2459;2459;2449;2444;2252;2247;2213;2208;2184;2180;2131;2127;1891;1886;1838;1833;1809;1804;1756;1751;1602;1597;1482;1477;1405;1400;1309;1304
1698089509714059.gadget2d_resized_512x512.png;class_0;1.0;polygon;y values;93;96;1327;1333;1333;1335;1335;1338;1338;1341;1341;1344;1344;1347;1347;1350;1350;1353;1353;1356;1356;1359;1359;1362;1362;1365;1365;1368;1368;1371;1371;1374;1374;1376;1376;1379;1379;1382;1379;1379;1382;1382;1385;1385;131;131;128;128;125;125;123;123;120;120;117;117;114;114;111;111;108;108;105;105;102;102;99;99;96;96;93
1700291369385131.gadget2d_resized_512x512.png;class_0;1.0;polygon;x values;1621;1617;1530;1525;1501;1496;1434;1429;1174;1169;1078;1073;996;991;933;928;731;726;697;693;678;673;635;630;404;399;365;360;341;336;303;298;144;139;105;101;86;81;28;19;19;24;24;202;206;389;394;447;452;606;611;798;803;856;861;981;986;1246;1251;1357;1361;1405;1410;1491;1496;1660;1665;1713;1718;1746;1751;1809;1814;2011;2016;2059;2064;2088;2093;2136;2141;2276;2281;2334;2338;2358;2362;2406;2411;2459;2459
1700291369385131.gadget2d_resized_512x512.png;class_0;1.0;polygon;y values;175;178;178;181;181;184;184;187;187;190;190;193;193;196;196;199;199;202;202;205;205;208;208;210;210;213;213;216;216;219;219;222;222;225;225;228;228;231;231;237;1306;1309;1312;1312;1309;1309;1306;1306;1303;1303;1306;1306;1303;1303;1300;1300;1297;1297;1294;1294;1291;1291;1289;1289;1286;1286;1283;1283;1280;1280;1277;1277;1274;1274;1271;1271;1268;1268;1265;1265;1262;1262;1259;1259;1256;1256;1253;1253;1250;1250;175
1699820193318965.gadget2d_resized_512x512.png;class_0;1.0;polygon;x values;24;19;19;24;24;57;62;192;197;240;245;264;269;308;312;457;462;490;495;510;514;548;553;644;649;702;707;726;731;798;803;1063;1068;1126;1130;1150;1155;1207;1212;1467;1472;1602;1607;1665;1669;1905;1910;2459;2459;2348;2343;2324;2319;2314;2310;2290;2285;2050;2045;2002;1997;1973;1968;1920;1915;1708;1703;1669;1665;1655;1650;1626;1621;1323;1318;1193;1188;1087;1082;1020;1015
1699820193318965.gadget2d_resized_512x512.png;class_0;1.0;polygon;y values;93;96;1335;1338;1341;1341;1344;1344;1347;1347;1350;1350;1353;1353;1356;1356;1359;1359;1362;1362;1365;1365;1368;1368;1371;1371;1374;1374;1376;1376;1379;1379;1382;1382;1385;1385;1388;1388;1391;1391;1394;1394;1397;1397;1400;1400;1403;1403;140;140;137;137;134;134;131;131;128;128;125;125;123;123;120;120;117;117;114;114;111;111;108;108;105;105;102;102;99;99;96;96;93
1698272438587678.gadget2d_resized_512x512.png;class_0;1.0;polygon;x values;24;19;19;24;24;28;33;67;72;125;129;288;293;365;370;394;399;457;462;567;572;620;625;654;659;707;712;880;885;948;952;976;981;1034;1039;1155;1159;1207;1212;1227;1232;1260;1265;1583;1588;1694;1698;1896;1900;1977;1982;2459;2459;2319;2314;2281;2276;2257;2252;2218;2213;2021;2016;1977;1973;1953;1949;1910;1905;1684;1679;1645;1641;1626;1621;1588;1583;1289;1284;1212;1207;1169;1164;1111;1106
1698272438587678.gadget2d_resized_512x512.png;class_0;1.0;polygon;y values;105;108;1318;1321;1324;1324;1327;1327;1330;1330;1333;1333;1335;1335;1338;1338;1341;1341;1344;1344;1347;1347;1350;1350;1353;1353;1356;1356;1359;1359;1362;1362;1365;1365;1368;1368;1371;1371;1374;1374;1376;1376;1379;1379;1382;1382;1385;1385;1388;1388;1391;1391;152;152;149;149;146;146;143;143;140;140;137;137;134;134;131;131;128;128;125;125;123;123;120;120;117;117;114;114;111;111;108;108;105
1698176124572707.gadget2d_resized_512x512.png;class_0;1.0;polygon;x values;24;19;19;24;62;67;125;129;154;158;206;211;351;356;394;399;409;413;457;462;577;582;635;640;664;668;731;736;957;962;1020;1025;1053;1058;1116;1121;1328;1333;1438;1443;1487;1491;1583;1588;2439;2444;2459;2459;2237;2233;2208;2204;2194;2189;2165;2160;1891;1886;1843;1838;1819;1814;1766;1761;1573;1568;1525;1520;1506;1501;1467;1463;1001;996;899;895;822;818;702;697
1698176124572707.gadget2d_resized_512x512.png;class_0;1.0;polygon;y values;93;96;1330;1333;1333;1335;1335;1338;1338;1341;1341;1344;1344;1347;1347;1350;1350;1353;1353;1356;1356;1359;1359;1362;1362;1365;1365;1368;1368;1371;1371;1374;1374;1376;1376;1379;1379;1382;1382;1385;1385;1388;1388;1391;1391;1394;1394;140;140;137;137;134;134;131;131;128;128;125;125;123;123;120;120;117;117;114;114;111;111;108;108;105;105;102;102;99;99;96;96;93
1700067973547133.gadget2d_resized_512x512.png;class_0;1.0;polygon;x values;24;19;19;24;96;101;178;182;211;216;269;274;404;409;466;471;495;500;563;567;683;688;726;731;745;750;779;784;1010;1015;1087;1092;1116;1121;1155;1159;1260;1265;1376;1381;1520;1525;1617;1621;2449;2454;2459;2459;2425;2420;2358;2353;2334;2329;2295;2290;2079;2074;2021;2016;1992;1987;1934;1929;1655;1650;1592;1588;1564;1559;1535;1530;1284;1280;1179;1174;1116;1111;1020;1015
1700067973547133.gadget2d_resized_512x512.png;class_0;1.0;polygon;y values;117;120;1341;1344;1344;1347;1347;1350;1350;1353;1353;1356;1356;1359;1359;1362;1362;1365;1365;1368;1368;1371;1371;1374;1374;1376;1376;1379;1379;1382;1382;1385;1385;1388;1388;1391;1391;1394;1394;1397;1397;1400;1400;1403;1403;1406;1406;164;164;161;161;158;158;155;155;152;152;149;149;146;146;143;143;140;140;137;137;134;134;131;131;128;128;125;125;123;123;120;120;117
1700000847461653.gadget2d_resized_512x512.png;class_0;1.0;polygon;x values;899;895;794;789;750;745;741;726;721;702;688;683;476;471;442;437;423;418;385;380;48;43;24;24;19;19;24;553;558;587;591;1020;1025;1212;1217;1284;1289;1429;1434;1588;1592;1645;1650;1674;1679;1737;1742;1997;2002;2026;2030;2079;2083;2141;2146;2257;2261;2305;2310;2334;2338;2396;2401;2459;2459;2006;2002;1872;1867;1746;1742;1641;1636;1597;1592;1515;1511;1073;1068;1058;1039;1034;1029;1025;1020
1700000847461653.gadget2d_resized_512x512.png;class_0;1.0;polygon;y values;284;287;287;290;290;292;292;301;301;313;313;316;316;319;319;322;322;325;325;328;328;331;331;333;336;1400;1403;1403;1406;1406;1403;1403;1400;1400;1397;1397;1394;1394;1391;1391;1388;1388;1385;1385;1382;1382;1379;1379;1376;1376;1374;1374;1371;1371;1368;1368;1365;1365;1362;1362;1359;1359;1356;1356;292;292;295;295;292;292;295;295;298;298;301;301;304;304;301;301;290;290;287;287;284
1698091101748511.gadget2d_resized_512x512.png;class_0;1.0;polygon;x values;24;19;19;24;24;77;81;245;250;303;308;327;332;380;385;510;514;553;558;582;587;630;635;827;832;924;928;976;981;1063;1068;1212;1217;1309;1313;1352;1357;1434;1438;2242;2247;2459;2459;2454;2449;2420;2415;2391;2387;2372;2367;2338;2334;2324;2319;2305;2300;1953;1949;1915;1910;1900;1896;1857;1852;1674;1669;1592;1588;1549;1544;1443;1438
1698091101748511.gadget2d_resized_512x512.png;class_0;1.0;polygon;y values;93;96;1321;1324;1330;1330;1333;1333;1335;1335;1338;1338;1341;1341;1344;1344;1347;1347;1350;1350;1353;1353;1356;1356;1359;1359;1362;1362;1365;1365;1368;1368;1371;1371;1374;1374;1376;1376;1379;1379;1382;1382;120;120;117;117;114;114;111;111;108;108;111;111;114;114;117;117;114;114;111;111;108;108;105;105;102;102;99;99;96;96;93
1698098393894876.gadget2d_resized_512x512.png;class_0;1.0;polygon;x values;24;19;19;24;24;48;52;192;197;245;250;288;293;341;346;539;543;591;596;616;620;668;673;803;808;875;880;914;919;991;996;1188;1193;1260;1265;1294;1299;1386;1390;1939;1944;2165;2170;2319;2324;2387;2391;2459;2459;2449;2444;2425;2420;2151;2146;2107;2103;2088;2083;2040;2035;1872;1867;1848;1843;1828;1823;1756;1751;1496;1491;1347;1342;1309;1304;1251;1246
1698098393894876.gadget2d_resized_512x512.png;class_0;1.0;polygon;y values;70;73;1312;1315;1318;1318;1321;1321;1324;1324;1327;1327;1330;1330;1333;1333;1335;1335;1338;1338;1341;1341;1344;1344;1347;1347;1350;1350;1353;1353;1356;1356;1359;1359;1362;1362;1365;1365;1368;1368;1371;1371;1374;1374;1371;1371;1374;1374;111;111;108;108;105;105;102;102;99;99;96;96;93;93;90;90;87;87;84;84;82;82;79;79;76;76;73;73;70
1698231917742125.gadget2d_resized_512x512.png;class_0;1.0;polygon;x values;24;19;19;24;96;101;168;173;197;202;250;255;399;404;442;447;466;471;510;514;649;654;712;717;741;745;784;789;991;996;1053;1058;1082;1087;1140;1145;1318;1323;1400;1405;1472;1477;1559;1564;2281;2285;2459;2459;2334;2329;2290;2285;2261;2257;2218;2213;2030;2026;1992;1987;1968;1963;1920;1915;1694;1689;1641;1636;1617;1612;1568;1564;1328;1323;1275;1270;1227;1222;1073;1068
1698231917742125.gadget2d_resized_512x512.png;class_0;1.0;polygon;y values;105;108;1330;1333;1333;1335;1335;1338;1338;1341;1341;1344;1344;1347;1347;1350;1350;1353;1353;1356;1356;1359;1359;1362;1362;1365;1365;1368;1368;1371;1371;1374;1374;1376;1376;1379;1379;1382;1382;1385;1385;1388;1388;1391;1391;1394;1394;152;152;149;149;146;146;143;143;140;140;137;137;134;134;131;131;128;128;125;125;123;123;120;120;117;117;114;114;111;111;108;108;105
1697966318088007.gadget2d_resized_512x512.png;class_0;1.0;polygon;x values;563;558;399;394;264;259;38;33;28;24;24;19;19;24;24;19;19;24;24;28;72;77;231;235;274;279;317;322;404;409;462;466;524;529;625;630;664;668;693;697;866;871;1001;1005;1053;1058;1102;1106;1212;1217;1232;1236;1246;1251;1313;1318;1337;1342;1371;1376;1405;1410;1477;1482;1506;1511;1520;1525;1568;1573;1597;1602;1626;1631;1722;1727;1756;1761;1771;1775;1785;1790;1828;1833;1891;1896;1934;1939;2021;2026;2151;2156;2180;2184;2353;2358;2425;2430;2459;2459;2449;2444;2420;2415;2406;2401;2372;2367;2319;2314;2290;2285;2257;2252;2218;2213;2122;2117;1929;1925;1886;1881;1838;1833;1790;1785;1746;1742;1684;1679;1665;1660;1626;1621;1592;1588;1578;1573;1578;1592;1597;1617;1621;1631;1501;1506;1506;1501;1482;1477;1424;1419;1246;1241;1217;1212;1203;1198;1174;1169;972;967;818;813;770;765;673;668
1697966318088007.gadget2d_resized_512x512.png;class_0;1.0;polygon;y values;70;73;73;76;76;79;79;82;82;84;96;99;134;137;231;234;1315;1318;1321;1324;1324;1327;1327;1330;1330;1333;1333;1335;1335;1338;1338;1341;1341;1344;1344;1347;1347;1350;1350;1353;1353;1356;1356;1359;1359;1362;1362;1365;1365;1362;1362;1359;1359;1356;1356;1359;1359;1362;1362;1365;1365;1368;1368;1365;1365;1362;1362;1359;1359;1362;1362;1365;1365;1368;1368;1371;1371;1374;1374;1376;1376;1379;1379;1382;1382;1379;1379;1376;1376;1379;1379;1376;1376;1374;1374;1376;1376;1374;1374;123;123;120;120;117;117;120;120;117;117;114;114;111;111;108;108;105;105;102;102;99;99;96;96;93;93;96;96;99;99;96;96;93;93;90;90;87;87;84;82;82;79;79;76;76;76;79;84;87;87;90;90;93;93;90;90;87;87;84;84;82;82;79;79;76;76;73;73;70
1698134468671242.gadget2d_resized_512x512.png;class_0;1.0;polygon;x values;24;19;19;28;192;197;255;259;288;293;336;341;476;481;514;519;539;543;572;577;750;755;803;808;856;861;962;967;1140;1145;1183;1188;1212;1217;1304;1309;1607;1612;1900;1905;2083;2088;2348;2353;2387;2391;2439;2444;2459;2459;2391;2387;2362;2358;2310;2305;2083;2079;2054;2050;2035;2030;2002;1997;1785;1780;1727;1722;1698;1694;1641;1636;1333;1328;1251;1246;1203;1198;1078;1073
1698134468671242.gadget2d_resized_512x512.png;class_0;1.0;polygon;y values;58;61;1303;1309;1309;1312;1312;1315;1315;1318;1318;1321;1321;1324;1324;1327;1327;1330;1330;1333;1333;1335;1335;1338;1338;1341;1341;1344;1344;1347;1347;1350;1350;1353;1353;1356;1356;1359;1359;1362;1362;1365;1365;1368;1368;1365;1365;1368;1368;102;102;99;99;96;96;93;93;90;90;87;87;84;84;82;82;79;79;76;76;73;73;70;70;67;67;64;64;61;61;58
1698990662086407.gadget2d_resized_512x512.png;class_0;1.0;polygon;x values;24;19;19;24;139;144;206;211;245;250;317;322;437;442;505;510;539;543;596;601;741;745;794;798;842;847;933;938;1140;1145;1212;1217;1284;1289;1419;1424;1592;1597;1973;1977;2165;2170;2459;2459;2444;2439;2420;2415;2218;2213;2160;2156;2127;2122;2059;2054;1790;1785;1742;1737;1722;1718;1703;1698;1583;1578;1438;1434;1304;1299;1179;1174
1698990662086407.gadget2d_resized_512x512.png;class_0;1.0;polygon;y values;70;73;1306;1309;1309;1312;1312;1315;1315;1318;1318;1321;1321;1324;1324;1327;1327;1330;1330;1333;1333;1335;1335;1338;1338;1341;1341;1344;1344;1347;1347;1350;1350;1353;1353;1356;1356;1359;1359;1362;1362;1365;1365;111;111;108;108;105;105;102;102;99;99;96;96;93;93;90;90;87;87;84;84;82;82;79;79;76;76;73;73;70
1698683106379464.gadget2d_resized_512x512.png;class_0;1.0;polygon;x values;24;19;19;28;163;168;211;216;235;240;283;288;423;428;476;481;505;510;553;558;707;712;750;755;779;784;842;847;1092;1097;1150;1155;1179;1183;1260;1265;1453;1458;1612;1617;1689;1694;1934;1939;2459;2459;2329;2324;2295;2290;2281;2276;2247;2242;2011;2006;1973;1968;1944;1939;1900;1896;1703;1698;1650;1645;1626;1621;1559;1554
1698683106379464.gadget2d_resized_512x512.png;class_0;1.0;polygon;y values;93;96;1315;1321;1321;1324;1324;1327;1327;1330;1330;1333;1333;1335;1335;1338;1338;1341;1341;1344;1344;1347;1347;1350;1350;1353;1353;1356;1356;1359;1359;1362;1362;1365;1365;1368;1368;1371;1371;1374;1374;1376;1376;1379;1379;128;128;125;125;123;123;120;120;117;117;114;114;111;111;108;108;105;105;102;102;99;99;96;96;93
1700287366715180.gadget2d_resized_512x512.png;class_0;1.0;polygon;x values;1323;1318;1256;1251;1217;1212;1164;1159;851;847;784;779;745;741;668;664;433;428;399;394;380;375;341;336;139;134;19;14;0;0;14;19;745;750;919;924;1073;1078;1212;1217;1467;1472;1540;1544;1578;1583;1650;1655;1838;1843;1896;1900;1929;1934;1977;1982;2136;2141;2180;2184;2208;2213;2261;2266;2449;2454;2459;2459
1700287366715180.gadget2d_resized_512x512.png;class_0;1.0;polygon;y values;175;178;178;181;181;184;184;187;187;190;190;193;193;196;196;199;199;202;202;205;205;208;208;210;210;213;213;216;216;1300;1300;1297;1297;1294;1294;1291;1291;1289;1289;1286;1286;1283;1283;1280;1280;1277;1277;1274;1274;1271;1271;1268;1268;1265;1265;1262;1262;1259;1259;1256;1256;1253;1253;1250;1250;1248;1248;175
1699993432372043.gadget2d_resized_512x512.png;class_0;1.0;polygon;x values;745;741;731;726;726;712;697;693;668;664;635;630;587;582;375;370;298;293;279;274;226;221;24;19;19;24;24;409;413;514;519;548;553;702;707;871;875;1376;1381;1443;1448;1487;1491;1573;1578;1737;1742;1819;1823;1857;1862;1925;1929;2026;2030;2122;2127;2175;2180;2252;2257;2411;2415;2459;2459;2439;2435;2290;2285;2040;2035;2006;2002;1934;1929;1256;1251;1111;1106;1102;1078;1073;1063;1053;1049;1044;1034;1029
1699993432372043.gadget2d_resized_512x512.png;class_0;1.0;polygon;y values;292;295;295;298;307;316;316;319;319;322;322;325;325;328;328;331;331;333;333;336;336;339;339;342;1400;1403;1406;1406;1409;1409;1406;1406;1409;1409;1406;1406;1403;1403;1400;1400;1397;1397;1394;1394;1391;1391;1388;1388;1385;1385;1382;1382;1379;1379;1376;1376;1374;1374;1371;1371;1368;1368;1365;1365;295;295;292;292;295;295;298;298;301;301;304;304;307;307;310;307;307;304;304;298;298;295;295;292
1698246880074821.gadget2d_resized_512x512.png;class_0;1.0;polygon;x values;24;19;19;24;110;115;163;168;187;192;245;250;418;423;476;481;500;505;539;543;664;668;717;721;741;745;774;779;1049;1053;1116;1121;1140;1145;1198;1203;1491;1496;1674;1679;1737;1742;2040;2045;2459;2459;2396;2391;2353;2348;2334;2329;2300;2295;2064;2059;2021;2016;1992;1987;1939;1934;1708;1703;1669;1665;1645;1641;1612;1607;1280;1275;1130;1126;1063;1058;962;957
1698246880074821.gadget2d_resized_512x512.png;class_0;1.0;polygon;y values;93;96;1341;1344;1344;1347;1347;1350;1350;1353;1353;1356;1356;1359;1359;1362;1362;1365;1365;1368;1368;1371;1371;1374;1374;1376;1376;1379;1379;1382;1382;1385;1385;1388;1388;1391;1391;1394;1394;1397;1397;1400;1400;1403;1403;140;140;137;137;134;134;131;131;128;128;125;125;123;123;120;120;117;117;114;114;111;111;108;108;105;105;102;102;99;99;96;96;93
1699835055518838.gadget2d_resized_512x512.png;class_0;1.0;polygon;x values;2387;2382;1251;1246;1174;1169;1145;1140;1073;1068;702;697;649;644;591;587;534;529;490;486;433;428;255;250;221;216;202;197;158;154;24;19;19;24;890;895;1179;1183;1347;1352;1448;1453;1626;1631;1669;1674;1698;1703;1775;1780;2069;2074;2122;2127;2170;2175;2281;2285;2372;2377;2459;2459
1699835055518838.gadget2d_resized_512x512.png;class_0;1.0;polygon;y values;196;199;199;202;202;205;205;208;208;210;210;213;213;216;216;213;213;216;216;219;219;222;222;225;225;228;228;231;231;234;234;237;1306;1309;1309;1306;1306;1303;1303;1300;1300;1297;1297;1294;1294;1291;1291;1289;1289;1286;1286;1283;1283;1280;1280;1277;1277;1274;1274;1271;1271;196
1698312292417632.gadget2d_resized_512x512.png;class_0;1.0;polygon;x values;24;19;19;24;24;86;91;125;129;173;178;346;351;394;399;409;413;457;462;640;644;721;726;745;750;789;794;1001;1005;1058;1063;1092;1097;1155;1159;1357;1361;1443;1448;1515;1520;1612;1617;2319;2324;2459;2459;2444;2439;2213;2208;2170;2165;2141;2136;2088;2083;1886;1881;1838;1833;1819;1814;1771;1766;1549;1544;1453;1448;1410;1405;1328;1323
1698312292417632.gadget2d_resized_512x512.png;class_0;1.0;polygon;y values;70;73;1306;1309;1312;1312;1315;1315;1318;1318;1321;1321;1324;1324;1327;1327;1330;1330;1333;1333;1335;1335;1338;1338;1341;1341;1344;1344;1347;1347;1350;1350;1353;1353;1356;1356;1359;1359;1362;1362;1365;1365;1368;1368;1371;1371;108;108;105;105;102;102;99;99;96;96;93;93;90;90;87;87;84;84;82;82;79;79;76;76;73;73;70
1697581577822590.gadget2d_resized_512x512.png;class_0;1.0;polygon;x values;28;19;19;24;24;77;81;115;120;168;173;288;293;346;351;380;385;442;447;625;630;697;702;721;726;760;765;827;832;895;899;938;943;1015;1020;1145;1150;1207;1212;1246;1251;1289;1294;1419;1424;2107;2112;2266;2271;2459;2459;2439;2435;2343;2338;2165;2160;2122;2117;2098;2093;2064;2059;1790;1785;1718;1713;1689;1684;1655;1650;1592;1588;1525;1520;1458;1453;1434;1429;1251;1246;1207;1203;837;832;765;760;741;736;250;245
1697581577822590.gadget2d_resized_512x512.png;class_0;1.0;polygon;y values;93;99;1330;1333;1335;1335;1338;1338;1341;1341;1344;1344;1347;1347;1350;1350;1353;1353;1356;1356;1359;1359;1362;1362;1365;1365;1368;1368;1371;1371;1374;1374;1376;1376;1379;1379;1382;1382;1385;1385;1388;1388;1391;1391;1394;1394;1397;1397;1400;1400;146;146;143;143;140;140;137;137;134;134;131;131;128;128;125;125;123;123;120;120;117;117;114;114;111;111;108;108;111;111;108;108;105;105;102;102;99;99;96;96;93
1699989048323508.gadget2d_resized_512x512.png;class_0;1.0;polygon;x values;2324;2319;2021;2016;1963;1958;1665;1660;1135;1130;1102;1097;1049;1044;1025;1020;1010;1005;895;890;842;837;779;774;741;736;731;726;721;717;707;702;616;611;510;505;471;466;413;409;211;206;158;154;134;129;91;86;0;0;19;24;370;375;495;500;644;649;721;726;1289;1294;1410;1414;1491;1496;1592;1597;1761;1766;1819;1823;1857;1862;1939;1944;2030;2035;2131;2136;2175;2180;2237;2242;2396;2401;2459;2459;2439;2435
1699989048323508.gadget2d_resized_512x512.png;class_0;1.0;polygon;y values;281;284;284;287;287;290;290;292;292;295;295;292;292;290;290;287;287;284;284;287;287;290;290;292;292;295;295;298;298;301;301;304;304;307;307;310;310;313;313;316;316;319;319;322;322;325;325;328;328;1394;1394;1391;1391;1394;1394;1397;1397;1394;1394;1391;1391;1388;1388;1385;1385;1382;1382;1379;1379;1376;1376;1374;1374;1371;1371;1368;1368;1365;1365;1362;1362;1359;1359;1356;1356;1353;1353;284;284;281
1698245298037198.gadget2d_resized_512x512.png;class_0;1.0;polygon;x values;24;19;19;24;24;28;96;101;154;158;283;288;327;332;356;360;413;418;563;567;625;630;668;673;731;736;851;856;924;928;948;952;1001;1005;1174;1179;1251;1256;1309;1313;1410;1414;1732;1737;1823;1828;2050;2054;2261;2266;2367;2372;2396;2401;2439;2444;2459;2459;2420;2415;2401;2396;2362;2358;2112;2107;2064;2059;2035;2030;1987;1982;1771;1766;1737;1732;1718;1713;1694;1689;1482;1477;1294;1289;1241;1236;1174;1169
1698245298037198.gadget2d_resized_512x512.png;class_0;1.0;polygon;y values;93;96;1330;1333;1335;1338;1338;1341;1341;1344;1344;1347;1347;1350;1350;1353;1353;1356;1356;1359;1359;1362;1362;1365;1365;1368;1368;1371;1371;1374;1374;1376;1376;1379;1379;1382;1382;1385;1385;1388;1388;1391;1391;1394;1394;1391;1391;1394;1394;1397;1397;1400;1400;1397;1397;1400;1400;137;137;134;134;131;131;128;128;125;125;123;123;120;120;117;117;114;114;111;111;108;108;105;105;102;102;99;99;96;96;93
1698219711478688.gadget2d_resized_512x512.png;class_0;1.0;polygon;x values;24;19;19;24;91;96;154;158;182;187;245;250;389;394;437;442;466;471;505;510;620;625;673;678;702;707;741;745;991;996;1044;1049;1078;1082;1130;1135;1352;1357;1443;1448;1520;1525;1626;1631;2459;2459;2367;2362;2334;2329;2285;2281;2069;2064;2035;2030;2021;2016;1977;1973;1727;1722;1689;1684;1665;1660;1597;1592;1337;1333;1275;1270;1232;1227;1150;1145
1698219711478688.gadget2d_resized_512x512.png;class_0;1.0;polygon;y values;105;108;1341;1344;1344;1347;1347;1350;1350;1353;1353;1356;1356;1359;1359;1362;1362;1365;1365;1368;1368;1371;1371;1374;1374;1376;1376;1379;1379;1382;1382;1385;1385;1388;1388;1391;1391;1394;1394;1397;1397;1400;1400;1403;1403;149;149;146;146;143;143;140;140;137;137;134;134;131;131;128;128;125;125;123;123;120;120;117;117;114;114;111;111;108;108;105
1700357690082444.gadget2d_resized_512x512.png;class_0;1.0;polygon;x values;1448;1443;1361;1357;1318;1313;1260;1256;933;928;866;861;827;822;774;770;462;457;433;428;413;409;380;375;192;187;149;144;125;120;43;38;19;14;0;0;19;24;211;216;389;394;452;457;659;664;755;760;1241;1246;1333;1337;1390;1395;1477;1482;1669;1674;1737;1742;1766;1771;1828;1833;2026;2030;2064;2069;2093;2098;2151;2156;2310;2314;2362;2367;2396;2401;2459;2459
1700357690082444.gadget2d_resized_512x512.png;class_0;1.0;polygon;y values;175;178;178;181;181;184;184;187;187;190;190;193;193;196;196;199;199;202;202;205;205;208;208;210;210;213;213;216;216;219;219;222;222;219;219;1297;1297;1294;1294;1291;1291;1294;1294;1291;1291;1289;1289;1286;1286;1283;1283;1280;1280;1277;1277;1274;1274;1271;1271;1268;1268;1265;1265;1262;1262;1259;1259;1256;1256;1253;1253;1250;1250;1248;1248;1245;1245;1242;1242;175
1698166636378162.gadget2d_resized_512x512.png;class_0;1.0;polygon;x values;24;19;19;24;24;28;62;67;235;240;293;298;322;327;370;375;500;505;534;539;553;558;591;596;760;765;832;837;899;904;991;996;1130;1135;1183;1188;1217;1222;1280;1284;1559;1564;1669;1674;1727;1732;1968;1973;2011;2016;2127;2131;2459;2459;2295;2290;2257;2252;2242;2237;2204;2199;1968;1963;1934;1929;1915;1910;1881;1876;1708;1703;1655;1650;1607;1602;1554;1549;1159;1155;1073;1068;1029;1025;952;948
1698166636378162.gadget2d_resized_512x512.png;class_0;1.0;polygon;y values;82;84;1321;1324;1327;1330;1330;1333;1333;1335;1335;1338;1338;1341;1341;1344;1344;1347;1347;1350;1350;1353;1353;1356;1356;1359;1359;1362;1362;1365;1365;1368;1368;1371;1371;1374;1374;1376;1376;1379;1379;1382;1382;1385;1385;1388;1388;1391;1391;1388;1388;1391;1391;128;128;125;125;123;123;120;120;117;117;114;114;111;111;108;108;105;105;102;102;99;99;96;96;93;93;90;90;87;87;84;84;82
1700077587747300.gadget2d_resized_512x512.png;class_0;1.0;polygon;x values;24;19;19;24;24;101;105;245;250;312;317;341;346;399;404;548;553;625;630;649;654;693;697;789;794;885;890;928;933;1005;1010;1140;1145;1203;1207;1236;1241;1294;1299;1515;1520;2050;2054;2199;2204;2367;2372;2396;2401;2439;2444;2459;2459;2362;2358;2314;2310;2285;2281;2233;2228;2026;2021;1982;1977;1953;1949;1910;1905;1703;1698;1641;1636;1607;1602;1544;1540;1188;1183;1111;1106;1073;1068;981;976
1700077587747300.gadget2d_resized_512x512.png;class_0;1.0;polygon;y values;105;108;1333;1335;1341;1341;1344;1344;1347;1347;1350;1350;1353;1353;1356;1356;1359;1359;1362;1362;1365;1365;1368;1368;1371;1371;1374;1374;1376;1376;1379;1379;1382;1382;1385;1385;1388;1388;1391;1391;1394;1394;1397;1397;1400;1400;1403;1403;1400;1400;1403;1403;152;152;149;149;146;146;143;143;140;140;137;137;134;134;131;131;128;128;125;125;123;123;120;120;117;117;114;114;111;111;108;108;105
1698175462557098.gadget2d_resized_512x512.png;class_0;1.0;polygon;x values;24;19;19;28;173;178;231;235;259;264;332;336;447;452;481;486;500;505;534;539;683;688;745;750;774;779;861;866;1078;1082;1140;1145;1174;1179;1222;1227;1482;1487;1592;1597;1674;1679;1973;1977;2459;2459;2367;2362;2334;2329;2324;2319;2285;2281;2054;2050;2006;2002;1982;1977;1934;1929;1737;1732;1708;1703;1684;1679;1655;1650;1414;1410;1289;1284;1222;1217;1068;1063
1698175462557098.gadget2d_resized_512x512.png;class_0;1.0;polygon;y values;93;96;1327;1333;1333;1335;1335;1338;1338;1341;1341;1344;1344;1347;1347;1350;1350;1353;1353;1356;1356;1359;1359;1362;1362;1365;1365;1368;1368;1371;1371;1374;1374;1376;1376;1379;1379;1382;1382;1385;1385;1388;1388;1391;1391;140;140;137;137;134;134;131;131;128;128;125;125;123;123;120;120;117;117;114;114;111;111;108;108;105;105;102;102;99;99;96;96;93
1698210195275166.gadget2d_resized_512x512.png;class_0;1.0;polygon;x values;24;19;19;24;24;48;52;96;101;149;154;288;293;336;341;365;370;409;413;534;539;587;591;616;620;649;654;784;789;885;890;928;933;1001;1005;1174;1179;1251;1256;1294;1299;1366;1371;1694;1698;1848;1852;1905;1910;2107;2112;2459;2459;2411;2406;2372;2367;2319;2314;2112;2107;2079;2074;2064;2059;2026;2021;1751;1746;1703;1698;1669;1665;1617;1612;1381;1376;1323;1318;1294;1289;1222;1217
1698210195275166.gadget2d_resized_512x512.png;class_0;1.0;polygon;y values;105;108;1330;1333;1335;1335;1338;1338;1341;1341;1344;1344;1347;1347;1350;1350;1353;1353;1356;1356;1359;1359;1362;1362;1365;1365;1368;1368;1371;1371;1374;1374;1376;1376;1379;1379;1382;1382;1385;1385;1388;1388;1391;1391;1394;1394;1397;1397;1400;1400;1403;1403;149;149;146;146;143;143;140;140;137;137;134;134;131;131;128;128;125;125;123;123;120;120;117;117;114;114;111;111;108;108;105
1700313229524557.gadget2d_resized_512x512.png;class_0;1.0;polygon;x values;572;567;543;539;524;519;481;476;57;52;28;19;19;24;110;115;221;226;255;259;308;312;442;447;606;611;640;644;688;693;813;818;909;914;957;962;1025;1029;1193;1198;1270;1275;1405;1410;1520;1525;2459;2459;2444;2439;2358;2353;2295;2290;2271;2266;2228;2223;1997;1992;1944;1939;1915;1910;1881;1876;1737;1732;1694;1689;1665;1660;1626;1621;1564;1559;1477;1472;1376;1371;1294;1289;871;866;827;822;813;808;784;779
1700313229524557.gadget2d_resized_512x512.png;class_0;1.0;polygon;y values;11;14;14;17;17;20;20;23;23;20;20;26;1271;1274;1274;1277;1277;1280;1280;1283;1283;1286;1286;1289;1289;1291;1291;1294;1294;1297;1297;1300;1300;1303;1303;1306;1306;1309;1309;1312;1312;1315;1315;1318;1318;1321;1321;55;55;58;58;55;55;52;52;49;49;46;46;43;43;41;41;38;38;35;35;32;32;29;29;26;26;23;23;20;20;17;17;20;20;23;23;20;20;17;17;14;14;11
1697986063505329.gadget2d_resized_512x512.png;class_0;1.0;polygon;x values;24;19;19;24;86;91;163;168;197;202;250;255;370;375;423;428;447;452;495;500;625;630;688;693;717;721;770;774;996;1001;1053;1058;1087;1092;1145;1150;1299;1304;1414;1419;1491;1496;1746;1751;1823;1828;1987;1992;2459;2459;2247;2242;2208;2204;2180;2175;2136;2131;1900;1896;1857;1852;1828;1823;1775;1771;1602;1597;1496;1491;1448;1443;1323;1318
1697986063505329.gadget2d_resized_512x512.png;class_0;1.0;polygon;y values;93;96;1330;1333;1333;1335;1335;1338;1338;1341;1341;1344;1344;1347;1347;1350;1350;1353;1353;1356;1356;1359;1359;1362;1362;1365;1365;1368;1368;1371;1371;1374;1374;1376;1376;1379;1379;1382;1382;1385;1385;1388;1388;1391;1391;1388;1388;1391;1391;128;128;125;125;123;123;120;120;117;117;114;114;111;111;108;108;105;105;102;102;99;99;96;96;93
1700007558532024.gadget2d_resized_512x512.png;class_0;1.0;polygon;x values;895;890;832;827;755;750;741;726;721;707;702;697;683;678;447;442;409;404;389;385;346;341;62;57;0;0;14;19;206;211;389;394;500;505;601;606;693;697;750;755;924;928;1424;1429;1511;1515;1554;1559;1626;1631;1799;1804;1881;1886;1929;1934;1968;1973;2050;2054;2146;2151;2184;2189;2247;2252;2411;2415;2459;2459;2372;2367;1602;1597;1535;1530;1467;1463;1357;1352;1087;1082;1063;1049;1044;1039;1034;1029;1025;1020
1700007558532024.gadget2d_resized_512x512.png;class_0;1.0;polygon;y values;284;287;287;290;290;292;292;301;301;310;310;313;313;316;316;319;319;322;322;325;325;328;328;331;331;1420;1420;1417;1417;1420;1420;1423;1423;1426;1426;1423;1423;1420;1420;1417;1417;1415;1415;1412;1412;1409;1409;1406;1406;1403;1403;1400;1400;1397;1397;1394;1394;1391;1391;1388;1388;1385;1385;1382;1382;1379;1379;1376;1376;290;290;292;292;295;295;298;298;301;301;304;304;301;301;292;292;290;290;287;287;284
1699989040326375.gadget2d_resized_512x512.png;class_0;1.0;polygon;x values;948;943;866;861;827;822;784;779;736;731;721;717;712;707;697;693;442;437;409;404;394;389;360;356;72;67;19;14;0;0;24;28;298;303;404;409;437;442;640;644;673;678;736;741;1361;1366;1467;1472;1511;1515;1588;1592;1737;1742;1790;1795;1833;1838;1925;1929;2035;2040;2160;2165;2180;2184;2233;2237;2411;2415;2459;2459;1674;1669;1487;1482;1405;1400;1294;1289;1063;1058;1039;1034;1025;1020;991;986
1699989040326375.gadget2d_resized_512x512.png;class_0;1.0;polygon;y values;281;284;284;287;287;290;290;292;292;295;295;298;298;301;301;304;304;307;307;310;310;313;313;316;316;319;319;322;322;1394;1394;1391;1391;1394;1394;1397;1397;1400;1400;1397;1397;1394;1394;1391;1391;1388;1388;1385;1385;1382;1382;1379;1379;1376;1376;1374;1374;1371;1371;1368;1368;1365;1365;1362;1362;1359;1359;1356;1356;1353;1353;281;281;284;284;287;287;290;290;292;292;290;290;287;287;284;284;281
1699835758527515.gadget2d_resized_512x512.png;class_0;1.0;polygon;x values;1246;1241;1164;1159;1116;1111;986;981;741;736;697;693;668;664;649;644;606;601;553;548;519;514;466;462;288;283;226;221;197;192;144;139;24;19;19;24;717;721;895;899;1073;1078;1323;1328;1525;1530;1583;1588;1612;1617;1665;1669;1742;1746;1804;1809;1852;1857;2088;2093;2180;2184;2252;2257;2290;2295;2329;2334;2459;2459
1699835758527515.gadget2d_resized_512x512.png;class_0;1.0;polygon;y values;210;213;213;216;216;219;219;222;222;225;225;228;228;231;231;228;228;225;225;228;228;231;231;234;234;237;237;240;240;243;243;246;246;249;1318;1321;1321;1318;1318;1315;1315;1312;1312;1309;1309;1306;1306;1303;1303;1300;1300;1297;1297;1294;1294;1291;1291;1289;1289;1286;1286;1283;1283;1280;1280;1277;1277;1274;1274;210
1700321876703766.gadget2d_resized_512x512.png;class_0;1.0;polygon;x values;1487;1482;1366;1361;1289;1284;1212;1207;914;909;875;871;856;851;813;808;563;558;481;476;447;442;404;399;221;216;187;182;173;168;134;129;24;19;19;24;24;28;125;129;259;264;389;394;529;534;707;712;1164;1169;1251;1256;1294;1299;1352;1357;1535;1540;1588;1592;1621;1626;1689;1694;1862;1867;1925;1929;1953;1958;2016;2021;2141;2146;2194;2199;2213;2218;2271;2276;2459;2459
1700321876703766.gadget2d_resized_512x512.png;class_0;1.0;polygon;y values;187;190;190;193;193;196;196;199;199;202;202;205;205;208;208;210;210;213;213;216;216;219;219;222;222;225;225;228;228;231;231;234;234;237;1297;1300;1303;1306;1306;1303;1303;1300;1300;1303;1303;1300;1300;1297;1297;1294;1294;1291;1291;1289;1289;1286;1286;1283;1283;1280;1280;1277;1277;1274;1274;1271;1271;1268;1268;1265;1265;1262;1262;1259;1259;1256;1256;1253;1253;1250;1250;187
1699020368749518.gadget2d_resized_512x512.png;class_0;1.0;polygon;x values;24;19;19;24;81;86;163;168;197;202;245;250;380;385;442;447;476;481;529;534;688;693;731;736;750;755;784;789;1029;1034;1106;1111;1140;1145;1183;1188;1318;1323;1438;1443;1487;1491;1592;1597;2276;2281;2459;2459;2454;2449;2257;2252;2218;2213;2199;2194;2160;2156;1929;1925;1900;1896;1881;1876;1843;1838;1674;1669;1592;1588;1544;1540;1453;1448;1102;1097;1015;1010;952;948;818;813
1699020368749518.gadget2d_resized_512x512.png;class_0;1.0;polygon;y values;82;84;1318;1321;1321;1324;1324;1327;1327;1330;1330;1333;1333;1335;1335;1338;1338;1341;1341;1344;1344;1347;1347;1350;1350;1353;1353;1356;1356;1359;1359;1362;1362;1365;1365;1368;1368;1371;1371;1374;1374;1376;1376;1379;1379;1382;1382;131;131;128;128;125;125;123;123;120;120;117;117;114;114;111;111;108;108;105;105;102;102;99;99;96;96;93;93;90;90;87;87;84;84;82
1697959939945647.gadget2d_resized_512x512.png;class_0;1.0;polygon;x values;28;19;19;24;24;28;72;77;125;129;231;235;327;332;389;394;462;466;616;620;664;668;683;688;726;731;1010;1015;1068;1073;1140;1145;1270;1275;1357;1361;1578;1583;1607;1612;2021;2026;2122;2127;2324;2329;2459;2459;2319;2314;2261;2257;2242;2237;2208;2204;2021;2016;1949;1944;1920;1915;1872;1867;1722;1718;1641;1636;1626;1621;1631;1636;1641;1650;1602;1597;1515;1511;1410;1405;1323;1318;1280;1275;1270;1068;1063;943;938;798;794;654;649;577;572;553;548
1697959939945647.gadget2d_resized_512x512.png;class_0;1.0;polygon;y values;46;52;1294;1297;1300;1303;1303;1306;1306;1309;1309;1312;1312;1315;1315;1318;1318;1321;1321;1324;1324;1327;1327;1330;1330;1333;1333;1335;1335;1338;1338;1341;1341;1344;1344;1347;1347;1350;1350;1353;1353;1356;1356;1353;1353;1356;1356;93;93;90;90;87;87;84;84;82;82;79;79;76;76;73;73;70;70;67;67;64;64;61;55;55;52;52;52;49;49;52;52;55;55;58;58;55;58;58;55;55;52;52;49;49;46;46;49;49;46
1698124316449417.gadget2d_resized_512x512.png;class_0;1.0;polygon;x values;24;19;19;24;24;62;67;240;245;288;293;317;322;360;365;481;486;572;577;606;611;664;668;789;794;909;914;952;957;1025;1029;1164;1169;1227;1232;1381;1386;1467;1472;2459;2459;2439;2435;2218;2213;2170;2165;2136;2131;2079;2074;1843;1838;1814;1809;1795;1790;1756;1751;1506;1501;1371;1366;1328;1323;1236;1232
1698124316449417.gadget2d_resized_512x512.png;class_0;1.0;polygon;y values;70;73;1312;1315;1318;1318;1321;1321;1324;1324;1327;1327;1330;1330;1333;1333;1335;1335;1338;1338;1341;1341;1344;1344;1347;1347;1350;1350;1353;1353;1356;1356;1359;1359;1362;1362;1365;1365;1368;1368;108;108;105;105;102;102;99;99;96;96;93;93;90;90;87;87;84;84;82;82;79;79;76;76;73;73;70
1698274118622911.gadget2d_resized_512x512.png;class_0;1.0;polygon;x values;24;19;19;24;24;33;38;81;86;134;139;279;283;327;332;360;365;413;418;524;529;563;567;582;587;611;616;813;818;899;904;938;943;1005;1010;1169;1174;1222;1227;1256;1260;1361;1366;2064;2069;2459;2459;2411;2406;2131;2127;2098;2093;2083;2079;2050;2045;1771;1766;1722;1718;1703;1698;1645;1641;1361;1357;1284;1280;1241;1236;1068;1063
1698274118622911.gadget2d_resized_512x512.png;class_0;1.0;polygon;y values;105;108;1341;1344;1347;1347;1350;1350;1353;1353;1356;1356;1359;1359;1362;1362;1365;1365;1368;1368;1371;1371;1374;1374;1376;1376;1379;1379;1382;1382;1385;1385;1388;1388;1391;1391;1394;1394;1397;1397;1400;1400;1403;1403;1406;1406;143;143;140;140;137;137;134;134;131;131;128;128;125;125;123;123;120;120;117;117;114;114;111;111;108;108;105
1699989045323547.gadget2d_resized_512x512.png;class_0;1.0;polygon;x values;2319;2314;2026;2021;1968;1963;1645;1641;1150;1145;1097;1092;1044;1039;1025;1020;1010;1005;895;890;842;837;779;774;741;736;731;726;721;717;707;702;620;616;514;510;471;466;413;409;211;206;154;149;129;125;91;86;0;0;4;9;24;28;336;341;437;442;524;529;625;630;668;673;770;774;1333;1337;1443;1448;1520;1525;1607;1612;1775;1780;1833;1838;1876;1881;1944;1949;2040;2045;2146;2151;2189;2194;2247;2252;2406;2411;2459;2459;2439;2435
1699989045323547.gadget2d_resized_512x512.png;class_0;1.0;polygon;y values;281;284;284;287;287;290;290;292;292;295;295;292;292;290;290;287;287;284;284;287;287;290;290;292;292;295;295;298;298;301;301;304;304;307;307;310;310;313;313;316;316;319;319;322;322;325;325;328;328;1397;1397;1394;1394;1391;1391;1394;1394;1397;1397;1400;1400;1397;1397;1394;1394;1391;1391;1388;1388;1385;1385;1382;1382;1379;1379;1376;1376;1374;1374;1371;1371;1368;1368;1365;1365;1362;1362;1359;1359;1356;1356;1353;1353;284;284;281
1698137432738949.gadget2d_resized_512x512.png;class_0;1.0;polygon;x values;24;19;19;28;72;77;96;101;149;154;298;303;356;360;385;389;433;437;524;529;567;572;596;601;770;774;798;803;899;904;948;952;972;976;986;991;1078;1082;1102;1106;1130;1135;1164;1169;1188;1193;1207;1212;1232;1236;1256;1260;1275;1280;1289;1294;1309;1313;1333;1337;1376;1381;1438;1443;1448;1463;1467;1472;1477;1482;1487;1491;1496;1501;1506;1511;1515;1520;1530;1535;1544;1554;1559;1564;1568;1573;1583;1592;1607;1612;1886;1891;1910;1915;1925;1929;1953;1958;2016;2021;2045;2050;2059;2064;2098;2103;2165;2170;2208;2213;2233;2237;2285;2290;2459;2459;2449;2444;2425;2420;2300;2295;1655;1650;1588;1583;1559;1554;1506;1501;1294;1289;1236;1232;1207;1203;1150;1145;914;909;871;866;851;847;779;774
1698137432738949.gadget2d_resized_512x512.png;class_0;1.0;polygon;y values;93;96;1318;1324;1324;1327;1327;1330;1330;1333;1333;1335;1335;1338;1338;1341;1341;1344;1344;1347;1347;1350;1350;1353;1353;1350;1350;1347;1347;1344;1344;1341;1341;1338;1338;1335;1335;1338;1338;1341;1341;1344;1344;1347;1347;1350;1350;1353;1353;1356;1356;1359;1359;1362;1362;1365;1365;1368;1368;1371;1371;1374;1374;1376;1376;1385;1385;1388;1388;1391;1391;1394;1394;1397;1397;1400;1400;1403;1403;1406;1406;1412;1412;1415;1415;1417;1417;1423;1423;1426;1426;1423;1423;1420;1420;1417;1417;1415;1415;1412;1412;1409;1409;1406;1406;1403;1403;1400;1400;1397;1397;1394;1394;1391;1391;137;137;134;134;131;131;128;128;125;125;123;123;120;120;117;117;114;114;111;111;108;108;105;105;102;102;99;99;96;96;93
1698211668308574.gadget2d_resized_512x512.png;class_0;1.0;polygon;x values;24;19;19;24;149;154;221;226;255;259;317;322;428;433;476;481;505;510;548;553;678;683;745;750;779;784;866;871;1044;1049;1106;1111;1140;1145;1193;1198;1376;1381;1549;1554;1650;1655;1843;1848;2459;2459;2334;2329;2300;2295;2285;2281;2252;2247;2002;1997;1953;1949;1929;1925;1876;1872;1674;1669;1631;1626;1607;1602;1578;1573;1251;1246;1063;1058;996;991;909;904
1698211668308574.gadget2d_resized_512x512.png;class_0;1.0;polygon;y values;93;96;1330;1333;1333;1335;1335;1338;1338;1341;1341;1344;1344;1347;1347;1350;1350;1353;1353;1356;1356;1359;1359;1362;1362;1365;1365;1368;1368;1371;1371;1374;1374;1376;1376;1379;1379;1382;1382;1385;1385;1388;1388;1391;1391;140;140;137;137;134;134;131;131;128;128;125;125;123;123;120;120;117;117;114;114;111;111;108;108;105;105;102;102;99;99;96;96;93
1700299005462738.gadget2d_resized_512x512.png;class_0;1.0;polygon;x values;2218;2213;1987;1982;1881;1876;1761;1756;1251;1246;1188;1183;1150;1145;1044;1039;794;789;726;721;688;683;563;558;433;428;399;394;375;370;332;327;28;19;19;24;755;760;904;909;1025;1029;1193;1198;1453;1458;1520;1525;1559;1564;1645;1650;1828;1833;1891;1896;1934;1939;1997;2002;2160;2165;2218;2223;2252;2257;2300;2305;2459;2459;2449;2444
1700299005462738.gadget2d_resized_512x512.png;class_0;1.0;polygon;y values;164;166;166;169;169;172;172;175;175;178;178;181;181;184;184;187;187;190;190;193;193;196;196;199;199;202;202;205;205;208;208;210;210;216;1294;1297;1297;1294;1294;1291;1291;1289;1289;1286;1286;1283;1283;1280;1280;1277;1277;1274;1274;1271;1271;1268;1268;1265;1265;1262;1262;1259;1259;1256;1256;1253;1253;1250;1250;166;166;164
1700348589986100.gadget2d_resized_512x512.png;class_0;1.0;polygon;x values;1313;1309;1241;1236;1203;1198;1135;1130;813;808;765;760;745;741;702;697;409;404;380;375;356;351;303;298;72;67;28;24;0;0;14;19;770;774;976;981;1155;1159;1246;1251;1491;1496;1554;1559;1588;1592;1674;1679;1891;1896;1939;1944;1963;1968;2016;2021;2189;2194;2233;2237;2252;2257;2310;2314;2459;2459
1700348589986100.gadget2d_resized_512x512.png;class_0;1.0;polygon;y values;187;190;190;193;193;196;196;199;199;202;202;205;205;208;208;210;210;213;213;216;216;219;219;222;222;225;225;228;228;1300;1300;1297;1297;1294;1294;1291;1291;1289;1289;1286;1286;1283;1283;1280;1280;1277;1277;1274;1274;1271;1271;1268;1268;1265;1265;1262;1262;1259;1259;1256;1256;1253;1253;1250;1250;187
1698174044529301.gadget2d_resized_512x512.png;class_0;1.0;polygon;x values;24;19;19;24;33;38;105;110;134;139;178;182;341;346;394;399;418;423;466;471;567;572;606;611;625;630;668;673;928;933;996;1001;1039;1044;1106;1111;1280;1284;1366;1371;1414;1419;1491;1496;2266;2271;2459;2459;2343;2338;2305;2300;2290;2285;2252;2247;2035;2030;1997;1992;1977;1973;1934;1929;1722;1718;1679;1674;1655;1650;1597;1592;1227;1222;1145;1140;1106;1102;1015;1010
1698174044529301.gadget2d_resized_512x512.png;class_0;1.0;polygon;y values;82;84;1318;1321;1321;1324;1324;1327;1327;1330;1330;1333;1333;1335;1335;1338;1338;1341;1341;1344;1344;1347;1347;1350;1350;1353;1353;1356;1356;1359;1359;1362;1362;1365;1365;1368;1368;1371;1371;1374;1374;1376;1376;1379;1379;1382;1382;128;128;125;125;123;123;120;120;117;117;114;114;111;111;108;108;105;105;102;102;99;99;96;96;93;93;90;90;87;87;84;84;82
1699984266762250.gadget2d_resized_512x512.png;class_0;1.0;polygon;x values;24;19;19;24;24;96;101;202;206;250;255;274;279;322;327;457;462;548;553;591;596;640;644;745;750;789;794;827;832;938;943;1102;1106;1164;1169;1198;1203;1256;1260;1405;1410;1679;1684;1953;1958;2146;2151;2459;2459;2295;2290;2257;2252;2242;2237;2208;2204;1968;1963;1920;1915;1900;1896;1862;1857;1674;1669;1626;1621;1602;1597;1568;1564;1236;1232;1082;1078;1020;1015;895;890
1699984266762250.gadget2d_resized_512x512.png;class_0;1.0;polygon;y values;93;96;1333;1335;1341;1341;1344;1344;1347;1347;1350;1350;1353;1353;1356;1356;1359;1359;1362;1362;1365;1365;1368;1368;1371;1371;1374;1374;1376;1376;1379;1379;1382;1382;1385;1385;1388;1388;1391;1391;1394;1394;1397;1397;1400;1400;1403;1403;140;140;137;137;134;134;131;131;128;128;125;125;123;123;120;120;117;117;114;114;111;111;108;108;105;105;102;102;99;99;96;96;93
1698049857859979.gadget2d_resized_512x512.png;class_0;1.0;polygon;x values;24;19;19;24;24;28;91;96;279;283;332;336;356;360;404;409;519;524;606;611;649;654;707;712;919;924;986;991;1015;1020;1073;1078;1246;1251;1395;1400;1458;1463;1520;1525;2131;2136;2459;2459;2420;2415;2377;2372;2358;2353;2329;2324;2107;2103;2064;2059;2040;2035;1992;1987;1761;1756;1727;1722;1713;1708;1689;1684;1400;1395;1256;1251;1198;1193;1111;1106
1698049857859979.gadget2d_resized_512x512.png;class_0;1.0;polygon;y values;70;73;1309;1312;1315;1318;1318;1321;1321;1324;1324;1327;1327;1330;1330;1333;1333;1335;1335;1338;1338;1341;1341;1344;1344;1347;1347;1350;1350;1353;1353;1356;1356;1359;1359;1362;1362;1365;1365;1368;1368;1371;1371;117;117;114;114;111;111;108;108;105;105;102;102;99;99;96;96;93;93;90;90;87;87;84;84;82;82;79;79;76;76;73;73;70
1700309274443728.gadget2d_resized_512x512.png;class_0;1.0;polygon;x values;24;19;19;24;24;134;139;221;226;255;259;293;298;462;466;582;587;616;620;659;664;789;794;856;861;909;914;1001;1005;1193;1198;1289;1294;1366;1371;1487;1491;2459;2459;2199;2194;2151;2146;2131;2127;2088;2083;1833;1828;1785;1780;1751;1746;1718;1713;1684;1679;1636;1631;1573;1568;1270;1265;1188;1183;1034;1029
1700309274443728.gadget2d_resized_512x512.png;class_0;1.0;polygon;y values;23;26;1268;1271;1274;1274;1277;1277;1280;1280;1283;1283;1286;1286;1289;1289;1291;1291;1294;1294;1297;1297;1300;1300;1303;1303;1306;1306;1309;1309;1312;1312;1315;1315;1318;1318;1321;1321;58;58;55;55;52;52;49;49;46;46;43;43;41;41;38;38;35;35;32;32;29;29;26;26;29;29;26;26;23
1699060120097668.gadget2d_resized_512x512.png;class_0;1.0;polygon;x values;24;19;19;24;62;67;144;149;173;178;245;250;428;433;476;481;510;514;587;591;755;760;837;842;890;895;1010;1015;1164;1169;1260;1265;1299;1304;1342;1347;1443;1448;1703;1708;1708;1698;1694;1679;1679;1655;1650;1655;1660;1694;1698;2459;2459;2454;2449;2391;2387;2367;2362;2329;2324;2107;2103;2074;2069;2059;2054;2021;2016;1819;1814;1780;1775;1756;1751;1718;1713;1520;1515;1443;1438;1400;1395;1260;1256
1699060120097668.gadget2d_resized_512x512.png;class_0;1.0;polygon;y values;11;14;1236;1239;1239;1242;1242;1245;1245;1248;1248;1250;1250;1253;1253;1256;1256;1259;1259;1262;1262;1265;1265;1268;1268;1271;1271;1274;1274;1277;1277;1280;1280;1283;1283;1286;1286;1289;1289;1291;1294;1300;1300;1309;1312;1327;1327;1327;1330;1330;1333;1333;52;52;55;55;52;52;49;49;46;46;43;43;41;41;38;38;35;35;32;32;29;29;26;26;23;23;20;20;17;17;14;14;11
1698061553104000.gadget2d_resized_512x512.png;class_0;1.0;polygon;x values;24;19;19;28;91;96;115;120;168;173;322;327;380;385;404;409;462;466;567;572;620;625;640;644;683;688;928;933;996;1001;1039;1044;1106;1111;1246;1251;1337;1342;1395;1400;1482;1487;2136;2141;2353;2358;2444;2449;2459;2459;2358;2353;2319;2314;2295;2290;2252;2247;2050;2045;2011;2006;1982;1977;1934;1929;1722;1718;1674;1669;1645;1641;1573;1568;1246;1241;1164;1159;1087;1082;976;972
1698061553104000.gadget2d_resized_512x512.png;class_0;1.0;polygon;y values;82;84;1318;1324;1324;1327;1327;1330;1330;1333;1333;1335;1335;1338;1338;1341;1341;1344;1344;1347;1347;1350;1350;1353;1353;1356;1356;1359;1359;1362;1362;1365;1365;1368;1368;1371;1371;1374;1374;1376;1376;1379;1379;1382;1382;1385;1385;1388;1388;128;128;125;125;123;123;120;120;117;117;114;114;111;111;108;108;105;105;102;102;99;99;96;96;93;93;90;90;87;87;84;84;82
1699796484069643.gadget2d_resized_512x512.png;class_0;1.0;polygon;x values;1501;1496;1395;1390;1352;1347;1251;1246;866;861;798;794;770;765;712;707;452;447;413;409;399;394;360;356;187;182;86;81;28;19;19;24;24;28;48;52;428;433;1236;1241;1294;1299;1357;1361;1482;1487;1641;1645;1684;1689;1713;1718;1790;1795;2069;2074;2117;2122;2151;2156;2242;2247;2343;2348;2396;2401;2459;2459;1679;1674;1564;1559
1699796484069643.gadget2d_resized_512x512.png;class_0;1.0;polygon;y values;199;202;202;205;205;208;208;210;210;213;213;216;216;219;219;222;222;225;225;228;228;231;231;234;234;237;237;240;240;246;1306;1309;1312;1315;1315;1312;1312;1309;1309;1306;1306;1303;1303;1300;1300;1297;1297;1294;1294;1291;1291;1289;1289;1286;1286;1283;1283;1280;1280;1277;1277;1274;1274;1271;1271;1268;1268;199;199;202;202;199
1700399646188401.gadget2d_resized_512x512.png;class_0;1.0;polygon;x values;1828;1823;1713;1708;1645;1641;1559;1554;1174;1169;1053;1049;996;991;943;938;683;678;630;625;601;596;543;539;332;327;283;279;250;245;206;202;24;19;19;28;279;283;380;385;481;486;712;717;813;818;1020;1025;1410;1414;1477;1482;1515;1520;1617;1621;1867;1872;1939;1944;1977;1982;2050;2054;2194;2199;2237;2242;2257;2261;2314;2319;2459;2459
1700399646188401.gadget2d_resized_512x512.png;class_0;1.0;polygon;y values;152;155;155;158;158;161;161;164;164;166;166;169;169;172;172;175;175;178;178;181;181;184;184;187;187;190;190;193;193;196;196;199;199;202;1268;1274;1274;1271;1271;1274;1274;1271;1271;1268;1268;1265;1265;1262;1262;1259;1259;1256;1256;1253;1253;1250;1250;1248;1248;1245;1245;1242;1242;1239;1239;1236;1236;1233;1233;1230;1230;1227;1227;152
1697981955417058.gadget2d_resized_512x512.png;class_0;1.0;polygon;x values;24;19;19;24;101;105;168;173;192;197;240;245;413;418;471;476;495;500;548;553;693;697;731;736;750;755;789;794;1049;1053;1126;1130;1155;1159;1251;1256;1511;1515;1636;1641;1708;1713;2002;2006;2459;2459;2310;2305;2276;2271;2257;2252;2228;2223;1992;1987;1939;1934;1910;1905;1867;1862;1641;1636;1597;1592;1578;1573;1535;1530
1697981955417058.gadget2d_resized_512x512.png;class_0;1.0;polygon;y values;82;84;1318;1321;1321;1324;1324;1327;1327;1330;1330;1333;1333;1335;1335;1338;1338;1341;1341;1344;1344;1347;1347;1350;1350;1353;1353;1356;1356;1359;1359;1362;1362;1365;1365;1368;1368;1371;1371;1374;1374;1376;1376;1379;1379;117;117;114;114;111;111;108;108;105;105;102;102;99;99;96;96;93;93;90;90;87;87;84;84;82
1698208565239490.gadget2d_resized_512x512.png;class_0;1.0;polygon;x values;24;19;19;28;168;173;221;226;250;255;332;336;457;462;505;510;524;529;558;563;693;697;770;774;822;827;967;972;1126;1130;1169;1174;1203;1207;1256;1260;1525;1530;1602;1607;1925;1929;2165;2170;2459;2459;2285;2281;2252;2247;2233;2228;2204;2199;1934;1929;1881;1876;1852;1848;1799;1795;1607;1602;1554;1549;1530;1525;1487;1482
1698208565239490.gadget2d_resized_512x512.png;class_0;1.0;polygon;y values;105;108;1327;1333;1333;1335;1335;1338;1338;1341;1341;1344;1344;1347;1347;1350;1350;1353;1353;1356;1356;1359;1359;1362;1362;1365;1365;1368;1368;1371;1371;1374;1374;1376;1376;1379;1379;1382;1382;1385;1385;1388;1388;1391;1391;140;140;137;137;134;134;131;131;128;128;125;125;123;123;120;120;117;117;114;114;111;111;108;108;105
1698151129037591.gadget2d_resized_512x512.png;class_0;1.0;polygon;x values;24;19;19;24;24;28;62;67;231;235;283;288;312;317;356;360;490;495;534;539;553;558;591;596;750;755;827;832;890;895;996;1001;1126;1130;1174;1179;1207;1212;1275;1280;1530;1535;1698;1703;2021;2026;2228;2233;2459;2459;2449;2444;2430;2425;2406;2401;2141;2136;2103;2098;2083;2079;2035;2030;1785;1780;1751;1746;1742;1737;1713;1708;1525;1520;1381;1376;1318;1313;1217;1212
1698151129037591.gadget2d_resized_512x512.png;class_0;1.0;polygon;y values;93;96;1321;1324;1327;1330;1330;1333;1333;1335;1335;1338;1338;1341;1341;1344;1344;1347;1347;1350;1350;1353;1353;1356;1356;1359;1359;1362;1362;1365;1365;1368;1368;1371;1371;1374;1374;1376;1376;1379;1379;1382;1382;1385;1385;1388;1388;1391;1391;137;137;134;134;131;131;128;128;125;125;123;123;120;120;117;117;114;114;111;111;108;108;105;105;102;102;99;99;96;96;93
1698664392988005.gadget2d_resized_512x512.png;class_0;1.0;polygon;x values;24;19;19;24;91;96;149;154;173;178;231;235;360;365;404;409;428;433;476;481;640;644;712;717;741;745;784;789;986;991;1049;1053;1082;1087;1164;1169;1328;1333;1410;1414;1535;1540;1650;1655;2459;2459;2435;2430;2420;2415;2391;2387;2146;2141;2107;2103;2088;2083;2050;2045;1795;1790;1751;1746;1737;1732;1708;1703;1482;1477;1371;1366;1313;1309;1198;1193
1698664392988005.gadget2d_resized_512x512.png;class_0;1.0;polygon;y values;70;73;1306;1309;1309;1312;1312;1315;1315;1318;1318;1321;1321;1324;1324;1327;1327;1330;1330;1333;1333;1335;1335;1338;1338;1341;1341;1344;1344;1347;1347;1350;1350;1353;1353;1356;1356;1359;1359;1362;1362;1365;1365;1368;1368;114;114;111;111;108;108;105;105;102;102;99;99;96;96;93;93;90;90;87;87;84;84;82;82;79;79;76;76;73;73;70
1700325807746271.gadget2d_resized_512x512.png;class_0;1.0;polygon;x values;1337;1333;1256;1251;1207;1203;1097;1092;827;822;774;770;750;745;693;688;423;418;394;389;375;370;332;327;105;101;62;57;33;28;0;0;19;24;808;813;1029;1034;1193;1198;1309;1313;1491;1496;1549;1554;1588;1592;1669;1674;1891;1896;1934;1939;1968;1973;2021;2026;2170;2175;2213;2218;2237;2242;2290;2295;2459;2459
1700325807746271.gadget2d_resized_512x512.png;class_0;1.0;polygon;y values;187;190;190;193;193;196;196;199;199;202;202;205;205;208;208;210;210;213;213;216;216;219;219;222;222;225;225;228;228;231;231;1300;1300;1297;1297;1294;1294;1291;1291;1289;1289;1286;1286;1283;1283;1280;1280;1277;1277;1274;1274;1271;1271;1268;1268;1265;1265;1262;1262;1259;1259;1256;1256;1253;1253;1250;1250;187
1698988753046310.gadget2d_resized_512x512.png;class_0;1.0;polygon;x values;24;19;19;28;86;91;115;120;163;168;332;336;404;409;442;447;519;524;697;702;741;745;760;765;794;798;1015;1020;1087;1092;1130;1135;1203;1207;1376;1381;1491;1496;1540;1544;1636;1641;2459;2459;2165;2160;2131;2127;2112;2107;2079;2074;1795;1790;1746;1742;1718;1713;1679;1674;1414;1410;1294;1289;1251;1246;1174;1169
1698988753046310.gadget2d_resized_512x512.png;class_0;1.0;polygon;y values;82;84;1318;1324;1324;1327;1327;1330;1330;1333;1333;1335;1335;1338;1338;1341;1341;1344;1344;1347;1347;1350;1350;1353;1353;1356;1356;1359;1359;1362;1362;1365;1365;1368;1368;1371;1371;1374;1374;1376;1376;1379;1379;117;117;114;114;111;111;108;108;105;105;102;102;99;99;96;96;93;93;90;90;87;87;84;84;82
1698105634051719.gadget2d_resized_512x512.png;class_0;1.0;polygon;x values;24;19;19;24;158;163;206;211;235;240;279;283;437;442;486;490;505;510;543;548;693;697;726;731;741;745;779;784;1082;1087;1140;1145;1169;1174;1275;1280;1549;1554;1674;1679;1732;1737;1929;1934;2459;2459;2401;2396;2184;2180;2156;2151;2136;2131;2107;2103;1833;1828;1795;1790;1775;1771;1727;1722;1535;1530;1463;1458;1419;1414;1318;1313
1698105634051719.gadget2d_resized_512x512.png;class_0;1.0;polygon;y values;58;61;1294;1297;1297;1300;1300;1303;1303;1306;1306;1309;1309;1312;1312;1315;1315;1318;1318;1321;1321;1324;1324;1327;1327;1330;1330;1333;1333;1335;1335;1338;1338;1341;1341;1344;1344;1347;1347;1350;1350;1353;1353;1356;1356;96;96;93;93;90;90;87;87;84;84;82;82;79;79;76;76;73;73;70;70;67;67;64;64;61;61;58
1699786163614154.gadget2d_resized_512x512.png;class_0;1.0;polygon;x values;28;19;19;24;24;67;72;221;226;293;298;327;332;380;385;625;630;678;683;702;707;745;750;818;822;904;909;952;957;1025;1029;1169;1174;1270;1275;1337;1342;1424;1429;1573;1578;2021;2026;2175;2180;2420;2425;2459;2459;2396;2391;2310;2305;2281;2276;2242;2237;2030;2026;1963;1958;1929;1925;1872;1867;1679;1674;1631;1626;1602;1597;1573;1568;1487;1482;1337;1333;1241;1236;1116;1111;1063;1058;967;962;895;890;856;851
1699786163614154.gadget2d_resized_512x512.png;class_0;1.0;polygon;y values;70;76;1312;1315;1318;1318;1321;1321;1324;1324;1327;1327;1330;1330;1333;1333;1335;1335;1338;1338;1341;1341;1344;1344;1347;1347;1350;1350;1353;1353;1356;1356;1359;1359;1362;1362;1365;1365;1368;1368;1371;1371;1374;1374;1376;1376;1379;1379;117;117;114;114;111;111;108;108;105;105;102;102;99;99;96;96;93;93;90;90;87;87;84;84;82;82;79;79;82;82;79;79;76;76;73;73;70;70;73;73;70
1697992370638052.gadget2d_resized_512x512.png;class_0;1.0;polygon;x values;28;19;19;24;24;62;67;101;105;154;158;312;317;370;375;399;404;447;452;587;591;635;640;659;664;697;702;981;986;1053;1058;1087;1092;1145;1150;1386;1390;1515;1520;1564;1568;1645;1650;2459;2459;2300;2295;2261;2257;2247;2242;2213;2208;1939;1934;1896;1891;1867;1862;1814;1809;1588;1583;1520;1515;1482;1477;1438;1434;948;943;745;741;693;688;101;96
1697992370638052.gadget2d_resized_512x512.png;class_0;1.0;polygon;y values;93;99;1341;1344;1347;1347;1350;1350;1353;1353;1356;1356;1359;1359;1362;1362;1365;1365;1368;1368;1371;1371;1374;1374;1376;1376;1379;1379;1382;1382;1385;1385;1388;1388;1391;1391;1394;1394;1397;1397;1400;1400;1403;1403;140;140;137;137;134;134;131;131;128;128;125;125;123;123;120;120;117;117;114;114;111;111;108;108;105;105;102;102;99;99;96;96;93
1698247993100927.gadget2d_resized_512x512.png;class_0;1.0;polygon;x values;24;19;19;24;24;28;101;105;178;182;279;283;327;332;351;356;404;409;582;587;640;644;678;683;745;750;818;822;914;919;962;967;1053;1058;1198;1203;1294;1299;1333;1337;1453;1458;1896;1900;2189;2194;2285;2290;2459;2459;2420;2415;2367;2362;2348;2343;2324;2319;2107;2103;2064;2059;2040;2035;1987;1982;1766;1761;1727;1722;1713;1708;1684;1679;1477;1472;1284;1280;1217;1212;1116;1111
1698247993100927.gadget2d_resized_512x512.png;class_0;1.0;polygon;y values;93;96;1330;1333;1335;1338;1338;1341;1341;1344;1344;1347;1347;1350;1350;1353;1353;1356;1356;1359;1359;1362;1362;1365;1365;1368;1368;1371;1371;1374;1374;1376;1376;1379;1379;1382;1382;1385;1385;1388;1388;1391;1391;1394;1394;1397;1397;1400;1400;140;140;137;137;134;134;131;131;128;128;125;125;123;123;120;120;117;117;114;114;111;111;108;108;105;105;102;102;99;99;96;96;93
1700350247003940.gadget2d_resized_512x512.png;class_0;1.0;polygon;x values;1795;1790;1684;1679;1597;1592;1443;1438;1039;1034;991;986;967;962;914;909;582;577;519;514;486;481;437;433;250;245;216;211;206;202;168;163;0;0;67;72;293;298;404;409;476;481;591;596;755;760;1155;1159;1289;1294;1357;1361;1458;1463;1708;1713;1775;1780;1809;1814;1896;1900;2050;2054;2098;2103;2131;2136;2189;2194;2415;2420;2459;2459
1700350247003940.gadget2d_resized_512x512.png;class_0;1.0;polygon;y values;164;166;166;169;169;172;172;175;175;178;178;181;181;184;184;187;187;190;190;193;193;196;196;199;199;202;202;205;205;208;208;210;210;1286;1286;1283;1283;1280;1280;1277;1277;1274;1274;1277;1277;1274;1274;1271;1271;1268;1268;1265;1265;1262;1262;1259;1259;1256;1256;1253;1253;1250;1250;1248;1248;1245;1245;1242;1242;1239;1239;1236;1236;164
1697979544362507.gadget2d_resized_512x512.png;class_0;1.0;polygon;x values;24;19;19;24;115;120;173;178;202;206;240;245;399;404;447;452;471;476;514;519;649;654;697;702;717;721;750;755;1005;1010;1087;1092;1126;1130;1174;1179;1337;1342;1438;1443;1491;1496;1573;1578;2444;2449;2459;2459;2372;2367;2329;2324;2310;2305;2271;2266;2064;2059;2030;2026;2016;2011;1968;1963;1742;1737;1698;1694;1674;1669;1636;1631;1357;1352;1284;1280;1241;1236;1169;1164
1697979544362507.gadget2d_resized_512x512.png;class_0;1.0;polygon;y values;82;84;1318;1321;1321;1324;1324;1327;1327;1330;1330;1333;1333;1335;1335;1338;1338;1341;1341;1344;1344;1347;1347;1350;1350;1353;1353;1356;1356;1359;1359;1362;1362;1365;1365;1368;1368;1371;1371;1374;1374;1376;1376;1379;1379;1382;1382;128;128;125;125;123;123;120;120;117;117;114;114;111;111;108;108;105;105;102;102;99;99;96;96;93;93;90;90;87;87;84;84;82
1698214495367129.gadget2d_resized_512x512.png;class_0;1.0;polygon;x values;24;19;19;28;48;52;115;120;293;298;356;360;385;389;437;442;582;587;620;625;640;644;678;683;904;909;1020;1025;1078;1082;1140;1145;1251;1256;1318;1323;1347;1352;1405;1410;2189;2194;2439;2444;2459;2459;2449;2444;2425;2420;2189;2184;2156;2151;2136;2131;2103;2098;1833;1828;1795;1790;1771;1766;1742;1737;1554;1549;1414;1410;1342;1337;1265;1260
1698214495367129.gadget2d_resized_512x512.png;class_0;1.0;polygon;y values;93;96;1321;1327;1327;1330;1330;1333;1333;1335;1335;1338;1338;1341;1341;1344;1344;1347;1347;1350;1350;1353;1353;1356;1356;1359;1359;1362;1362;1365;1365;1368;1368;1371;1371;1374;1374;1376;1376;1379;1379;1382;1382;1385;1385;134;134;131;131;128;128;125;125;123;123;120;120;117;117;114;114;111;111;108;108;105;105;102;102;99;99;96;96;93
1699060127097801.gadget2d_resized_512x512.png;class_0;1.0;polygon;x values;19;19;24;24;28;77;81;240;245;303;308;332;336;394;399;548;553;601;606;630;635;678;683;866;871;943;948;991;996;1078;1082;1212;1217;1299;1304;1352;1357;1438;1443;1669;1674;1867;1872;1934;1939;2035;2040;2285;2290;2329;2334;2358;2362;2459;2459;2444;2439;2420;2415;2252;2247;2213;2208;2194;2189;2160;2156;1896;1891;1848;1843;1828;1823;1795;1790;1641;1636;1592;1588;1578;1568;1564;1559;1554;1549;1540;1535;1535
1699060127097801.gadget2d_resized_512x512.png;class_0;1.0;polygon;y values;0;1227;1230;1233;1236;1236;1239;1239;1242;1242;1245;1245;1248;1248;1250;1250;1253;1253;1256;1256;1259;1259;1262;1262;1265;1265;1268;1268;1271;1271;1274;1274;1277;1277;1280;1280;1283;1283;1286;1286;1289;1289;1291;1291;1294;1294;1297;1297;1300;1300;1303;1303;1306;1306;46;46;49;49;46;46;43;43;41;41;38;38;35;35;32;32;29;29;26;26;23;23;20;20;17;17;11;11;8;8;5;5;2;0
1698293364034062.gadget2d_resized_512x512.png;class_0;1.0;polygon;x values;24;19;19;24;24;81;86;154;158;283;288;336;341;360;365;409;413;563;567;625;630;654;659;707;712;789;794;899;904;938;943;1010;1015;1174;1179;1256;1260;1289;1294;1366;1371;1896;1900;2141;2146;2204;2208;2459;2459;2314;2310;2281;2276;2257;2252;2218;2213;2016;2011;1973;1968;1944;1939;1900;1896;1703;1698;1641;1636;1602;1597;1530;1525
1698293364034062.gadget2d_resized_512x512.png;class_0;1.0;polygon;y values;93;96;1333;1335;1338;1338;1341;1341;1344;1344;1347;1347;1350;1350;1353;1353;1356;1356;1359;1359;1362;1362;1365;1365;1368;1368;1371;1371;1374;1374;1376;1376;1379;1379;1382;1382;1385;1385;1388;1388;1391;1391;1394;1394;1397;1397;1400;1400;128;128;125;125;123;123;120;120;117;117;114;114;111;111;108;108;105;105;102;102;99;99;96;96;93
1697992917653194.gadget2d_resized_512x512.png;class_0;1.0;polygon;x values;24;19;19;28;192;197;240;245;264;269;317;322;457;462;500;505;519;524;553;558;702;707;765;770;794;798;866;871;1078;1082;1126;1130;1155;1159;1212;1217;1434;1438;1520;1525;1578;1583;1674;1679;2459;2459;2425;2420;2401;2396;2362;2358;2146;2141;2112;2107;2098;2093;2054;2050;1809;1804;1766;1761;1751;1746;1722;1718;1530;1525;1414;1410;1357;1352;1256;1251
1697992917653194.gadget2d_resized_512x512.png;class_0;1.0;polygon;y values;93;96;1327;1333;1333;1335;1335;1338;1338;1341;1341;1344;1344;1347;1347;1350;1350;1353;1353;1356;1356;1359;1359;1362;1362;1365;1365;1368;1368;1371;1371;1374;1374;1376;1376;1379;1379;1382;1382;1385;1385;1388;1388;1391;1391;137;137;134;134;131;131;128;128;125;125;123;123;120;120;117;117;114;114;111;111;108;108;105;105;102;102;99;99;96;96;93
1697783223904959.gadget2d_resized_512x512.png;class_0;1.0;polygon;x values;336;332;240;235;211;206;178;173;110;105;96;91;77;72;24;24;19;19;24;24;33;38;52;57;139;144;163;168;173;178;192;197;202;206;211;216;226;231;240;245;250;255;259;303;303;322;322;341;346;360;360;365;356;346;341;327;322;317;312;298;293;269;264;211;206;178;173;168;163;158;154;144;139;139;144;144;149;158;163;168;168;163;139;134;125;120;101;96;62;57;24;24;19;19;24;24;19;19;24;91;96;182;187;216;221;269;274;423;428;495;500;577;582;668;673;760;765;798;803;842;847;928;933;1097;1102;1159;1164;1193;1198;1251;1256;1342;1347;1530;1535;1597;1602;1771;1775;1997;2002;2310;2314;2459;2459;2420;2415;2189;2184;2136;2131;2117;2112;2079;2074;1819;1814;1751;1746;1722;1718;1698;1694;1645;1641;1588;1583;1554;1549;1525;1520;1304;1299;1294;832;827;789;784;774;770;750;745;644;640;611;606;596;591;567;563
1697783223904959.gadget2d_resized_512x512.png;class_0;1.0;polygon;y values;58;61;61;64;64;67;67;70;70;67;67;64;64;61;61;70;73;79;82;93;93;90;90;87;87;84;84;87;87;90;90;93;93;96;96;99;99;102;102;105;105;108;108;134;137;149;152;164;164;172;175;178;184;184;187;187;190;190;193;193;196;196;199;199;202;202;205;205;208;208;210;210;213;222;225;228;228;234;234;237;249;251;251;249;249;246;246;243;243;240;240;246;249;492;495;500;503;1318;1321;1321;1324;1324;1327;1327;1330;1330;1333;1333;1335;1335;1338;1338;1341;1341;1344;1344;1347;1347;1350;1350;1353;1353;1356;1356;1359;1359;1362;1362;1365;1365;1368;1368;1371;1371;1374;1374;1376;1376;1374;1374;1376;1376;1379;1379;120;120;117;117;114;114;111;111;108;108;105;105;102;102;99;99;96;96;93;93;90;90;87;87;84;84;82;82;84;82;82;79;79;76;76;73;73;70;70;67;67;64;64;61;61;58
1699807696061962.gadget2d_resized_512x512.png;class_0;1.0;polygon;x values;0;0;139;144;192;197;216;221;279;283;428;433;466;471;486;490;519;524;640;644;726;731;765;770;851;856;1053;1058;1116;1121;1140;1145;1183;1188;1496;1501;1578;1583;1626;1631;1722;1727;2459;2459;2290;2285;2247;2242;2223;2218;2180;2175;1977;1973;1939;1934;1915;1910;1872;1867;1698;1694;1636;1631;1592;1588;1487;1482
1699807696061962.gadget2d_resized_512x512.png;class_0;1.0;polygon;y values;93;1333;1333;1335;1335;1338;1338;1341;1341;1344;1344;1347;1347;1350;1350;1353;1353;1356;1356;1359;1359;1362;1362;1365;1365;1368;1368;1371;1371;1374;1374;1376;1376;1379;1379;1382;1382;1385;1385;1388;1388;1391;1391;128;128;125;125;123;123;120;120;117;117;114;114;111;111;108;108;105;105;102;102;99;99;96;96;93
1700075964714386.gadget2d_resized_512x512.png;class_0;1.0;polygon;x values;24;19;19;24;24;77;81;139;144;274;279;332;336;356;360;399;404;543;548;625;630;644;649;688;693;774;779;822;827;885;890;972;976;1121;1126;1207;1212;1251;1256;1313;1318;1520;1525;1997;2002;2146;2151;2329;2334;2459;2459;2353;2348;2324;2319;2276;2271;2098;2093;2064;2059;2050;2045;2016;2011;1722;1718;1679;1674;1655;1650;1607;1602;1299;1294;1217;1212;1179;1174;1111;1106
1700075964714386.gadget2d_resized_512x512.png;class_0;1.0;polygon;y values;105;108;1333;1335;1338;1338;1341;1341;1344;1344;1347;1347;1350;1350;1353;1353;1356;1356;1359;1359;1362;1362;1365;1365;1368;1368;1371;1371;1374;1374;1376;1376;1379;1379;1382;1382;1385;1385;1388;1388;1391;1391;1394;1394;1397;1397;1400;1400;1403;1403;149;149;146;146;143;143;140;140;137;137;134;134;131;131;128;128;125;125;123;123;120;120;117;117;114;114;111;111;108;108;105
1697986120505926.gadget2d_resized_512x512.png;class_0;1.0;polygon;x values;24;19;19;24;24;163;168;211;216;235;240;283;288;433;437;481;486;500;505;543;548;678;683;717;721;741;745;779;784;1044;1049;1097;1102;1130;1135;1169;1174;1357;1361;1434;1438;1477;1482;1535;1540;2324;2329;2459;2459;2454;2449;2237;2233;2208;2204;2194;2189;2160;2156;1929;1925;1876;1872;1857;1852;1809;1804;1631;1626;1592;1588;1568;1564;1530;1525
1697986120505926.gadget2d_resized_512x512.png;class_0;1.0;polygon;y values;82;84;1315;1318;1321;1321;1324;1324;1327;1327;1330;1330;1333;1333;1335;1335;1338;1338;1341;1341;1344;1344;1347;1347;1350;1350;1353;1353;1356;1356;1359;1359;1362;1362;1365;1365;1368;1368;1371;1371;1374;1374;1376;1376;1379;1379;1382;1382;120;120;117;117;114;114;111;111;108;108;105;105;102;102;99;99;96;96;93;93;90;90;87;87;84;84;82
1700396758417388.gadget2d_resized_512x512.png;class_0;1.0;polygon;x values;1246;1241;1174;1169;1135;1130;1049;1044;755;750;678;673;640;635;490;486;336;332;303;298;288;283;255;250;28;19;19;24;721;726;875;880;957;962;1188;1193;1443;1448;1520;1525;1568;1573;1631;1636;1852;1857;1905;1910;1939;1944;2006;2011;2098;2103;2180;2184;2213;2218;2281;2285;2459;2459
1700396758417388.gadget2d_resized_512x512.png;class_0;1.0;polygon;y values;175;178;178;181;181;184;184;187;187;190;190;193;193;196;196;199;199;202;202;205;205;208;208;210;210;216;1283;1286;1286;1283;1283;1280;1280;1277;1277;1274;1274;1271;1271;1268;1268;1265;1265;1262;1262;1259;1259;1256;1256;1253;1253;1250;1250;1248;1248;1245;1245;1242;1242;1239;1239;175
1698003685870215.gadget2d_resized_512x512.png;class_0;1.0;polygon;x values;24;19;19;24;129;134;192;197;221;226;274;279;433;437;476;481;500;505;539;543;688;693;745;750;774;779;847;851;1034;1039;1097;1102;1130;1135;1183;1188;1400;1405;1491;1496;1549;1554;1660;1665;2459;2459;2367;2362;2324;2319;2295;2290;2247;2242;2054;2050;2021;2016;2006;2002;1973;1968;1742;1737;1703;1698;1674;1669;1631;1626;1342;1337;1241;1236;1183;1179;1058;1053
1698003685870215.gadget2d_resized_512x512.png;class_0;1.0;polygon;y values;105;108;1330;1333;1333;1335;1335;1338;1338;1341;1341;1344;1344;1347;1347;1350;1350;1353;1353;1356;1356;1359;1359;1362;1362;1365;1365;1368;1368;1371;1371;1374;1374;1376;1376;1379;1379;1382;1382;1385;1385;1388;1388;1391;1391;152;152;149;149;146;146;143;143;140;140;137;137;134;134;131;131;128;128;125;125;123;123;120;120;117;117;114;114;111;111;108;108;105
1699806244034529.gadget2d_resized_512x512.png;class_0;1.0;polygon;x values;24;19;19;24;72;77;115;120;134;139;178;182;351;356;394;399;413;418;447;452;587;591;644;649;673;678;731;736;976;981;1029;1034;1058;1063;1116;1121;1357;1361;1472;1477;1535;1540;1621;1626;2387;2391;2459;2459;2444;2439;2208;2204;2165;2160;2136;2131;2088;2083;1876;1872;1843;1838;1828;1823;1790;1785;1559;1554;1477;1472;1424;1419;1347;1342
1699806244034529.gadget2d_resized_512x512.png;class_0;1.0;polygon;y values;70;73;1306;1309;1309;1312;1312;1315;1315;1318;1318;1321;1321;1324;1324;1327;1327;1330;1330;1333;1333;1335;1335;1338;1338;1341;1341;1344;1344;1347;1347;1350;1350;1353;1353;1356;1356;1359;1359;1362;1362;1365;1365;1368;1368;1371;1371;108;108;105;105;102;102;99;99;96;96;93;93;90;90;87;87;84;84;82;82;79;79;76;76;73;73;70
1698641289492509.gadget2d_resized_512x512.png;class_0;1.0;polygon;x values;24;19;19;28;197;202;240;245;264;269;322;327;500;505;553;558;582;587;635;640;770;774;818;822;861;866;938;943;1145;1150;1241;1246;1299;1304;1386;1390;1742;1746;2026;2030;2194;2199;2425;2430;2435;2459;2459;2242;2237;2208;2204;2184;2180;2146;2141;1915;1910;1886;1881;1867;1862;1833;1828;1617;1612;1535;1530;1496;1491;1376;1371
1698641289492509.gadget2d_resized_512x512.png;class_0;1.0;polygon;y values;46;49;1291;1297;1297;1300;1300;1303;1303;1306;1306;1309;1309;1312;1312;1315;1315;1318;1318;1321;1321;1324;1324;1327;1327;1330;1330;1333;1333;1335;1335;1338;1338;1341;1341;1344;1344;1347;1347;1350;1350;1353;1353;1350;1353;1353;82;82;79;79;76;76;73;73;70;70;67;67;64;64;61;61;58;58;55;55;52;52;49;49;46
1699809107094099.gadget2d_resized_512x512.png;class_0;1.0;polygon;x values;24;19;19;24;67;72;120;125;139;144;187;192;317;322;351;356;365;370;404;409;543;548;587;591;606;611;659;664;875;880;938;943;967;972;1029;1034;1246;1251;1323;1328;1390;1395;1482;1487;2285;2290;2459;2459;2435;2430;2396;2391;2372;2367;2338;2334;2107;2103;2079;2074;2059;2054;2021;2016;1761;1756;1722;1718;1708;1703;1679;1674;1400;1395;1256;1251;1222;1217;1169;1164
1699809107094099.gadget2d_resized_512x512.png;class_0;1.0;polygon;y values;93;96;1330;1333;1333;1335;1335;1338;1338;1341;1341;1344;1344;1347;1347;1350;1350;1353;1353;1356;1356;1359;1359;1362;1362;1365;1365;1368;1368;1371;1371;1374;1374;1376;1376;1379;1379;1382;1382;1385;1385;1388;1388;1391;1391;1394;1394;140;140;137;137;134;134;131;131;128;128;125;125;123;123;120;120;117;117;114;114;111;111;108;108;105;105;102;102;99;99;96;96;93
1699844012626234.gadget2d_resized_512x512.png;class_0;1.0;polygon;x values;1780;1775;1679;1674;1607;1602;1448;1443;1039;1034;948;943;914;909;856;851;505;500;476;471;452;447;418;413;259;255;206;202;178;173;125;120;24;19;19;24;24;28;62;67;389;394;866;871;1318;1323;1414;1419;1482;1487;1592;1597;1674;1679;1713;1718;1742;1746;1828;1833;2103;2107;2141;2146;2170;2175;2247;2252;2367;2372;2420;2425;2439;2444;2459;2459
1699844012626234.gadget2d_resized_512x512.png;class_0;1.0;polygon;y values;199;202;202;205;205;208;208;210;210;213;213;216;216;219;219;222;222;225;225;228;228;231;231;234;234;237;237;240;240;243;243;246;246;249;1309;1312;1315;1318;1318;1315;1315;1312;1312;1309;1309;1306;1306;1303;1303;1300;1300;1297;1297;1294;1294;1291;1291;1289;1289;1286;1286;1283;1283;1280;1280;1277;1277;1274;1274;1271;1271;1268;1268;1271;1271;199
1699819166297974.gadget2d_resized_512x512.png;class_0;1.0;polygon;x values;24;19;19;24;24;57;62;125;129;279;283;327;332;351;356;389;394;529;534;567;572;596;601;644;649;832;837;909;914;938;943;991;996;1183;1188;1260;1265;1304;1309;1381;1386;1886;1891;1949;1953;2131;2136;2449;2454;2459;2459;2435;2430;2396;2391;2372;2367;2329;2324;2103;2098;2064;2059;2045;2040;1997;1992;1756;1751;1718;1713;1698;1694;1665;1660;1395;1390;1251;1246;1212;1207;1150;1145
1699819166297974.gadget2d_resized_512x512.png;class_0;1.0;polygon;y values;93;96;1333;1335;1338;1338;1341;1341;1344;1344;1347;1347;1350;1350;1353;1353;1356;1356;1359;1359;1362;1362;1365;1365;1368;1368;1371;1371;1374;1374;1376;1376;1379;1379;1382;1382;1385;1385;1388;1388;1391;1391;1394;1394;1391;1391;1394;1394;1397;1397;140;140;137;137;134;134;131;131;128;128;125;125;123;123;120;120;117;117;114;114;111;111;108;108;105;105;102;102;99;99;96;96;93
1699870942377060.gadget2d_resized_512x512.png;class_0;1.0;polygon;x values;24;19;19;24;24;28;115;120;250;255;322;327;351;356;394;399;524;529;620;625;654;659;697;702;798;803;914;919;952;957;1015;1020;1169;1174;1227;1232;1265;1270;1328;1333;1520;1525;1708;1713;1987;1992;2242;2247;2459;2459;2435;2430;2420;2415;2367;2362;2151;2146;2103;2098;2079;2074;2021;2016;1761;1756;1718;1713;1703;1698;1679;1674;1641;1636;1525;1520;1318;1313;1203;1198
1699870942377060.gadget2d_resized_512x512.png;class_0;1.0;polygon;y values;70;73;1309;1312;1315;1318;1318;1321;1321;1324;1324;1327;1327;1330;1330;1333;1333;1335;1335;1338;1338;1341;1341;1344;1344;1347;1347;1350;1350;1353;1353;1356;1356;1359;1359;1362;1362;1365;1365;1368;1368;1371;1371;1374;1374;1376;1376;1379;1379;114;114;111;111;108;108;105;105;102;102;99;99;96;96;93;93;90;90;87;87;84;84;82;82;79;79;76;76;73;73;70
1700071870624029.gadget2d_resized_512x512.png;class_0;1.0;polygon;x values;24;19;19;28;120;125;154;158;202;206;332;336;389;394;409;413;447;452;644;649;707;712;736;741;770;774;856;861;976;981;1015;1020;1078;1082;1183;1188;1246;1251;1280;1284;1405;1410;1679;1684;2257;2261;2439;2444;2459;2459;2285;2281;2247;2242;2228;2223;2204;2199;1987;1982;1939;1934;1910;1905;1862;1857;1645;1641;1573;1568;1549;1544;1515;1511;1203;1198;1068;1063;1020;1015;899;895
1700071870624029.gadget2d_resized_512x512.png;class_0;1.0;polygon;y values;93;96;1330;1335;1335;1338;1338;1341;1341;1344;1344;1347;1347;1350;1350;1353;1353;1356;1356;1359;1359;1362;1362;1365;1365;1368;1368;1371;1371;1374;1374;1376;1376;1379;1379;1382;1382;1385;1385;1388;1388;1391;1391;1394;1394;1397;1397;1400;1400;140;140;137;137;134;134;131;131;128;128;125;125;123;123;120;120;117;117;114;114;111;111;108;108;105;105;102;102;99;99;96;96;93
1700418988480888.gadget2d_resized_512x512.png;class_0;1.0;polygon;x values;1645;1641;1540;1535;1477;1472;1395;1390;1053;1049;986;981;948;943;899;895;587;582;534;529;510;505;462;457;283;279;240;235;216;211;173;168;0;0;9;14;38;43;524;529;741;745;1198;1203;1313;1318;1361;1366;1443;1448;1636;1641;1708;1713;1742;1746;1809;1814;2030;2035;2064;2069;2088;2093;2136;2141;2300;2305;2358;2362;2387;2391;2425;2430;2459;2459
1700418988480888.gadget2d_resized_512x512.png;class_0;1.0;polygon;y values;175;178;178;181;181;184;184;187;187;190;190;193;193;196;196;199;199;202;202;205;205;208;208;210;210;213;213;216;216;219;219;222;222;1297;1297;1294;1294;1291;1291;1289;1289;1286;1286;1283;1283;1280;1280;1277;1277;1274;1274;1271;1271;1268;1268;1265;1265;1262;1262;1259;1259;1256;1256;1253;1253;1250;1250;1248;1248;1245;1245;1242;1242;1239;1239;175
1700408830365307.gadget2d_resized_512x512.png;class_0;1.0;polygon;x values;1145;1140;1068;1063;1025;1020;972;967;673;668;529;524;495;490;442;437;293;288;255;250;240;235;182;178;0;0;9;14;779;784;1092;1097;1193;1198;1260;1265;1414;1419;1540;1544;1588;1592;1674;1679;1852;1857;1944;1949;1977;1982;2030;2035;2165;2170;2218;2223;2247;2252;2290;2295;2348;2353;2387;2391;2415;2420;2439;2444;2459;2459
1700408830365307.gadget2d_resized_512x512.png;class_0;1.0;polygon;y values;175;178;178;181;181;184;184;187;187;190;190;193;193;196;196;199;199;202;202;205;205;208;208;210;210;1300;1300;1297;1297;1294;1294;1291;1291;1289;1289;1286;1286;1283;1283;1280;1280;1277;1277;1274;1274;1271;1271;1268;1268;1265;1265;1262;1262;1259;1259;1256;1256;1253;1253;1250;1250;1248;1248;1245;1245;1242;1242;1239;1239;175
1700399650188470.gadget2d_resized_512x512.png;class_0;1.0;polygon;x values;1400;1395;1318;1313;1270;1265;1174;1169;861;856;822;818;794;789;750;745;437;433;409;404;394;389;360;356;139;134;101;96;77;72;0;0;9;14;683;688;827;832;952;957;1155;1159;1386;1390;1458;1463;1515;1520;1602;1607;1799;1804;1862;1867;1900;1905;1977;1982;2160;2165;2199;2204;2223;2228;2290;2295;2459;2459
1700399650188470.gadget2d_resized_512x512.png;class_0;1.0;polygon;y values;164;166;166;169;169;172;172;175;175;178;178;181;181;184;184;187;187;190;190;193;193;196;196;199;199;202;202;205;205;208;208;1277;1277;1274;1274;1271;1271;1268;1268;1265;1265;1262;1262;1259;1259;1256;1256;1253;1253;1250;1250;1248;1248;1245;1245;1242;1242;1239;1239;1236;1236;1233;1233;1230;1230;1227;1227;164
1700399588453180.gadget2d_resized_512x512.png;class_0;1.0;polygon;x values;1694;1689;1588;1583;1477;1472;1390;1386;1073;1068;991;986;967;962;914;909;630;625;510;505;476;471;433;428;279;274;245;240;226;221;202;197;24;19;19;24;755;760;890;895;962;967;1150;1155;1386;1390;1443;1448;1482;1487;1559;1564;1780;1785;1833;1838;1862;1867;1925;1929;2103;2107;2160;2165;2180;2184;2228;2233;2435;2439;2459;2459
1700399588453180.gadget2d_resized_512x512.png;class_0;1.0;polygon;y values;164;166;166;169;169;172;172;175;175;178;178;181;181;184;184;187;187;190;190;193;193;196;196;199;199;202;202;205;205;208;208;210;210;213;1283;1286;1286;1283;1283;1280;1280;1277;1277;1274;1274;1271;1271;1268;1268;1265;1265;1262;1262;1259;1259;1256;1256;1253;1253;1250;1250;1248;1248;1245;1245;1242;1242;1239;1239;1236;1236;164
1699818481284503.gadget2d_resized_512x512.png;class_0;1.0;polygon;x values;24;19;19;24;144;149;211;216;245;250;293;298;404;409;437;442;462;466;500;505;616;620;678;683;717;721;770;774;976;981;1029;1034;1058;1063;1121;1126;1260;1265;1313;1318;1400;1405;1429;1434;1515;1520;1612;1617;2459;2459;2430;2425;2415;2411;2372;2367;2141;2136;2103;2098;2079;2074;2021;2016;1795;1790;1761;1756;1746;1742;1718;1713;1487;1482;1357;1352;1304;1299;1203;1198
1699818481284503.gadget2d_resized_512x512.png;class_0;1.0;polygon;y values;93;96;1330;1333;1333;1335;1335;1338;1338;1341;1341;1344;1344;1347;1347;1350;1350;1353;1353;1356;1356;1359;1359;1362;1362;1365;1365;1368;1368;1371;1371;1374;1374;1376;1376;1379;1379;1382;1382;1385;1385;1388;1388;1385;1385;1388;1388;1391;1391;137;137;134;134;131;131;128;128;125;125;123;123;120;120;117;117;114;114;111;111;108;108;105;105;102;102;99;99;96;96;93
1698672541164021.gadget2d_resized_512x512.png;class_0;1.0;polygon;x values;24;19;19;24;24;67;72;101;105;149;154;336;341;389;394;409;413;462;466;601;606;659;664;678;683;741;745;986;991;1049;1053;1087;1092;1155;1159;1366;1371;1453;1458;1535;1540;1631;1636;2459;2459;2377;2372;2348;2343;2329;2324;2300;2295;2088;2083;2045;2040;2021;2016;1973;1968;1722;1718;1684;1679;1669;1665;1636;1631;1236;1232;1116;1111;1063;1058;991;986
1698672541164021.gadget2d_resized_512x512.png;class_0;1.0;polygon;y values;70;73;1306;1309;1312;1312;1315;1315;1318;1318;1321;1321;1324;1324;1327;1327;1330;1330;1333;1333;1335;1335;1338;1338;1341;1341;1344;1344;1347;1347;1350;1350;1353;1353;1356;1356;1359;1359;1362;1362;1365;1365;1368;1368;117;117;114;114;111;111;108;108;105;105;102;102;99;99;96;96;93;93;90;90;87;87;84;84;82;82;79;79;76;76;73;73;70
1700393713377965.gadget2d_resized_512x512.png;class_0;1.0;polygon;x values;1669;1665;1511;1506;1414;1410;1323;1318;986;981;938;933;914;909;871;866;529;524;476;471;452;447;418;413;255;250;226;221;211;206;173;168;0;0;745;750;822;827;885;890;1241;1246;1390;1395;1491;1496;1559;1564;1612;1617;1819;1823;1872;1876;1900;1905;1953;1958;2093;2098;2151;2156;2180;2184;2233;2237;2430;2435;2459;2459
1700393713377965.gadget2d_resized_512x512.png;class_0;1.0;polygon;y values;164;166;166;169;169;172;172;175;175;178;178;181;181;184;184;187;187;190;190;193;193;196;196;199;199;202;202;205;205;208;208;210;210;1286;1286;1283;1283;1280;1280;1277;1277;1274;1274;1271;1271;1268;1268;1265;1265;1262;1262;1259;1259;1256;1256;1253;1253;1250;1250;1248;1248;1245;1245;1242;1242;1239;1239;1236;1236;164
1699015965638565.gadget2d_resized_512x512.png;class_0;1.0;polygon;x values;24;19;19;24;120;125;173;178;206;211;255;259;404;409;466;471;490;495;539;543;678;683;745;750;770;774;813;818;1020;1025;1092;1097;1126;1130;1174;1179;1328;1333;1438;1443;1515;1520;1621;1626;2319;2324;2459;2459;2314;2310;2276;2271;2257;2252;2223;2218;1963;1958;1925;1920;1900;1896;1857;1852;1641;1636;1592;1588;1568;1564;1535;1530;1236;1232;1116;1111;1049;1044;924;919
1699015965638565.gadget2d_resized_512x512.png;class_0;1.0;polygon;y values;93;96;1330;1333;1333;1335;1335;1338;1338;1341;1341;1344;1344;1347;1347;1350;1350;1353;1353;1356;1356;1359;1359;1362;1362;1365;1365;1368;1368;1371;1371;1374;1374;1376;1376;1379;1379;1382;1382;1385;1385;1388;1388;1391;1391;1394;1394;140;140;137;137;134;134;131;131;128;128;125;125;123;123;120;120;117;117;114;114;111;111;108;108;105;105;102;102;99;99;96;96;93
1700361444125931.gadget2d_resized_512x512.png;class_0;1.0;polygon;x values;1448;1443;1366;1361;1333;1328;1280;1275;938;933;890;885;861;856;818;813;572;567;548;543;524;519;486;481;389;385;332;327;322;308;303;298;298;293;293;288;288;283;283;279;279;274;264;259;231;226;202;202;197;197;192;192;197;197;519;524;707;712;794;798;1284;1289;1361;1366;1400;1405;1463;1467;1684;1689;1737;1742;1761;1766;1809;1814;2054;2059;2088;2093;2107;2112;2165;2170;2285;2290;2338;2343;2372;2377;2425;2430;2449;2454;2459;2459
1700361444125931.gadget2d_resized_512x512.png;class_0;1.0;polygon;y values;175;178;178;181;181;184;184;187;187;190;190;193;193;196;196;199;199;202;202;205;205;208;208;210;210;208;208;210;210;219;219;222;225;228;231;234;240;243;251;254;257;260;260;263;263;266;266;272;275;322;325;1289;1291;1294;1294;1291;1291;1289;1289;1286;1286;1283;1283;1280;1280;1277;1277;1274;1274;1271;1271;1268;1268;1265;1265;1262;1262;1259;1259;1256;1256;1253;1253;1250;1250;1248;1248;1245;1245;1242;1242;1239;1239;1242;1242;175
1699808340076010.gadget2d_resized_512x512.png;class_0;1.0;polygon;x values;24;19;19;28;154;158;202;206;231;235;274;279;404;409;447;452;471;476;510;514;659;664;712;717;745;750;837;842;1082;1087;1140;1145;1164;1169;1212;1217;1453;1458;1597;1602;1636;1641;1819;1823;2459;2459;2257;2252;2218;2213;2204;2199;2151;2146;1915;1910;1881;1876;1862;1857;1823;1819;1665;1660;1583;1578;1535;1530;1434;1429
1699808340076010.gadget2d_resized_512x512.png;class_0;1.0;polygon;y values;93;96;1327;1333;1333;1335;1335;1338;1338;1341;1341;1344;1344;1347;1347;1350;1350;1353;1353;1356;1356;1359;1359;1362;1362;1365;1365;1368;1368;1371;1371;1374;1374;1376;1376;1379;1379;1382;1382;1385;1385;1388;1388;1391;1391;128;128;125;125;123;123;120;120;117;117;114;114;111;111;108;108;105;105;102;102;99;99;96;96;93
1699814521199577.gadget2d_resized_512x512.png;class_0;1.0;polygon;x values;24;19;19;24;24;134;139;206;211;240;245;293;298;433;437;471;476;490;495;524;529;683;688;745;750;779;784;851;856;1082;1087;1130;1135;1159;1164;1212;1217;1568;1573;1674;1679;1751;1756;1973;1977;2459;2459;2252;2247;2218;2213;2204;2199;2165;2160;1929;1925;1896;1891;1872;1867;1823;1819;1674;1669;1588;1583;1535;1530;1434;1429
1699814521199577.gadget2d_resized_512x512.png;class_0;1.0;polygon;y values;93;96;1327;1330;1333;1333;1335;1335;1338;1338;1341;1341;1344;1344;1347;1347;1350;1350;1353;1353;1356;1356;1359;1359;1362;1362;1365;1365;1368;1368;1371;1371;1374;1374;1376;1376;1379;1379;1382;1382;1385;1385;1388;1388;1391;1391;128;128;125;125;123;123;120;120;117;117;114;114;111;111;108;108;105;105;102;102;99;99;96;96;93
1699815675226588.gadget2d_resized_512x512.png;class_0;1.0;polygon;x values;24;19;19;24;24;28;86;91;144;149;269;274;308;312;327;332;380;385;519;524;577;582;601;606;644;649;784;789;871;875;909;914;967;972;1150;1155;1207;1212;1251;1256;1309;1313;1727;1732;2030;2035;2160;2165;2459;2459;2237;2233;2208;2204;2189;2184;2160;2156;1886;1881;1848;1843;1823;1819;1780;1775;1597;1592;1549;1544;1520;1515;1463;1458;1034;1029;938;933;895;890;779;774
1699815675226588.gadget2d_resized_512x512.png;class_0;1.0;polygon;y values;93;96;1330;1333;1335;1338;1338;1341;1341;1344;1344;1347;1347;1350;1350;1353;1353;1356;1356;1359;1359;1362;1362;1365;1365;1368;1368;1371;1371;1374;1374;1376;1376;1379;1379;1382;1382;1385;1385;1388;1388;1391;1391;1394;1394;1397;1397;1400;1400;140;140;137;137;134;134;131;131;128;128;125;125;123;123;120;120;117;117;114;114;111;111;108;108;105;105;102;102;99;99;96;96;93
1700399545450720.gadget2d_resized_512x512.png;class_0;1.0;polygon;x values;1145;1140;1058;1053;1015;1010;957;952;644;640;606;601;587;582;539;534;346;341;283;279;250;245;192;187;0;0;9;14;765;770;962;967;1058;1063;1068;1073;1174;1179;1280;1284;1477;1482;1549;1554;1592;1597;1703;1708;1905;1910;1973;1977;2006;2011;2059;2064;2257;2261;2300;2305;2324;2329;2396;2401;2459;2459
1700399545450720.gadget2d_resized_512x512.png;class_0;1.0;polygon;y values;164;166;166;169;169;172;172;175;175;178;178;181;181;184;184;187;187;190;190;193;193;196;196;199;199;1277;1277;1274;1274;1271;1271;1268;1268;1271;1271;1268;1268;1265;1265;1262;1262;1259;1259;1256;1256;1253;1253;1250;1250;1248;1248;1245;1245;1242;1242;1239;1239;1236;1236;1233;1233;1230;1230;1227;1227;164
1700411464394124.gadget2d_resized_512x512.png;class_0;1.0;polygon;x values;1395;1390;1299;1294;1260;1256;1207;1203;899;895;847;842;822;818;774;770;481;476;452;447;437;433;399;394;182;178;134;129;101;96;0;0;14;19;24;28;601;606;1058;1063;1159;1164;1246;1251;1381;1386;1559;1564;1626;1631;1660;1665;1722;1727;1973;1977;2011;2016;2026;2030;2069;2074;2223;2228;2285;2290;2319;2324;2372;2377;2459;2459
1700411464394124.gadget2d_resized_512x512.png;class_0;1.0;polygon;y values;175;178;178;181;181;184;184;187;187;190;190;193;193;196;196;199;199;202;202;205;205;208;208;210;210;213;213;216;216;219;219;1294;1294;1291;1291;1289;1289;1286;1286;1283;1283;1280;1280;1277;1277;1274;1274;1271;1271;1268;1268;1265;1265;1262;1262;1259;1259;1256;1256;1253;1253;1250;1250;1248;1248;1245;1245;1242;1242;1239;1239;175
1698233951786879.gadget2d_resized_512x512.png;class_0;1.0;polygon;x values;24;19;19;28;163;168;221;226;250;255;303;308;433;437;481;486;505;510;548;553;678;683;741;745;765;770;847;851;1025;1029;1082;1087;1106;1111;1155;1159;1318;1323;1467;1472;1520;1525;1669;1674;2459;2459;2449;2444;2233;2228;2204;2199;2184;2180;2156;2151;1881;1876;1838;1833;1819;1814;1761;1756;1597;1592;1554;1549;1525;1520;1482;1477;1106;1102;986;981;938;933;866;861
1698233951786879.gadget2d_resized_512x512.png;class_0;1.0;polygon;y values;93;96;1327;1333;1333;1335;1335;1338;1338;1341;1341;1344;1344;1347;1347;1350;1350;1353;1353;1356;1356;1359;1359;1362;1362;1365;1365;1368;1368;1371;1371;1374;1374;1376;1376;1379;1379;1382;1382;1385;1385;1388;1388;1391;1391;143;143;140;140;137;137;134;134;131;131;128;128;125;125;123;123;120;120;117;117;114;114;111;111;108;108;105;105;102;102;99;99;96;96;93
1699836119533835.gadget2d_resized_512x512.png;class_0;1.0;polygon;x values;1891;1886;1799;1795;1761;1756;1631;1626;1145;1140;1073;1068;1025;1020;948;943;683;678;601;596;558;553;505;500;327;322;259;255;231;226;178;173;24;19;19;24;24;336;341;471;476;616;620;721;726;842;847;1294;1299;1376;1381;1448;1453;1559;1564;1669;1674;1703;1708;1722;1727;1785;1790;2093;2098;2131;2136;2156;2160;2208;2213;2358;2362;2411;2415;2439;2444;2459;2459;2444;2439
1699836119533835.gadget2d_resized_512x512.png;class_0;1.0;polygon;y values;199;202;202;205;205;208;208;210;210;213;213;216;216;219;219;222;222;225;225;228;228;231;231;234;234;237;237;240;240;243;243;246;246;249;1309;1312;1318;1318;1315;1315;1312;1312;1315;1315;1312;1312;1309;1309;1306;1306;1303;1303;1300;1300;1297;1297;1294;1294;1291;1291;1289;1289;1286;1286;1283;1283;1280;1280;1277;1277;1274;1274;1271;1271;1268;1268;1271;1271;202;202;199
1699817130257004.gadget2d_resized_512x512.png;class_0;1.0;polygon;x values;24;19;19;24;86;91;139;144;163;168;202;206;389;394;437;442;462;466;505;510;616;620;664;668;688;693;726;731;1034;1039;1087;1092;1116;1121;1164;1169;1429;1434;1515;1520;1564;1568;1665;1669;2459;2459;2343;2338;2295;2290;2276;2271;2233;2228;2035;2030;1992;1987;1973;1968;1929;1925;1718;1713;1674;1669;1641;1636;1568;1564
1699817130257004.gadget2d_resized_512x512.png;class_0;1.0;polygon;y values;93;96;1318;1321;1321;1324;1324;1327;1327;1330;1330;1333;1333;1335;1335;1338;1338;1341;1341;1344;1344;1347;1347;1350;1350;1353;1353;1356;1356;1359;1359;1362;1362;1365;1365;1368;1368;1371;1371;1374;1374;1376;1376;1379;1379;128;128;125;125;123;123;120;120;117;117;114;114;111;111;108;108;105;105;102;102;99;99;96;96;93
1699972131131146.gadget2d_resized_512x512.png;class_0;1.0;polygon;x values;702;697;673;668;678;683;702;707;712;717;721;731;741;745;755;760;760;755;750;745;741;731;726;721;707;702;567;563;539;534;524;519;500;495;404;399;389;385;380;375;360;356;283;279;264;259;255;250;235;231;139;134;120;115;105;101;81;77;24;19;19;24;514;519;558;563;582;587;620;625;712;717;755;760;784;789;837;842;981;986;1039;1044;1092;1097;1217;1222;1366;1371;1434;1438;1477;1482;1544;1549;1650;1655;1689;1694;1708;1713;1756;1761;1896;1900;1934;1939;1953;1958;1982;1987;2151;2156;2204;2208;2228;2233;2285;2290;2406;2411;2459;2459;1756;1751;1669;1665;1631;1626;1554;1549;1294;1289;1256;1251;1232;1227;1183;1179;1058;1053;1044;1034;1039;1039;1044;1039;1034;1029
1699972131131146.gadget2d_resized_512x512.png;class_0;1.0;polygon;y values;304;307;307;310;310;313;313;316;316;319;319;325;325;328;328;331;333;336;336;339;339;345;345;348;348;351;351;354;354;357;357;360;360;363;363;366;366;369;369;372;372;375;375;377;377;380;380;383;383;386;386;389;389;392;392;395;395;398;398;401;1447;1450;1450;1447;1447;1444;1444;1441;1441;1438;1438;1435;1435;1432;1432;1429;1429;1426;1426;1423;1423;1420;1420;1417;1417;1415;1415;1412;1412;1409;1409;1406;1406;1403;1403;1400;1400;1397;1397;1394;1394;1391;1391;1388;1388;1385;1385;1382;1382;1379;1379;1376;1376;1374;1374;1371;1371;1368;1368;1365;1365;304;304;307;307;310;310;313;313;316;316;319;319;322;322;325;325;328;328;325;325;319;316;313;310;307;307;304
1698303228247373.gadget2d_resized_512x512.png;class_0;1.0;polygon;x values;24;19;19;24;120;125;182;187;211;216;259;264;409;413;466;471;495;500;548;553;688;693;726;731;745;750;784;789;1029;1034;1106;1111;1140;1145;1198;1203;1395;1400;1496;1501;1540;1544;1626;1631;2329;2334;2459;2459;2285;2281;2252;2247;2233;2228;2199;2194;1958;1953;1915;1910;1896;1891;1852;1848;1650;1645;1602;1597;1578;1573;1540;1535;1111;1106;1010;1005;899;895;750;745
1698303228247373.gadget2d_resized_512x512.png;class_0;1.0;polygon;y values;70;73;1318;1321;1321;1324;1324;1327;1327;1330;1330;1333;1333;1335;1335;1338;1338;1341;1341;1344;1344;1347;1347;1350;1350;1353;1353;1356;1356;1359;1359;1362;1362;1365;1365;1368;1368;1371;1371;1374;1374;1376;1376;1379;1379;1382;1382;117;117;114;114;111;111;108;108;105;105;102;102;99;99;96;96;93;93;90;90;87;87;84;84;82;82;79;79;76;76;73;73;70
1699806968049237.gadget2d_resized_512x512.png;class_0;1.0;polygon;x values;24;19;19;24;24;33;38;86;91;255;259;308;312;332;336;380;385;514;519;548;553;563;567;601;606;837;842;904;909;938;943;1015;1020;1203;1207;1289;1294;1328;1333;1414;1419;2050;2054;2218;2223;2285;2290;2372;2377;2459;2459;2334;2329;2295;2290;2276;2271;2237;2233;2026;2021;1992;1987;1977;1973;1939;1934;1727;1722;1679;1674;1660;1655;1597;1592;1260;1256;1207;1203;1169;1164;1073;1068
1699806968049237.gadget2d_resized_512x512.png;class_0;1.0;polygon;y values;82;84;1321;1324;1327;1327;1330;1330;1333;1333;1335;1335;1338;1338;1341;1341;1344;1344;1347;1347;1350;1350;1353;1353;1356;1356;1359;1359;1362;1362;1365;1365;1368;1368;1371;1371;1374;1374;1376;1376;1379;1379;1382;1382;1385;1385;1388;1388;1391;1391;128;128;125;125;123;123;120;120;117;117;114;114;111;111;108;108;105;105;102;102;99;99;96;96;93;93;90;90;87;87;84;84;82
1698267381476089.gadget2d_resized_512x512.png;class_0;1.0;polygon;x values;24;19;19;24;24;149;154;211;216;250;255;341;346;404;409;447;452;476;481;534;539;664;668;731;736;765;770;851;856;976;981;1029;1034;1058;1063;1121;1126;1265;1270;1342;1347;1371;1376;1578;1583;2213;2218;2459;2459;2324;2319;2290;2285;2276;2271;2242;2237;2002;1997;1949;1944;1929;1925;1876;1872;1665;1660;1621;1617;1602;1597;1564;1559;1260;1256;1164;1159;1049;1044;933;928
1698267381476089.gadget2d_resized_512x512.png;class_0;1.0;polygon;y values;93;96;1327;1330;1333;1333;1335;1335;1338;1338;1341;1341;1344;1344;1347;1347;1350;1350;1353;1353;1356;1356;1359;1359;1362;1362;1365;1365;1368;1368;1371;1371;1374;1374;1376;1376;1379;1379;1382;1382;1385;1385;1388;1388;1391;1391;1394;1394;140;140;137;137;134;134;131;131;128;128;125;125;123;123;120;120;117;117;114;114;111;111;108;108;105;105;102;102;99;99;96;96;93
1699809286095194.gadget2d_resized_512x512.png;class_0;1.0;polygon;x values;24;19;19;24;96;101;158;163;182;187;226;231;370;375;404;409;428;433;462;466;625;630;678;683;707;712;755;760;1025;1029;1082;1087;1102;1106;1145;1150;1429;1434;1501;1506;1549;1554;1645;1650;2459;2459;2387;2382;2324;2319;2285;2281;2218;2213;1973;1968;1929;1925;1910;1905;1867;1862;1679;1674;1626;1621;1592;1588;1530;1525
1699809286095194.gadget2d_resized_512x512.png;class_0;1.0;polygon;y values;93;96;1330;1333;1333;1335;1335;1338;1338;1341;1341;1344;1344;1347;1347;1350;1350;1353;1353;1356;1356;1359;1359;1362;1362;1365;1365;1368;1368;1371;1371;1374;1374;1376;1376;1379;1379;1382;1382;1385;1385;1388;1388;1391;1391;128;128;125;125;123;123;120;120;117;117;114;114;111;111;108;108;105;105;102;102;99;99;96;96;93
1699835861537723.gadget2d_resized_512x512.png;class_0;1.0;polygon;x values;1078;1073;976;972;943;938;895;890;539;534;495;490;481;476;442;437;245;240;182;178;163;158;105;101;24;19;19;24;24;226;231;437;442;572;577;717;721;899;904;1405;1410;1482;1487;1520;1525;1602;1607;1718;1722;1732;1737;1746;1751;1775;1780;1823;1828;1944;1949;2069;2074;2136;2141;2180;2184;2295;2300;2372;2377;2401;2406;2459;2459
1699835861537723.gadget2d_resized_512x512.png;class_0;1.0;polygon;y values;234;237;237;240;240;243;243;246;246;249;249;251;251;254;254;257;257;260;260;263;263;266;266;269;269;272;1321;1324;1330;1330;1327;1327;1324;1324;1327;1327;1324;1324;1321;1321;1318;1318;1315;1315;1312;1312;1309;1309;1306;1306;1303;1303;1300;1300;1297;1297;1294;1294;1297;1297;1294;1294;1291;1291;1289;1289;1286;1286;1283;1283;1280;1280;234
1699012656568637.gadget2d_resized_512x512.png;class_0;1.0;polygon;x values;28;19;19;24;72;77;144;149;178;182;245;250;394;399;466;471;500;505;582;587;702;707;745;750;770;774;808;813;1020;1025;1097;1102;1135;1140;1217;1222;1515;1520;1645;1650;1746;1751;2112;2117;2459;2459;2454;2449;2257;2252;2213;2208;2189;2184;2160;2156;1891;1886;1848;1843;1823;1819;1751;1746;1525;1520;1386;1381;1361;1357;1323;1318;818;813;750;745;712;707;129;125
1699012656568637.gadget2d_resized_512x512.png;class_0;1.0;polygon;y values;93;99;1341;1344;1344;1347;1347;1350;1350;1353;1353;1356;1356;1359;1359;1362;1362;1365;1365;1368;1368;1371;1371;1374;1374;1376;1376;1379;1379;1382;1382;1385;1385;1388;1388;1391;1391;1394;1394;1397;1397;1400;1400;1403;1403;143;143;140;140;137;137;134;134;131;131;128;128;125;125;123;123;120;120;117;117;114;114;111;111;108;108;105;105;102;102;99;99;96;96;93
1700318386674753.gadget2d_resized_512x512.png;class_0;1.0;polygon;x values;1337;1333;1270;1265;1212;1207;1126;1121;837;832;789;784;760;755;712;707;409;404;375;370;351;346;303;298;81;77;28;24;9;4;0;0;19;24;765;770;1082;1087;1198;1203;1313;1318;1477;1482;1549;1554;1592;1597;1684;1689;1920;1925;1968;1973;1992;1997;2050;2054;2223;2228;2261;2266;2290;2295;2358;2362;2459;2459
1700318386674753.gadget2d_resized_512x512.png;class_0;1.0;polygon;y values;187;190;190;193;193;196;196;199;199;202;202;205;205;208;208;210;210;213;213;216;216;219;219;222;222;225;225;228;228;231;231;1300;1300;1297;1297;1294;1294;1291;1291;1289;1289;1286;1286;1283;1283;1280;1280;1277;1277;1274;1274;1271;1271;1268;1268;1265;1265;1262;1262;1259;1259;1256;1256;1253;1253;1250;1250;187
1699808112070584.gadget2d_resized_512x512.png;class_0;1.0;polygon;x values;24;19;19;28;192;197;231;235;250;255;308;312;462;466;495;500;510;514;539;543;702;707;765;770;822;827;914;919;1078;1082;1126;1130;1150;1155;1217;1222;1549;1554;1660;1665;1823;1828;2175;2180;2459;2459;2372;2367;2329;2324;2310;2305;2276;2271;2050;2045;2006;2002;1977;1973;1920;1915;1732;1727;1679;1674;1650;1645;1588;1583
1699808112070584.gadget2d_resized_512x512.png;class_0;1.0;polygon;y values;93;96;1327;1333;1333;1335;1335;1338;1338;1341;1341;1344;1344;1347;1347;1350;1350;1353;1353;1356;1356;1359;1359;1362;1362;1365;1365;1368;1368;1371;1371;1374;1374;1376;1376;1379;1379;1382;1382;1385;1385;1388;1388;1391;1391;128;128;125;125;123;123;120;120;117;117;114;114;111;111;108;108;105;105;102;102;99;99;96;96;93
1699002877356243.gadget2d_resized_512x512.png;class_0;1.0;polygon;x values;360;356;332;322;317;312;308;303;293;288;279;274;269;264;259;250;245;231;226;216;211;202;202;206;206;211;211;226;231;245;245;259;259;279;279;283;283;288;288;293;293;283;283;274;259;255;250;245;231;226;187;182;129;125;120;115;110;105;91;86;81;77;62;57;52;48;43;38;38;28;28;24;24;19;19;28;134;139;173;178;226;231;360;365;413;418;442;447;490;495;664;668;726;731;750;755;784;789;976;981;1078;1082;1126;1130;1179;1183;1347;1352;1472;1477;1540;1544;1718;1722;2459;2459;2382;2377;2314;2310;2136;2131;2093;2088;2069;2064;2035;2030;1771;1766;1727;1722;1708;1703;1669;1665;1376;1371;1275;1270;1227;1222;1150;1145;779;774;721;717;654;649;548;543;510;505
1699002877356243.gadget2d_resized_512x512.png;class_0;1.0;polygon;y values;96;99;99;105;105;108;108;111;111;114;114;117;117;120;120;125;125;134;134;140;140;146;149;152;155;158;161;169;169;178;181;190;193;205;208;210;213;216;222;225;228;234;237;243;243;246;246;249;249;251;251;254;254;251;251;249;249;246;246;249;249;251;251;249;249;246;246;249;251;257;266;269;310;313;1330;1335;1335;1338;1338;1341;1341;1344;1344;1347;1347;1350;1350;1353;1353;1356;1356;1359;1359;1362;1362;1365;1365;1368;1368;1371;1371;1374;1374;1376;1376;1379;1379;1382;1382;1385;1385;1388;1388;1391;1391;146;146;143;143;140;140;137;137;134;134;131;131;128;128;125;125;123;123;120;120;117;117;114;114;111;111;108;108;105;105;102;102;99;99;102;102;99;99;96
1698244927027379.gadget2d_resized_512x512.png;class_0;1.0;polygon;x values;24;19;19;24;120;125;178;182;206;211;255;259;409;413;452;457;476;481;514;519;659;664;702;707;721;726;765;770;1001;1005;1073;1078;1111;1116;1164;1169;1366;1371;1472;1477;1511;1515;1578;1583;2252;2257;2459;2459;2353;2348;2319;2314;2295;2290;2261;2257;2045;2040;2011;2006;1987;1982;1949;1944;1742;1737;1689;1684;1669;1665;1626;1621;1313;1309;1251;1246;1217;1212;1126;1121
1698244927027379.gadget2d_resized_512x512.png;class_0;1.0;polygon;y values;82;84;1318;1321;1321;1324;1324;1327;1327;1330;1330;1333;1333;1335;1335;1338;1338;1341;1341;1344;1344;1347;1347;1350;1350;1353;1353;1356;1356;1359;1359;1362;1362;1365;1365;1368;1368;1371;1371;1374;1374;1376;1376;1379;1379;1382;1382;128;128;125;125;123;123;120;120;117;117;114;114;111;111;108;108;105;105;102;102;99;99;96;96;93;93;90;90;87;87;84;84;82
1698010443014007.gadget2d_resized_512x512.png;class_0;1.0;polygon;x values;24;19;19;24;24;28;52;57;67;72;163;168;264;269;312;317;336;341;389;394;529;534;616;620;649;654;697;702;774;779;827;832;861;866;967;972;1126;1130;1169;1174;1217;1222;1289;1294;1506;1511;2021;2026;2136;2141;2387;2391;2396;2401;2459;2459;2377;2372;2353;2348;2319;2314;2146;2141;2112;2107;2088;2083;2021;2016;1761;1756;1718;1713;1703;1698;1669;1665;1424;1419;1333;1328;1294;1289;1203;1198
1698010443014007.gadget2d_resized_512x512.png;class_0;1.0;polygon;y values;82;84;1333;1335;1338;1341;1341;1338;1338;1341;1341;1344;1344;1347;1347;1350;1350;1353;1353;1356;1356;1359;1359;1362;1362;1365;1365;1368;1368;1371;1371;1374;1374;1376;1376;1379;1379;1382;1382;1385;1385;1388;1388;1391;1391;1394;1394;1397;1397;1400;1400;1403;1403;1400;1400;125;125;123;123;120;120;117;117;114;114;111;111;108;108;105;105;102;102;99;99;96;96;93;93;90;90;87;87;84;84;82
1699936857773756.gadget2d_resized_512x512.png;class_0;1.0;polygon;x values;0;0;105;110;178;182;211;216;255;259;370;375;433;437;462;466;505;510;649;654;707;712;741;745;774;779;880;885;972;976;1005;1010;1053;1058;1174;1179;1241;1246;1270;1275;1309;1313;1467;1472;2175;2180;2334;2338;2459;2459;2266;2261;2213;2208;2189;2184;2151;2146;1910;1905;1867;1862;1843;1838;1795;1790;1641;1636;1525;1520;1463;1458;1405;1400;1179;1174;1034;1029;991;986;856;851
1699936857773756.gadget2d_resized_512x512.png;class_0;1.0;polygon;y values;93;1333;1333;1335;1335;1338;1338;1341;1341;1344;1344;1347;1347;1350;1350;1353;1353;1356;1356;1359;1359;1362;1362;1365;1365;1368;1368;1371;1371;1374;1374;1376;1376;1379;1379;1382;1382;1385;1385;1388;1388;1391;1391;1394;1394;1397;1397;1400;1400;140;140;137;137;134;134;131;131;128;128;125;125;123;123;120;120;117;117;114;114;111;111;108;108;105;105;102;102;99;99;96;96;93
1699827984440648.gadget2d_resized_512x512.png;class_0;1.0;polygon;x values;1684;1679;1520;1515;1419;1414;1323;1318;938;933;875;871;847;842;789;784;466;462;437;433;418;413;394;389;202;197;134;129;96;91;24;24;19;19;24;24;688;693;1227;1232;1352;1357;1438;1443;1564;1568;1669;1674;1708;1713;1737;1742;1819;1823;2088;2093;2127;2131;2156;2160;2213;2218;2343;2348;2396;2401;2459;2459
1699827984440648.gadget2d_resized_512x512.png;class_0;1.0;polygon;y values;199;202;202;205;205;208;208;210;210;213;213;216;216;219;219;222;222;225;225;228;228;231;231;234;234;237;237;240;240;243;243;246;249;1306;1309;1312;1312;1309;1309;1306;1306;1303;1303;1300;1300;1297;1297;1294;1294;1291;1291;1289;1289;1286;1286;1283;1283;1280;1280;1277;1277;1274;1274;1271;1271;1268;1268;199
1698322049633083.gadget2d_resized_512x512.png;class_0;1.0;polygon;x values;24;19;19;24;139;144;197;202;221;226;274;279;447;452;495;500;514;519;553;558;683;688;736;741;770;774;861;866;1097;1102;1155;1159;1179;1183;1275;1280;1568;1573;1771;1775;1852;1857;2242;2247;2459;2459;2454;2449;2420;2415;2362;2358;2338;2334;2295;2290;2074;2069;2035;2030;2016;2011;1977;1973;1746;1742;1694;1689;1669;1665;1602;1597;1280;1275;1203;1198;1155;1150;1058;1053
1698322049633083.gadget2d_resized_512x512.png;class_0;1.0;polygon;y values;82;84;1318;1321;1321;1324;1324;1327;1327;1330;1330;1333;1333;1335;1335;1338;1338;1341;1341;1344;1344;1347;1347;1350;1350;1353;1353;1356;1356;1359;1359;1362;1362;1365;1365;1368;1368;1371;1371;1374;1374;1376;1376;1379;1379;125;125;128;128;125;125;123;123;120;120;117;117;114;114;111;111;108;108;105;105;102;102;99;99;96;96;93;93;90;90;87;87;84;84;82
1699012657568565.gadget2d_resized_512x512.png;class_0;1.0;polygon;x values;24;19;19;24;24;129;134;211;216;245;250;298;303;418;423;490;495;524;529;601;606;717;721;755;760;779;784;827;832;1053;1058;1130;1135;1164;1169;1241;1246;1453;1458;1602;1607;1698;1703;2117;2122;2459;2459;2252;2247;2213;2208;2199;2194;2165;2160;1915;1910;1876;1872;1857;1852;1756;1751;1568;1564;1487;1482;1448;1443;1400;1395;957;952;808;803;760;755;635;630
1699012657568565.gadget2d_resized_512x512.png;class_0;1.0;polygon;y values;93;96;1338;1341;1344;1344;1347;1347;1350;1350;1353;1353;1356;1356;1359;1359;1362;1362;1365;1365;1368;1368;1371;1371;1374;1374;1376;1376;1379;1379;1382;1382;1385;1385;1388;1388;1391;1391;1394;1394;1397;1397;1400;1400;1403;1403;140;140;137;137;134;134;131;131;128;128;125;125;123;123;120;120;117;117;114;114;111;111;108;108;105;105;102;102;99;99;96;96;93
1698321574622396.gadget2d_resized_512x512.png;class_0;1.0;polygon;x values;24;19;19;24;72;77;129;134;158;163;197;202;356;360;409;413;437;442;481;486;587;591;630;635;654;659;707;712;948;952;1049;1053;1087;1092;1145;1150;1323;1328;1424;1429;1458;1463;1554;1559;2449;2454;2459;2459;2285;2281;2252;2247;2237;2233;2208;2204;1953;1949;1900;1896;1872;1867;1823;1819;1636;1631;1592;1588;1573;1568;1544;1540;1078;1073;972;967;904;899;601;596
1698321574622396.gadget2d_resized_512x512.png;class_0;1.0;polygon;y values;70;73;1318;1321;1321;1324;1324;1327;1327;1330;1330;1333;1333;1335;1335;1338;1338;1341;1341;1344;1344;1347;1347;1350;1350;1353;1353;1356;1356;1359;1359;1362;1362;1365;1365;1368;1368;1371;1371;1374;1374;1376;1376;1379;1379;1382;1382;117;117;114;114;111;111;108;108;105;105;102;102;99;99;96;96;93;93;90;90;87;87;84;84;82;82;79;79;76;76;73;73;70
1700305251361045.gadget2d_resized_512x512.png;class_0;1.0;polygon;x values;28;19;19;28;110;115;144;149;192;197;370;375;433;437;471;476;529;534;717;721;774;779;803;808;875;880;1130;1135;1207;1212;1260;1265;1357;1361;1674;1679;1727;1732;2180;2184;2459;2459;2449;2444;2180;2175;2136;2131;2117;2112;2079;2074;1819;1814;1727;1722;1708;1703;1679;1674;1650;1645;1592;1588;1265;1260;1207;1203;1121;1116;871;866
1700305251361045.gadget2d_resized_512x512.png;class_0;1.0;polygon;y values;23;29;1271;1277;1277;1280;1280;1283;1283;1286;1286;1289;1289;1291;1291;1294;1294;1297;1297;1300;1300;1303;1303;1306;1306;1309;1309;1312;1312;1315;1315;1318;1318;1321;1321;1324;1324;1321;1321;1324;1324;61;61;58;58;55;55;52;52;49;49;46;46;43;43;41;41;38;38;35;35;32;32;29;29;32;32;29;29;26;26;23
1700336648862994.gadget2d_resized_512x512.png;class_0;1.0;polygon;x values;1900;1896;1790;1785;1746;1742;1631;1626;1217;1212;1150;1145;1102;1097;996;991;731;726;693;688;673;668;630;625;389;385;322;317;293;288;240;235;24;19;0;0;9;14;481;486;779;784;904;909;1102;1106;1419;1424;1496;1501;1540;1544;1607;1612;1775;1780;1828;1833;1867;1872;1944;1949;2074;2079;2131;2136;2165;2170;2208;2213;2387;2391;2459;2459
1700336648862994.gadget2d_resized_512x512.png;class_0;1.0;polygon;y values;175;178;178;181;181;184;184;187;187;190;190;193;193;196;196;199;199;202;202;205;205;208;208;210;210;213;213;216;216;219;219;222;222;225;225;1300;1300;1297;1297;1294;1294;1291;1291;1289;1289;1286;1286;1283;1283;1280;1280;1277;1277;1274;1274;1271;1271;1268;1268;1265;1265;1262;1262;1259;1259;1256;1256;1253;1253;1250;1250;1248;1248;175
1698159389219159.gadget2d_resized_512x512.png;class_0;1.0;polygon;x values;24;19;19;24;33;38;134;139;163;168;231;235;370;375;413;418;437;442;481;486;606;611;659;664;683;688;731;736;967;972;1044;1049;1082;1087;1145;1150;1289;1294;1410;1414;1487;1491;1631;1636;2252;2257;2439;2444;2459;2459;2430;2425;2415;2411;2377;2372;2122;2117;2079;2074;2054;2050;2011;2006;1823;1819;1780;1775;1761;1756;1732;1727;1530;1525;1381;1376;1328;1323;1256;1251
1698159389219159.gadget2d_resized_512x512.png;class_0;1.0;polygon;y values;93;96;1330;1333;1333;1335;1335;1338;1338;1341;1341;1344;1344;1347;1347;1350;1350;1353;1353;1356;1356;1359;1359;1362;1362;1365;1365;1368;1368;1371;1371;1374;1374;1376;1376;1379;1379;1382;1382;1385;1385;1388;1388;1391;1391;1394;1394;1397;1397;137;137;134;134;131;131;128;128;125;125;123;123;120;120;117;117;114;114;111;111;108;108;105;105;102;102;99;99;96;96;93
1700296984442110.gadget2d_resized_512x512.png;class_0;1.0;polygon;x values;1395;1390;1328;1323;1280;1275;1169;1164;871;866;803;798;784;779;745;741;452;447;428;423;409;404;375;370;173;168;115;110;81;77;0;0;673;678;774;779;866;871;1116;1121;1405;1410;1482;1487;1511;1515;1568;1573;1785;1790;1838;1843;1867;1872;1939;1944;2098;2103;2146;2151;2170;2175;2213;2218;2391;2396;2459;2459
1700296984442110.gadget2d_resized_512x512.png;class_0;1.0;polygon;y values;175;178;178;181;181;184;184;187;187;190;190;193;193;196;196;199;199;202;202;205;205;208;208;210;210;213;213;216;216;219;219;1297;1297;1294;1294;1291;1291;1289;1289;1286;1286;1283;1283;1280;1280;1277;1277;1274;1274;1271;1271;1268;1268;1265;1265;1262;1262;1259;1259;1256;1256;1253;1253;1250;1250;1248;1248;175
1699800520911124.gadget2d_resized_512x512.png;class_0;1.0;polygon;x values;24;19;19;24;24;144;149;206;211;240;245;298;303;423;428;476;481;505;510;553;558;745;750;789;794;842;847;986;991;1097;1102;1150;1155;1179;1183;1251;1256;1506;1511;1660;1665;1819;1823;2131;2136;2459;2459;2372;2367;2334;2329;2281;2276;2093;2088;2054;2050;2030;2026;1987;1982;1814;1809;1727;1722;1669;1665;1592;1588;1443;1438;1227;1222;1198;1193;1150;1145
1699800520911124.gadget2d_resized_512x512.png;class_0;1.0;polygon;y values;82;84;1327;1330;1333;1333;1335;1335;1338;1338;1341;1341;1344;1344;1347;1347;1350;1350;1353;1353;1356;1356;1359;1359;1362;1362;1365;1365;1368;1368;1371;1371;1374;1374;1376;1376;1379;1379;1382;1382;1385;1385;1388;1388;1391;1391;125;125;123;123;120;120;117;117;114;114;111;111;108;108;105;105;102;102;99;99;96;96;93;93;90;90;87;87;84;84;82
1698246128056542.gadget2d_resized_512x512.png;class_0;1.0;polygon;x values;24;19;19;24;96;101;163;168;197;202;274;279;365;370;409;413;442;447;500;505;654;659;726;731;765;770;822;827;933;938;1015;1020;1053;1058;1121;1126;1323;1328;1357;1361;1477;1482;1525;1530;1559;1564;1761;1766;2218;2223;2444;2449;2459;2459;2430;2425;2420;2415;2382;2377;2146;2141;2107;2103;2088;2083;2040;2035;1809;1804;1761;1756;1742;1737;1708;1703;1472;1467;1280;1275;1212;1207;1102;1097
1698246128056542.gadget2d_resized_512x512.png;class_0;1.0;polygon;y values;93;96;1330;1333;1333;1335;1335;1338;1338;1341;1341;1344;1344;1347;1347;1350;1350;1353;1353;1356;1356;1359;1359;1362;1362;1365;1365;1368;1368;1371;1371;1374;1374;1376;1376;1379;1379;1382;1382;1379;1379;1382;1382;1385;1385;1388;1388;1391;1391;1394;1394;1397;1397;137;137;134;134;131;131;128;128;125;125;123;123;120;120;117;117;114;114;111;111;108;108;105;105;102;102;99;99;96;96;93
1700073917670227.gadget2d_resized_512x512.png;class_0;1.0;polygon;x values;24;19;19;28;86;91;134;139;274;279;341;346;370;375;418;423;620;625;683;688;712;717;745;750;808;813;904;909;957;962;1025;1029;1150;1155;1203;1207;1246;1251;1309;1313;1597;1602;2122;2127;2194;2199;2459;2459;2252;2247;2213;2208;2199;2194;2170;2165;1977;1973;1929;1925;1900;1896;1838;1833;1645;1641;1568;1564;1530;1525;1482;1477;1102;1097;952;948;813;808;726;721
1700073917670227.gadget2d_resized_512x512.png;class_0;1.0;polygon;y values;93;96;1333;1338;1338;1341;1341;1344;1344;1347;1347;1350;1350;1353;1353;1356;1356;1359;1359;1362;1362;1365;1365;1368;1368;1371;1371;1374;1374;1376;1376;1379;1379;1382;1382;1385;1385;1388;1388;1391;1391;1394;1394;1397;1397;1400;1400;140;140;137;137;134;134;131;131;128;128;125;125;123;123;120;120;117;117;114;114;111;111;108;108;105;105;102;102;99;99;96;96;93
1698694579649727.gadget2d_resized_512x512.png;class_0;1.0;polygon;x values;24;19;19;24;24;62;67;91;96;139;144;293;298;346;351;370;375;423;428;543;548;596;601;630;635;673;678;798;803;904;909;972;976;1058;1063;1174;1179;1251;1256;1294;1299;1381;1386;1867;1872;2160;2165;2261;2266;2459;2459;2425;2420;2160;2156;2131;2127;2112;2107;2074;2069;1828;1823;1785;1780;1756;1751;1713;1708;1482;1477;1419;1414;1390;1386;1323;1318
1698694579649727.gadget2d_resized_512x512.png;class_0;1.0;polygon;y values;82;84;1318;1321;1324;1324;1327;1327;1330;1330;1333;1333;1335;1335;1338;1338;1341;1341;1344;1344;1347;1347;1350;1350;1353;1353;1356;1356;1359;1359;1362;1362;1365;1365;1368;1368;1371;1371;1374;1374;1376;1376;1379;1379;1382;1382;1385;1385;1388;1388;120;120;117;117;114;114;111;111;108;108;105;105;102;102;99;99;96;96;93;93;90;90;87;87;84;84;82
1697783222903660.gadget2d_resized_512x512.png;class_0;1.0;polygon;x values;1554;1549;1506;1496;1496;1487;1482;1477;1472;1467;1438;1434;1376;1371;1294;1289;1198;1193;1097;1092;803;798;741;736;717;712;693;688;457;452;211;206;115;110;96;81;72;43;33;28;28;24;24;28;28;33;33;38;38;43;43;48;48;62;72;72;77;77;81;81;77;72;67;57;52;48;33;33;28;28;24;24;28;28;38;81;86;91;101;101;96;96;91;77;72;62;57;24;24;19;19;24;24;19;19;28;163;168;235;240;279;283;360;365;442;447;519;524;558;563;601;606;774;779;832;837;890;895;976;981;1063;1068;1130;1135;1159;1164;1232;1236;1337;1342;1482;1487;1597;1602;1626;1631;1785;1790;2030;2035;2146;2151;2261;2266;2459;2459;2425;2420;2377;2372;2334;2329;2194;2189;2093;2088;2059;2054;1992;1987;1655;1650;1597;1592;1568;1564;1564;1568;1573;1578;1583;1588;1602;1607;1621;1626;1641;1645;1665;1674;1674;1679;1641;1636
1697783222903660.gadget2d_resized_512x512.png;class_0;1.0;polygon;y values;73;76;76;82;84;90;90;93;93;96;96;99;99;102;102;99;99;96;96;93;93;90;90;87;87;84;84;82;82;84;84;87;87;84;84;76;82;82;87;87;93;96;120;123;143;146;149;152;155;158;175;178;184;184;190;196;199;208;210;213;216;216;219;219;216;216;225;228;231;234;237;380;383;386;392;392;395;395;401;407;410;413;416;416;418;418;416;416;421;424;621;624;629;632;1327;1333;1333;1335;1335;1338;1338;1341;1341;1344;1344;1347;1347;1350;1350;1353;1353;1356;1356;1359;1359;1362;1362;1365;1365;1368;1368;1371;1371;1374;1374;1376;1376;1379;1379;1382;1382;1385;1385;1388;1388;1385;1385;1388;1388;1391;1391;1388;1388;1391;1391;137;137;134;134;131;131;128;128;125;125;123;123;120;120;117;117;114;114;111;111;108;105;102;102;99;99;96;96;93;93;90;90;87;87;82;79;76;76;73
1699989044325207.gadget2d_resized_512x512.png;class_0;1.0;polygon;x values;2170;2165;1997;1992;1857;1852;1612;1607;1049;1044;1025;1020;1015;1010;890;885;842;837;784;779;741;736;726;717;707;702;572;567;490;486;462;457;409;404;187;182;139;134;115;110;67;62;0;0;19;24;351;356;452;457;558;563;620;625;664;668;750;755;1323;1328;1434;1438;1511;1515;1607;1612;1771;1775;1828;1833;1867;1872;1944;1949;2045;2050;2141;2146;2180;2184;2247;2252;2396;2401;2459;2459;2444;2439
1699989044325207.gadget2d_resized_512x512.png;class_0;1.0;polygon;y values;281;284;284;287;287;290;290;292;292;290;290;287;287;284;284;287;287;290;290;292;292;295;295;301;301;304;304;307;307;310;310;313;313;316;316;319;319;322;322;325;325;328;328;1394;1394;1391;1391;1394;1394;1397;1397;1400;1400;1397;1397;1394;1394;1391;1391;1388;1388;1385;1385;1382;1382;1379;1379;1376;1376;1374;1374;1371;1371;1368;1368;1365;1365;1362;1362;1359;1359;1356;1356;1353;1353;284;284;281
1699855167036229.gadget2d_resized_512x512.png;class_0;1.0;polygon;x values;24;19;19;24;24;28;86;91;101;105;129;134;298;303;370;375;399;404;437;442;625;630;683;688;717;721;760;765;976;981;1049;1053;1082;1087;1145;1150;1328;1333;1419;1424;1472;1477;1559;1564;2310;2314;2382;2387;2415;2420;2459;2459;2454;2449;2213;2208;2180;2175;2165;2160;2136;2131;1905;1900;1862;1857;1838;1833;1799;1795;1698;1694;1602;1597;1559;1554;1487;1482
1699855167036229.gadget2d_resized_512x512.png;class_0;1.0;polygon;y values;58;61;1321;1324;1327;1330;1330;1327;1327;1324;1324;1321;1321;1324;1324;1327;1327;1330;1330;1333;1333;1335;1335;1338;1338;1341;1341;1344;1344;1347;1347;1350;1350;1353;1353;1356;1356;1359;1359;1362;1362;1365;1365;1368;1368;1371;1371;1374;1374;1376;1376;96;96;93;93;90;90;87;87;84;84;82;82;79;79;76;76;73;73;70;70;67;67;64;64;61;61;58
1698163552309620.gadget2d_resized_512x512.png;class_0;1.0;polygon;x values;24;19;19;24;110;115;173;178;202;206;250;255;428;433;476;481;500;505;548;553;678;683;726;731;750;755;789;794;1053;1058;1121;1126;1155;1159;1227;1232;1434;1438;1544;1549;1602;1607;1703;1708;2459;2459;2372;2367;2334;2329;2319;2314;2285;2281;2059;2054;2021;2016;1997;1992;1953;1949;1742;1737;1698;1694;1669;1665;1607;1602;1289;1284;1232;1227;1198;1193;1082;1078
1698163552309620.gadget2d_resized_512x512.png;class_0;1.0;polygon;y values;82;84;1318;1321;1321;1324;1324;1327;1327;1330;1330;1333;1333;1335;1335;1338;1338;1341;1341;1344;1344;1347;1347;1350;1350;1353;1353;1356;1356;1359;1359;1362;1362;1365;1365;1368;1368;1371;1371;1374;1374;1376;1376;1379;1379;128;128;125;125;123;123;120;120;117;117;114;114;111;111;108;108;105;105;102;102;99;99;96;96;93;93;90;90;87;87;84;84;82
1699045609780941.gadget2d_resized_512x512.png;class_0;1.0;polygon;x values;24;19;19;24;24;168;173;211;216;274;279;332;336;370;375;399;404;529;534;563;567;654;659;678;683;707;712;736;741;760;765;784;789;904;909;1005;1010;1111;1116;1361;1366;1419;1424;1650;1655;1823;1828;1997;2002;2281;2285;2459;2459;2266;2261;2233;2228;2213;2208;2184;2180;1925;1920;1876;1872;1857;1852;1814;1809;1597;1592;1535;1530;1511;1506;1448;1443
1699045609780941.gadget2d_resized_512x512.png;class_0;1.0;polygon;y values;82;84;1330;1333;1335;1335;1338;1338;1341;1341;1344;1344;1347;1347;1350;1350;1353;1353;1350;1350;1347;1347;1350;1350;1353;1353;1356;1356;1359;1359;1362;1362;1365;1365;1368;1368;1371;1371;1374;1374;1376;1376;1379;1379;1382;1382;1385;1385;1388;1388;1391;1391;117;117;114;114;111;111;108;108;105;105;102;102;99;99;96;96;93;93;90;90;87;87;84;84;82
1700342002916896.gadget2d_resized_512x512.png;class_0;1.0;polygon;x values;1669;1665;1578;1573;1530;1525;1453;1448;1078;1073;1020;1015;986;981;928;924;630;625;582;577;553;548;505;500;312;308;264;259;240;235;187;182;0;0;9;14;519;524;616;620;673;678;789;794;928;933;1150;1155;1424;1429;1491;1496;1535;1540;1612;1617;1804;1809;1857;1862;1886;1891;1949;1953;2103;2107;2156;2160;2175;2180;2223;2228;2420;2425;2459;2459
1700342002916896.gadget2d_resized_512x512.png;class_0;1.0;polygon;y values;175;178;178;181;181;184;184;187;187;190;190;193;193;196;196;199;199;202;202;205;205;208;208;210;210;213;213;216;216;219;219;222;222;1300;1300;1297;1297;1294;1294;1297;1297;1294;1294;1291;1291;1289;1289;1286;1286;1283;1283;1280;1280;1277;1277;1274;1274;1271;1271;1268;1268;1265;1265;1262;1262;1259;1259;1256;1256;1253;1253;1250;1250;1248;1248;175
1697947597681964.gadget2d_resized_512x512.png;class_0;1.0;polygon;x values;24;24;19;19;24;24;52;57;240;245;322;327;356;360;394;399;514;519;558;563;582;587;620;625;813;818;880;885;919;924;1010;1015;1116;1121;1164;1169;1217;1222;1275;1280;1342;1347;1511;1515;1669;1674;1804;1809;2059;2064;2141;2146;2266;2271;2459;2459;2435;2430;2194;2189;2146;2141;2131;2127;2098;2093;1790;1785;1708;1703;1669;1665;1612;1607;1265;1260;1222;1217;1198;1193;1155;1150;770;765;476;471;149;144
1697947597681964.gadget2d_resized_512x512.png;class_0;1.0;polygon;y values;73;79;82;1321;1324;1330;1330;1333;1333;1335;1335;1338;1338;1341;1341;1344;1344;1347;1347;1350;1350;1353;1353;1356;1356;1359;1359;1362;1362;1365;1365;1368;1368;1371;1371;1374;1374;1376;1376;1379;1379;1382;1382;1385;1385;1382;1382;1385;1385;1388;1388;1385;1385;1388;1388;120;120;117;117;114;114;111;111;108;108;105;105;102;102;99;99;96;96;93;93;90;90;87;87;84;84;82;82;79;79;76;76;73
1699835778527063.gadget2d_resized_512x512.png;class_0;1.0;polygon;x values;1641;1636;1515;1511;1463;1458;1366;1361;967;962;919;914;899;895;851;847;539;534;471;466;447;442;409;404;226;221;192;187;173;168;129;125;24;19;19;28;197;202;741;745;1212;1217;1313;1318;1361;1366;1482;1487;1645;1650;1679;1684;1698;1703;1722;1727;1785;1790;1872;1876;1910;1915;2050;2054;2098;2103;2175;2180;2310;2314;2334;2338;2358;2362;2415;2420;2439;2444;2459;2459
1699835778527063.gadget2d_resized_512x512.png;class_0;1.0;polygon;y values;234;237;237;240;240;243;243;246;246;249;249;251;251;254;254;257;257;260;260;263;263;266;266;269;269;272;272;275;275;278;278;281;281;284;1321;1327;1327;1324;1324;1321;1321;1318;1318;1315;1315;1312;1312;1309;1309;1306;1306;1303;1303;1300;1300;1297;1297;1294;1294;1291;1291;1294;1294;1291;1291;1289;1289;1286;1286;1283;1283;1280;1280;1277;1277;1274;1274;1277;1277;234
1700378996202236.gadget2d_resized_512x512.png;class_0;1.0;polygon;x values;2175;2170;1977;1973;1804;1799;1694;1689;1246;1241;1193;1188;1159;1155;1078;1073;794;789;721;717;688;683;524;519;389;385;360;356;336;332;308;303;38;33;0;0;9;14;19;24;91;96;933;938;1145;1150;1203;1207;1318;1323;1477;1482;1578;1583;1621;1626;1684;1689;1944;1949;1997;2002;2030;2035;2093;2098;2218;2223;2271;2276;2310;2314;2401;2406;2459;2459;2454;2449
1700378996202236.gadget2d_resized_512x512.png;class_0;1.0;polygon;y values;164;166;166;169;169;172;172;175;175;178;178;181;181;184;184;187;187;190;190;193;193;196;196;199;199;202;202;205;205;208;208;210;210;213;213;1294;1294;1291;1291;1289;1289;1286;1286;1283;1283;1280;1280;1277;1277;1274;1274;1271;1271;1268;1268;1265;1265;1262;1262;1259;1259;1256;1256;1253;1253;1250;1250;1248;1248;1245;1245;1242;1242;1239;1239;166;166;164
1700363696151824.gadget2d_resized_512x512.png;class_0;1.0;polygon;x values;1592;1588;1496;1491;1443;1438;1366;1361;1010;1005;948;943;909;904;851;847;577;572;534;529;519;514;476;471;245;240;197;192;173;168;125;120;0;0;19;24;630;635;702;707;794;798;1241;1246;1337;1342;1386;1390;1472;1477;1631;1636;1718;1722;1756;1761;1833;1838;2021;2026;2064;2069;2093;2098;2151;2156;2285;2290;2387;2391;2420;2425;2459;2459
1700363696151824.gadget2d_resized_512x512.png;class_0;1.0;polygon;y values;175;178;178;181;181;184;184;187;187;190;190;193;193;196;196;199;199;202;202;205;205;208;208;210;210;213;213;216;216;219;219;222;222;1297;1297;1294;1294;1291;1291;1289;1289;1286;1286;1283;1283;1280;1280;1277;1277;1274;1274;1271;1271;1268;1268;1265;1265;1262;1262;1259;1259;1256;1256;1253;1253;1250;1250;1248;1248;1245;1245;1242;1242;175
1698113522220612.gadget2d_resized_512x512.png;class_0;1.0;polygon;x values;24;19;19;24;24;28;115;120;240;245;283;288;317;322;385;389;606;611;673;678;702;707;736;741;875;880;952;957;996;1001;1087;1092;1260;1265;1333;1337;1371;1376;1540;1544;2088;2093;2459;2459;2257;2252;2223;2218;2208;2204;2180;2175;1934;1929;1881;1876;1857;1852;1804;1799;1588;1583;1525;1520;1501;1496;1472;1467;1029;1025;943;938;798;794;697;693;630;625;548;543
1698113522220612.gadget2d_resized_512x512.png;class_0;1.0;polygon;y values;70;73;1309;1312;1315;1318;1318;1321;1321;1324;1324;1327;1327;1330;1330;1333;1333;1335;1335;1338;1338;1341;1341;1344;1344;1347;1347;1350;1350;1353;1353;1356;1356;1359;1359;1362;1362;1365;1365;1368;1368;1371;1371;117;117;114;114;111;111;108;108;105;105;102;102;99;99;96;96;93;93;90;90;87;87;84;84;82;82;79;79;76;76;79;79;76;76;73;73;70
1700072900644977.gadget2d_resized_512x512.png;class_0;1.0;polygon;x values;24;19;19;24;24;96;101;139;144;202;206;308;312;360;365;385;389;442;447;635;640;693;697;712;717;745;750;822;827;943;948;981;986;1034;1039;1169;1174;1227;1232;1260;1265;1318;1323;1549;1554;2054;2059;2151;2156;2334;2338;2459;2459;2233;2228;2194;2189;2175;2170;2146;2141;1929;1925;1886;1881;1862;1857;1809;1804;1650;1645;1588;1583;1554;1549;1515;1511;1217;1212;1049;1044;1005;1001;875;871
1700072900644977.gadget2d_resized_512x512.png;class_0;1.0;polygon;y values;93;96;1330;1333;1335;1335;1338;1338;1341;1341;1344;1344;1347;1347;1350;1350;1353;1353;1356;1356;1359;1359;1362;1362;1365;1365;1368;1368;1371;1371;1374;1374;1376;1376;1379;1379;1382;1382;1385;1385;1388;1388;1391;1391;1394;1394;1397;1397;1400;1400;1403;1403;140;140;137;137;134;134;131;131;128;128;125;125;123;123;120;120;117;117;114;114;111;111;108;108;105;105;102;102;99;99;96;96;93
1700289085739766.gadget2d_resized_512x512.png;class_0;1.0;polygon;x values;1992;1987;1795;1790;1636;1631;1525;1520;1164;1159;1102;1097;1063;1058;1010;1005;741;736;659;654;620;616;519;514;370;365;327;322;308;303;274;269;9;4;0;0;4;9;577;582;717;721;789;794;1025;1029;1395;1400;1453;1458;1487;1491;1564;1568;1766;1771;1828;1833;1867;1872;1944;1949;2122;2127;2165;2170;2184;2189;2233;2237;2411;2415;2459;2459;2449;2444;2208;2204;1997
1700289085739766.gadget2d_resized_512x512.png;class_0;1.0;polygon;y values;164;166;166;169;169;172;172;175;175;178;178;181;181;184;184;187;187;190;190;193;193;196;196;199;199;202;202;205;205;208;208;210;210;213;213;1300;1300;1297;1297;1294;1294;1291;1291;1289;1289;1286;1286;1283;1283;1280;1280;1277;1277;1274;1274;1271;1271;1268;1268;1265;1265;1262;1262;1259;1259;1256;1256;1253;1253;1250;1250;1248;1248;166;166;164;164;166;166
1699809257094719.gadget2d_resized_512x512.png;class_0;1.0;polygon;x values;24;19;19;24;72;77;139;144;163;168;206;211;332;336;370;375;394;399;442;447;563;567;616;620;635;640;678;683;919;924;981;986;1015;1020;1078;1082;1251;1256;1328;1333;1414;1419;1511;1515;2439;2444;2459;2459;2454;2449;2266;2261;2218;2213;2199;2194;2141;2136;1896;1891;1852;1848;1828;1823;1785;1780;1660;1655;1559;1554;1506;1501;1429;1424;1044;1039;976;972;938;933;813;808
1699809257094719.gadget2d_resized_512x512.png;class_0;1.0;polygon;y values;82;84;1330;1333;1333;1335;1335;1338;1338;1341;1341;1344;1344;1347;1347;1350;1350;1353;1353;1356;1356;1359;1359;1362;1362;1365;1365;1368;1368;1371;1371;1374;1374;1376;1376;1379;1379;1382;1382;1385;1385;1388;1388;1391;1391;1394;1394;131;131;128;128;125;125;123;123;120;120;117;117;114;114;111;111;108;108;105;105;102;102;99;99;96;96;93;93;90;90;87;87;84;84;82
1698121232382459.gadget2d_resized_512x512.png;class_0;1.0;polygon;x values;24;19;19;24;129;134;178;182;206;211;250;255;413;418;466;471;481;486;519;524;659;664;717;721;745;750;808;813;1063;1068;1116;1121;1145;1150;1198;1203;1419;1424;1540;1544;1588;1592;1718;1722;2459;2459;2454;2449;2439;2435;2420;2415;2180;2175;2136;2131;2103;2098;2059;2054;1838;1833;1809;1804;1790;1785;1756;1751;1511;1506;1395;1390;1313;1309;1212;1207
1698121232382459.gadget2d_resized_512x512.png;class_0;1.0;polygon;y values;70;73;1306;1309;1309;1312;1312;1315;1315;1318;1318;1321;1321;1324;1324;1327;1327;1330;1330;1333;1333;1335;1335;1338;1338;1341;1341;1344;1344;1347;1347;1350;1350;1353;1353;1356;1356;1359;1359;1362;1362;1365;1365;1368;1368;114;114;111;111;108;108;105;105;102;102;99;99;96;96;93;93;90;90;87;87;84;84;82;82;79;79;76;76;73;73;70
1698272445587903.gadget2d_resized_512x512.png;class_0;1.0;polygon;x values;24;19;19;24;38;43;125;129;154;158;206;211;356;360;413;418;442;447;490;495;611;616;664;668;693;697;741;745;866;871;1005;1010;1082;1087;1150;1155;1294;1299;1410;1414;1458;1463;1515;1520;2338;2343;2459;2459;2290;2285;2252;2247;2233;2228;2204;2199;1968;1963;1915;1910;1891;1886;1843;1838;1607;1602;1559;1554;1540;1535;1506;1501;1159;1155;861;856;798;794;668;664
1698272445587903.gadget2d_resized_512x512.png;class_0;1.0;polygon;y values;93;96;1318;1321;1321;1324;1324;1327;1327;1330;1330;1333;1333;1335;1335;1338;1338;1341;1341;1344;1344;1347;1347;1350;1350;1353;1353;1356;1356;1359;1359;1362;1362;1365;1365;1368;1368;1371;1371;1374;1374;1376;1376;1379;1379;1382;1382;140;140;137;137;134;134;131;131;128;128;125;125;123;123;120;120;117;117;114;114;111;111;108;108;105;105;102;102;99;99;96;96;93
1697952887796243.gadget2d_resized_512x512.png;class_0;1.0;polygon;x values;28;19;19;24;24;149;154;206;211;245;250;293;298;399;404;457;462;481;486;519;524;702;707;779;784;808;813;861;866;981;986;1058;1063;1097;1102;1145;1150;1241;1246;1309;1313;1357;1361;1429;1434;2156;2160;2435;2439;2459;2459;2396;2391;2184;2180;2131;2127;2107;2103;2074;2069;1838;1833;1785;1780;1746;1742;1703;1698;1621;1617;1386;1381;1328;1323;1284;1280;890;885;779;774;745;741;668;664
1697952887796243.gadget2d_resized_512x512.png;class_0;1.0;polygon;y values;70;76;1327;1330;1333;1333;1335;1335;1338;1338;1341;1341;1344;1344;1347;1347;1350;1350;1353;1353;1356;1356;1359;1359;1362;1362;1365;1365;1368;1368;1371;1371;1374;1374;1376;1376;1379;1379;1382;1382;1385;1385;1388;1388;1391;1391;1394;1394;1397;1397;120;120;117;117;114;114;111;111;108;108;105;105;102;102;99;99;96;96;93;93;90;90;87;87;84;84;82;82;79;79;76;76;73;73;70
1698099038909433.gadget2d_resized_512x512.png;class_0;1.0;polygon;x values;24;19;19;28;81;86;96;101;125;129;336;341;399;404;413;418;447;452;693;697;765;770;794;798;938;943;1121;1126;1169;1174;1207;1212;1284;1289;1775;1780;1785;1977;1982;2112;2117;2213;2218;2459;2459;2454;2449;2180;2175;2151;2146;2136;2131;2107;2103;1828;1823;1785;1780;1746;1742;1679;1674;1410;1405;1150;1145;1097;1092;957;952
1698099038909433.gadget2d_resized_512x512.png;class_0;1.0;polygon;y values;58;61;1306;1312;1312;1315;1315;1318;1318;1321;1321;1324;1324;1327;1327;1330;1330;1333;1333;1335;1335;1338;1338;1341;1341;1344;1344;1347;1347;1350;1350;1353;1353;1356;1356;1359;1356;1356;1359;1359;1356;1356;1359;1359;96;96;93;93;90;90;87;87;84;84;82;82;79;79;76;76;73;73;70;70;67;67;64;64;61;61;58
1698673157176215.gadget2d_resized_512x512.png;class_0;1.0;polygon;x values;24;19;19;24;24;28;33;235;240;303;308;332;336;399;404;505;510;659;664;688;693;731;736;976;981;1044;1049;1078;1082;1135;1140;1289;1294;1361;1366;1400;1405;1477;1482;1737;1742;1963;1968;2021;2026;2170;2175;2459;2459;2425;2420;2401;2396;2362;2358;2180;2175;2160;2156;2151;2146;2131;2127;1977;1973;1929;1925;1905;1900;1852;1848;1679;1674;1641;1636;1626;1621;1597;1592
1698673157176215.gadget2d_resized_512x512.png;class_0;1.0;polygon;y values;58;61;1277;1280;1283;1283;1286;1286;1289;1289;1291;1291;1294;1294;1297;1297;1300;1300;1303;1303;1306;1306;1309;1309;1312;1312;1315;1315;1318;1318;1321;1321;1324;1324;1327;1327;1330;1330;1333;1333;1335;1335;1338;1338;1341;1341;1344;1344;102;102;99;99;96;96;93;93;90;90;87;87;84;84;82;82;79;79;76;76;73;73;70;70;67;67;64;64;61;61;58
1699967876080457.gadget2d_resized_512x512.png;class_0;1.0;polygon;x values;856;851;741;736;731;726;721;717;717;712;712;702;693;688;635;630;558;553;524;519;462;457;231;226;182;178;163;158;105;101;24;19;19;24;24;28;33;38;173;178;356;360;524;529;640;644;697;702;1015;1020;1241;1246;1304;1309;1357;1361;1535;1540;1669;1674;1761;1766;1814;1819;1900;1905;2002;2006;2054;2059;2107;2112;2213;2218;2353;2358;2406;2411;2459;2459;2069;2064;2016;2011;1905;1900;1766;1761;1718;1713;1631;1626;1102;1097;1082;1078;1073;1068;1068;1063;1058;1053;1039;1034
1699967876080457.gadget2d_resized_512x512.png;class_0;1.0;polygon;y values;284;287;287;290;290;292;292;295;298;301;307;313;313;316;316;319;319;322;322;325;325;328;328;331;331;333;333;336;336;339;339;342;1403;1406;1409;1412;1412;1409;1409;1406;1406;1409;1409;1406;1406;1409;1409;1406;1406;1403;1403;1400;1400;1397;1397;1394;1394;1391;1391;1388;1388;1385;1385;1382;1382;1379;1379;1376;1376;1374;1374;1371;1371;1368;1368;1365;1365;1362;1362;292;292;295;295;298;298;295;295;298;298;301;301;304;304;301;301;298;298;295;292;290;290;287;287;284
1698273656610890.gadget2d_resized_512x512.png;class_0;1.0;polygon;x values;24;19;19;24;38;43;110;115;158;163;235;240;365;370;409;413;433;437;476;481;654;659;721;726;745;750;789;794;991;996;1053;1058;1082;1087;1130;1135;1280;1284;1405;1410;1467;1472;1549;1554;2353;2358;2459;2459;2444;2439;2415;2411;2184;2180;2136;2131;2112;2107;2079;2074;1852;1848;1809;1804;1780;1775;1742;1737;1506;1501;1376;1371;1328;1323;1265;1260
1698273656610890.gadget2d_resized_512x512.png;class_0;1.0;polygon;y values;93;96;1330;1333;1333;1335;1335;1338;1338;1341;1341;1344;1344;1347;1347;1350;1350;1353;1353;1356;1356;1359;1359;1362;1362;1365;1365;1368;1368;1371;1371;1374;1374;1376;1376;1379;1379;1382;1382;1385;1385;1388;1388;1391;1391;1394;1394;134;134;131;131;128;128;125;125;123;123;120;120;117;117;114;114;111;111;108;108;105;105;102;102;99;99;96;96;93
1698299417163587.gadget2d_resized_512x512.png;class_0;1.0;polygon;x values;24;19;19;24;24;86;91;240;245;288;293;312;317;365;370;514;519;548;553;572;577;616;620;765;770;856;861;904;909;991;996;1169;1174;1246;1251;1299;1304;1419;1424;2367;2372;2411;2415;2459;2459;2271;2266;2233;2228;2213;2208;2180;2175;1905;1900;1857;1852;1823;1819;1766;1761;1559;1554;1482;1477;1434;1429;1337;1333
1698299417163587.gadget2d_resized_512x512.png;class_0;1.0;polygon;y values;105;108;1333;1335;1341;1341;1344;1344;1347;1347;1350;1350;1353;1353;1356;1356;1359;1359;1362;1362;1365;1365;1368;1368;1371;1371;1374;1374;1376;1376;1379;1379;1382;1382;1385;1385;1388;1388;1391;1391;1394;1394;1391;1391;140;140;137;137;134;134;131;131;128;128;125;125;123;123;120;120;117;117;114;114;111;111;108;108;105
1699819304301649.gadget2d_resized_512x512.png;class_0;1.0;polygon;x values;24;19;19;24;38;43;105;110;129;134;173;178;351;356;404;409;433;437;481;486;591;596;635;640;659;664;693;697;976;981;1049;1053;1092;1097;1140;1145;1304;1309;1540;1544;1588;1592;1669;1674;2459;2459;2290;2285;2252;2247;2223;2218;2184;2180;1958;1953;1920;1915;1905;1900;1872;1867;1689;1684;1636;1631;1592;1588;1472;1467
1699819304301649.gadget2d_resized_512x512.png;class_0;1.0;polygon;y values;93;96;1318;1321;1321;1324;1324;1327;1327;1330;1330;1333;1333;1335;1335;1338;1338;1341;1341;1344;1344;1347;1347;1350;1350;1353;1353;1356;1356;1359;1359;1362;1362;1365;1365;1368;1368;1371;1371;1374;1374;1376;1376;1379;1379;128;128;125;125;123;123;120;120;117;117;114;114;111;111;108;108;105;105;102;102;99;99;96;96;93
1698176210574695.gadget2d_resized_512x512.png;class_0;1.0;polygon;x values;24;19;19;28;173;178;226;231;250;255;303;308;437;442;476;481;505;510;539;543;659;664;717;721;765;770;895;899;1063;1068;1121;1126;1145;1150;1193;1198;1511;1515;1612;1617;1665;1669;1944;1949;2459;2459;2425;2420;2411;2406;2372;2367;2131;2127;2093;2088;2064;2059;2016;2011;1795;1790;1756;1751;1746;1742;1713;1708;1487;1482;1294;1289;1236;1232;1174;1169
1698176210574695.gadget2d_resized_512x512.png;class_0;1.0;polygon;y values;93;96;1327;1333;1333;1335;1335;1338;1338;1341;1341;1344;1344;1347;1347;1350;1350;1353;1353;1356;1356;1359;1359;1362;1362;1365;1365;1368;1368;1371;1371;1374;1374;1376;1376;1379;1379;1382;1382;1385;1385;1388;1388;1391;1391;137;137;134;134;131;131;128;128;125;125;123;123;120;120;117;117;114;114;111;111;108;108;105;105;102;102;99;99;96;96;93
1698175536558589.gadget2d_resized_512x512.png;class_0;1.0;polygon;x values;24;19;19;24;48;52;125;129;149;154;211;216;351;356;399;404;423;428;466;471;587;591;640;644;664;668;702;707;957;962;1020;1025;1049;1053;1102;1106;1294;1299;1361;1366;1414;1419;1501;1506;2141;2146;2435;2439;2459;2459;2343;2338;2314;2310;2295;2290;2266;2261;2026;2021;1987;1982;1963;1958;1915;1910;1718;1713;1674;1669;1655;1650;1612;1607;1333;1328;1222;1217;1169;1164;1053;1049
1698175536558589.gadget2d_resized_512x512.png;class_0;1.0;polygon;y values;93;96;1330;1333;1333;1335;1335;1338;1338;1341;1341;1344;1344;1347;1347;1350;1350;1353;1353;1356;1356;1359;1359;1362;1362;1365;1365;1368;1368;1371;1371;1374;1374;1376;1376;1379;1379;1382;1382;1385;1385;1388;1388;1391;1391;1394;1394;1397;1397;140;140;137;137;134;134;131;131;128;128;125;125;123;123;120;120;117;117;114;114;111;111;108;108;105;105;102;102;99;99;96;96;93
1698206824201532.gadget2d_resized_512x512.png;class_0;1.0;polygon;x values;24;19;19;24;24;33;38;72;77;125;129;279;283;336;341;365;370;413;418;524;529;563;567;591;596;640;644;789;794;866;871;909;914;981;986;1135;1140;1232;1236;1280;1284;1337;1342;1665;1669;1934;1939;2006;2011;2257;2261;2459;2459;2449;2444;2435;2430;2411;2406;2175;2170;2136;2131;2112;2107;2074;2069;1867;1862;1823;1819;1795;1790;1746;1742;1554;1549;1443;1438;1400;1395;1328;1323
1698206824201532.gadget2d_resized_512x512.png;class_0;1.0;polygon;y values;93;96;1318;1321;1324;1324;1327;1327;1330;1330;1333;1333;1335;1335;1338;1338;1341;1341;1344;1344;1347;1347;1350;1350;1353;1353;1356;1356;1359;1359;1362;1362;1365;1365;1368;1368;1371;1371;1374;1374;1376;1376;1379;1379;1382;1382;1385;1385;1388;1388;1391;1391;137;137;134;134;131;131;128;128;125;125;123;123;120;120;117;117;114;114;111;111;108;108;105;105;102;102;99;99;96;96;93
1698291820000884.gadget2d_resized_512x512.png;class_0;1.0;polygon;x values;24;19;19;24;24;33;38;81;86;129;134;293;298;356;360;389;394;457;462;611;616;659;664;678;683;721;726;943;948;1029;1034;1073;1078;1126;1130;1318;1323;1381;1386;1434;1438;1559;1564;2252;2257;2459;2459;2430;2425;2387;2382;2367;2362;2334;2329;2107;2103;2064;2059;2035;2030;1963;1958;1751;1746;1713;1708;1694;1689;1665;1660;1337;1333;1169;1164;1068;1063;981;976
1698291820000884.gadget2d_resized_512x512.png;class_0;1.0;polygon;y values;93;96;1318;1321;1324;1324;1327;1327;1330;1330;1333;1333;1335;1335;1338;1338;1341;1341;1344;1344;1347;1347;1350;1350;1353;1353;1356;1356;1359;1359;1362;1362;1365;1365;1368;1368;1371;1371;1374;1374;1376;1376;1379;1379;1382;1382;140;140;137;137;134;134;131;131;128;128;125;125;123;123;120;120;117;117;114;114;111;111;108;108;105;105;102;102;99;99;96;96;93
1700386317288696.gadget2d_resized_512x512.png;class_0;1.0;polygon;x values;1333;1328;1260;1256;1212;1207;1111;1106;803;798;755;750;731;726;673;668;413;409;380;375;341;336;298;293;43;38;0;0;9;14;19;24;303;308;481;486;736;741;1212;1217;1333;1337;1390;1395;1467;1472;1703;1708;1771;1775;1804;1809;1881;1886;2054;2059;2103;2107;2131;2136;2189;2194;2401;2406;2459;2459
1700386317288696.gadget2d_resized_512x512.png;class_0;1.0;polygon;y values;164;166;166;169;169;172;172;175;175;178;178;181;181;184;184;187;187;190;190;193;193;196;196;199;199;202;202;1283;1283;1280;1280;1277;1277;1280;1280;1277;1277;1274;1274;1271;1271;1268;1268;1265;1265;1262;1262;1259;1259;1256;1256;1253;1253;1250;1250;1248;1248;1245;1245;1242;1242;1239;1239;1236;1236;164
1700072420634995.gadget2d_resized_512x512.png;class_0;1.0;polygon;x values;28;19;19;24;24;62;67;129;134;279;283;346;351;375;380;418;423;577;582;644;649;673;678;721;726;851;856;952;957;991;996;1049;1053;1169;1174;1232;1236;1260;1265;1309;1313;1559;1564;2242;2247;2314;2319;2459;2459;2444;2439;2237;2233;2184;2180;2170;2165;2127;2122;1886;1881;1848;1843;1823;1819;1751;1746;1607;1602;1424;1419;1361;1357;1289;1284;842;837;770;765;736;731;563;558
1700072420634995.gadget2d_resized_512x512.png;class_0;1.0;polygon;y values;82;87;1333;1335;1338;1338;1341;1341;1344;1344;1347;1347;1350;1350;1353;1353;1356;1356;1359;1359;1362;1362;1365;1365;1368;1368;1371;1371;1374;1374;1376;1376;1379;1379;1382;1382;1385;1385;1388;1388;1391;1391;1394;1394;1397;1397;1400;1400;131;131;128;128;125;125;123;123;120;120;117;117;114;114;111;111;108;108;105;105;102;102;99;99;96;96;93;93;90;90;87;87;84;84;82
1698272418587553.gadget2d_resized_512x512.png;class_0;1.0;polygon;x values;24;19;19;24;24;28;86;91;139;144;288;293;341;346;365;370;409;413;582;587;659;664;688;693;745;750;866;871;943;948;981;986;1068;1073;1217;1222;1304;1309;1342;1347;1414;1419;2093;2098;2391;2396;2459;2459;2444;2439;2223;2218;2189;2184;2175;2170;2131;2127;1891;1886;1848;1843;1823;1819;1775;1771;1612;1607;1506;1501;1448;1443;1342;1337
1698272418587553.gadget2d_resized_512x512.png;class_0;1.0;polygon;y values;93;96;1306;1309;1312;1315;1315;1318;1318;1321;1321;1324;1324;1327;1327;1330;1330;1333;1333;1335;1335;1338;1338;1341;1341;1344;1344;1347;1347;1350;1350;1353;1353;1356;1356;1359;1359;1362;1362;1365;1365;1368;1368;1371;1371;1374;1374;131;131;128;128;125;125;123;123;120;120;117;117;114;114;111;111;108;108;105;105;102;102;99;99;96;96;93
1700302556497447.gadget2d_resized_512x512.png;class_0;1.0;polygon;x values;1419;1414;1333;1328;1284;1280;1183;1179;871;866;808;803;779;774;741;736;442;437;409;404;399;394;365;360;163;158;115;110;91;86;19;14;0;0;9;14;745;750;943;948;1092;1097;1207;1212;1482;1487;1554;1559;1592;1597;1669;1674;1862;1867;1920;1925;1949;1953;2006;2011;2156;2160;2199;2204;2218;2223;2276;2281;2459;2459
1700302556497447.gadget2d_resized_512x512.png;class_0;1.0;polygon;y values;187;190;190;193;193;196;196;199;199;202;202;205;205;208;208;210;210;213;213;216;216;219;219;222;222;225;225;228;228;231;231;234;234;1300;1300;1297;1297;1294;1294;1291;1291;1289;1289;1286;1286;1283;1283;1280;1280;1277;1277;1274;1274;1271;1271;1268;1268;1265;1265;1262;1262;1259;1259;1256;1256;1253;1253;1250;1250;187
1698122771417164.gadget2d_resized_512x512.png;class_0;1.0;polygon;x values;28;24;24;19;19;24;24;91;96;125;129;182;187;360;365;423;428;457;462;510;514;587;591;635;640;664;668;673;683;683;688;688;683;683;678;678;673;673;688;688;697;707;712;726;731;741;755;755;765;770;774;784;789;798;803;813;818;851;856;890;895;899;904;904;924;928;938;943;948;1063;1068;1087;1102;1102;1111;1111;1126;1126;1130;1130;1135;1135;1140;1140;1145;1150;1155;1159;1164;1232;1236;1246;1251;1256;1265;1270;1275;1280;1284;1289;1294;1299;1304;1318;1323;1463;1467;1520;1525;1669;1674;2459;2459;2439;2435;2184;2180;2136;2131;2098;2093;2026;2021;1732;1727;1679;1674;1660;1655;1602;1597;760;755;567;563;283;279;134;129;86;81
1698122771417164.gadget2d_resized_512x512.png;class_0;1.0;polygon;y values;73;76;79;82;1318;1321;1324;1324;1327;1327;1330;1330;1333;1333;1335;1335;1338;1338;1341;1341;1344;1344;1347;1347;1350;1350;1347;1347;1341;1330;1327;1315;1312;1303;1300;1294;1291;1283;1274;1271;1265;1265;1262;1262;1259;1259;1250;1248;1242;1242;1239;1239;1236;1236;1233;1233;1230;1230;1233;1233;1236;1236;1239;1242;1253;1253;1259;1259;1262;1262;1265;1265;1274;1277;1283;1286;1294;1297;1300;1365;1368;1379;1382;1388;1391;1391;1394;1394;1397;1397;1394;1394;1391;1391;1385;1385;1382;1382;1379;1379;1376;1376;1374;1374;1371;1371;1374;1374;1371;1371;1368;1368;108;108;105;105;102;102;99;99;96;96;93;93;90;90;87;87;84;84;82;82;79;79;82;82;79;79;76;76;73
1698053704933290.gadget2d_resized_512x512.png;class_0;1.0;polygon;x values;24;19;19;24;24;62;67;255;259;327;332;370;375;433;437;534;539;591;596;625;630;673;678;952;957;1049;1053;1092;1097;1155;1159;1318;1323;1395;1400;1434;1438;1506;1511;1592;1597;1679;1684;2444;2449;2459;2459;2382;2377;2358;2353;2343;2338;2319;2314;2069;2064;2016;2011;1982;1977;1939;1934;1746;1742;1708;1703;1689;1684;1655;1650
1698053704933290.gadget2d_resized_512x512.png;class_0;1.0;polygon;y values;58;61;1300;1303;1306;1306;1309;1309;1312;1312;1315;1315;1318;1318;1321;1321;1324;1324;1327;1327;1330;1330;1333;1333;1335;1335;1338;1338;1341;1341;1344;1344;1347;1347;1350;1350;1353;1353;1356;1356;1353;1353;1356;1356;1359;1359;93;93;90;90;87;87;84;84;82;82;79;79;76;76;73;73;70;70;67;67;64;64;61;61;58
1698239573908355.gadget2d_resized_512x512.png;class_0;1.0;polygon;x values;24;19;19;24;24;120;125;235;240;279;283;317;322;481;486;514;519;577;582;606;611;640;644;721;726;765;770;784;789;794;798;818;822;832;837;861;866;986;991;1087;1092;1116;1121;1159;1164;1251;1256;1289;1294;1424;1429;2064;2069;2213;2218;2362;2367;2459;2459;2261;2257;2213;2208;2184;2180;2141;2136;1915;1910;1876;1872;1862;1857;1814;1809;1540;1535;1458;1453;1410;1405;1333;1328
1698239573908355.gadget2d_resized_512x512.png;class_0;1.0;polygon;y values;117;120;1335;1338;1341;1341;1344;1344;1347;1347;1350;1350;1353;1353;1350;1350;1347;1347;1350;1350;1353;1353;1356;1356;1359;1359;1362;1362;1365;1365;1368;1368;1371;1371;1374;1374;1376;1376;1374;1374;1376;1376;1379;1379;1382;1382;1385;1385;1388;1388;1391;1391;1394;1394;1397;1397;1400;1400;152;152;149;149;146;146;143;143;140;140;137;137;134;134;131;131;128;128;125;125;123;123;120;120;117
1699835748527698.gadget2d_resized_512x512.png;class_0;1.0;polygon;x values;1429;1424;1179;1174;1106;1102;1001;996;861;856;717;712;678;673;630;625;514;510;486;481;437;433;182;178;139;134;115;110;28;19;19;24;24;28;48;52;437;442;620;625;938;943;1039;1044;1198;1203;1352;1357;1429;1434;1482;1487;1583;1588;1703;1708;1751;1756;1799;1804;2050;2054;2131;2136;2194;2199;2252;2257;2324;2329;2459;2459;2334;2329;1482;1477
1699835748527698.gadget2d_resized_512x512.png;class_0;1.0;polygon;y values;184;187;187;190;190;193;193;196;196;199;199;202;202;205;205;202;202;205;205;208;208;210;210;213;213;216;216;219;219;225;1294;1297;1300;1303;1303;1300;1300;1297;1297;1300;1300;1297;1297;1300;1300;1297;1297;1294;1294;1291;1291;1289;1289;1286;1286;1283;1283;1280;1280;1277;1277;1274;1274;1271;1271;1268;1268;1265;1265;1262;1262;184;184;187;187;184
1698280284750189.gadget2d_resized_512x512.png;class_0;1.0;polygon;x values;24;19;19;24;168;173;216;221;240;245;288;293;437;442;490;495;514;519;548;553;664;668;717;721;755;760;827;832;1015;1020;1058;1063;1087;1092;1135;1140;1419;1424;1501;1506;1554;1559;1689;1694;2459;2459;2449;2444;2420;2415;2141;2136;2098;2093;2074;2069;2026;2021;1766;1761;1727;1722;1713;1708;1684;1679;1395;1390;1280;1275;1217;1212;1082;1078
1698280284750189.gadget2d_resized_512x512.png;class_0;1.0;polygon;y values;93;96;1330;1333;1333;1335;1335;1338;1338;1341;1341;1344;1344;1347;1347;1350;1350;1353;1353;1356;1356;1359;1359;1362;1362;1365;1365;1368;1368;1371;1371;1374;1374;1376;1376;1379;1379;1382;1382;1385;1385;1388;1388;1391;1391;134;134;131;131;128;128;125;125;123;123;120;120;117;117;114;114;111;111;108;108;105;105;102;102;99;99;96;96;93
1700341211909440.gadget2d_resized_512x512.png;class_0;1.0;polygon;x values;1819;1814;1737;1732;1665;1660;1573;1568;1179;1174;1106;1102;1063;1058;986;981;707;702;668;664;635;630;577;572;351;346;288;283;259;255;206;202;24;19;0;0;14;19;760;765;875;880;1010;1015;1169;1174;1467;1472;1540;1544;1583;1588;1669;1674;1852;1857;1905;1910;1939;1944;2006;2011;2175;2180;2213;2218;2237;2242;2285;2290;2459;2459
1700341211909440.gadget2d_resized_512x512.png;class_0;1.0;polygon;y values;175;178;178;181;181;184;184;187;187;190;190;193;193;196;196;199;199;202;202;205;205;208;208;210;210;213;213;216;216;219;219;222;222;225;225;1300;1300;1297;1297;1294;1294;1291;1291;1289;1289;1286;1286;1283;1283;1280;1280;1277;1277;1274;1274;1271;1271;1268;1268;1265;1265;1262;1262;1259;1259;1256;1256;1253;1253;1250;1250;175
1697949184717613.gadget2d_resized_512x512.png;class_0;1.0;polygon;x values;1482;1477;1443;1443;1438;1429;1424;1405;1400;1390;1386;1342;1337;1309;1304;1270;1265;1232;1227;1044;1039;798;794;779;774;750;745;572;567;543;539;519;514;399;394;327;322;221;216;62;57;38;33;28;24;24;19;19;24;24;28;52;57;72;77;149;154;211;216;303;308;356;360;389;394;433;437;625;630;673;678;702;707;755;760;856;861;909;914;962;967;1020;1025;1097;1102;1164;1169;1212;1217;1275;1280;1371;1376;1477;1482;1780;1785;2180;2184;2444;2449;2459;2459;2391;2387;2281;2276;2247;2242;2208;2204;1944;1939;1876;1872;1838;1833;1766;1761;1742;1737;1718;1713;1708;1703;1703;1708;1708;1689;1684
1697949184717613.gadget2d_resized_512x512.png;class_0;1.0;polygon;y values;73;76;76;87;90;90;93;93;96;96;99;99;102;102;99;99;96;96;93;93;90;90;87;87;84;84;82;82;84;84;87;87;90;90;93;93;96;96;93;93;90;90;93;93;96;99;102;1330;1333;1335;1338;1338;1335;1335;1338;1338;1341;1341;1344;1344;1347;1347;1350;1350;1353;1353;1356;1356;1359;1359;1362;1362;1365;1365;1368;1368;1371;1371;1374;1374;1376;1376;1379;1379;1382;1382;1385;1385;1388;1388;1391;1391;1394;1394;1391;1391;1394;1394;1397;1397;1400;1400;128;128;125;125;123;123;120;120;117;117;114;114;111;111;108;108;105;105;102;102;99;99;96;82;79;76;76;73
1700354055355457.gadget2d_resized_512x512.png;class_0;1.0;polygon;x values;24;19;19;24;24;81;86;129;134;197;202;356;360;413;418;442;447;505;510;702;707;741;745;760;765;789;794;1010;1015;1111;1116;1145;1150;1179;1183;1304;1309;1472;1477;1602;1607;1876;1881;1944;1949;2208;2213;2459;2459;2449;2444;2420;2415;2367;2362;2156;2151;2127;2122;2107;2103;2083;2079;1804;1799;1746;1742;1718;1713;1679;1674;1559;1554;1366;1361;1289;1284;1212;1207;1179;1174;1116;1111
1700354055355457.gadget2d_resized_512x512.png;class_0;1.0;polygon;y values;35;38;1271;1274;1277;1277;1280;1280;1283;1283;1286;1286;1289;1289;1291;1291;1294;1294;1297;1297;1300;1300;1303;1303;1306;1306;1309;1309;1312;1312;1315;1315;1318;1318;1321;1321;1324;1324;1327;1327;1330;1330;1327;1327;1330;1330;1333;1333;73;73;76;76;73;73;70;70;67;67;64;64;61;61;58;58;55;55;52;52;49;49;46;46;43;43;46;46;43;43;41;41;38;38;35
1697931005346414.gadget2d_resized_512x512.png;class_0;1.0;polygon;x values;28;24;24;19;19;24;24;38;43;182;187;250;255;283;288;336;341;447;452;510;514;543;548;596;601;750;755;808;813;818;842;847;861;866;875;880;890;895;909;914;962;967;1020;1025;1058;1063;1106;1111;1203;1207;1280;1284;1318;1323;1381;1386;1597;1602;1650;1655;2098;2103;2218;2223;2362;2367;2420;2425;2430;2435;2459;2459;2324;2319;2261;2257;2242;2237;2208;2204;1944;1939;1891;1886;1862;1857;1775;1771;1694;1689;1636;1631;1602;1597;1583;1578;1549;1544;1366;1361;1087;1082;1005;1001;972;967;871;866;437;433;245;240;182;178
1697931005346414.gadget2d_resized_512x512.png;class_0;1.0;polygon;y values;84;87;90;93;1324;1327;1330;1330;1333;1333;1335;1335;1338;1338;1341;1341;1344;1344;1347;1347;1350;1350;1353;1353;1356;1356;1353;1353;1350;1353;1353;1356;1356;1359;1359;1362;1362;1365;1365;1368;1368;1371;1371;1374;1374;1376;1376;1379;1379;1382;1382;1385;1385;1388;1388;1391;1391;1394;1394;1391;1391;1394;1394;1391;1391;1394;1394;1391;1391;1394;1394;140;140;137;137;134;134;131;131;128;128;125;125;123;123;120;120;117;117;114;114;111;111;108;108;105;105;102;102;105;105;102;102;99;99;96;96;93;93;90;90;87;87;84
1698144807903284.gadget2d_resized_512x512.png;class_0;1.0;polygon;x values;24;19;19;28;187;192;245;250;279;283;322;327;481;486;529;534;558;563;625;630;736;741;794;798;847;851;943;948;1164;1169;1246;1251;1304;1309;1419;1424;1674;1679;1814;1819;2059;2064;2459;2459;2439;2435;2184;2180;2156;2151;2141;2136;2107;2103;1852;1848;1809;1804;1780;1775;1727;1722;1520;1515;1453;1448;1424;1419;1347;1342
1698144807903284.gadget2d_resized_512x512.png;class_0;1.0;polygon;y values;82;84;1315;1321;1321;1324;1324;1327;1327;1330;1330;1333;1333;1335;1335;1338;1338;1341;1341;1344;1344;1347;1347;1350;1350;1353;1353;1356;1356;1359;1359;1362;1362;1365;1365;1368;1368;1371;1371;1368;1368;1371;1371;120;120;117;117;114;114;111;111;108;108;105;105;102;102;99;99;96;96;93;93;90;90;87;87;84;84;82
1700341222908541.gadget2d_resized_512x512.png;class_0;1.0;polygon;x values;1597;1592;1511;1506;1472;1467;1405;1400;1082;1078;1010;1005;957;952;895;890;620;616;563;558;534;529;481;476;279;274;231;226;206;202;158;154;0;0;9;14;336;341;755;760;837;842;1078;1082;1371;1376;1443;1448;1482;1487;1564;1568;1751;1756;1809;1814;1848;1852;1929;1934;2069;2074;2127;2131;2156;2160;2199;2204;2367;2372;2415;2420;2459;2459
1700341222908541.gadget2d_resized_512x512.png;class_0;1.0;polygon;y values;175;178;178;181;181;184;184;187;187;190;190;193;193;196;196;199;199;202;202;205;205;208;208;210;210;213;213;216;216;219;219;222;222;1300;1300;1297;1297;1294;1294;1291;1291;1289;1289;1286;1286;1283;1283;1280;1280;1277;1277;1274;1274;1271;1271;1268;1268;1265;1265;1262;1262;1259;1259;1256;1256;1253;1253;1250;1250;1248;1248;1245;1245;175
1698272416591549.gadget2d_resized_512x512.png;class_0;1.0;polygon;x values;24;19;19;24;24;72;77;250;255;312;317;336;341;385;389;558;563;625;630;659;664;721;726;952;957;1020;1025;1058;1063;1130;1135;1323;1328;1472;1477;1559;1564;1674;1679;2459;2459;2348;2343;2310;2305;2290;2285;2252;2247;2006;2002;1953;1949;1929;1925;1886;1881;1718;1713;1645;1641;1592;1588;1482;1477
1698272416591549.gadget2d_resized_512x512.png;class_0;1.0;polygon;y values;93;96;1312;1315;1318;1318;1321;1321;1324;1324;1327;1327;1330;1330;1333;1333;1335;1335;1338;1338;1341;1341;1344;1344;1347;1347;1350;1350;1353;1353;1356;1356;1359;1359;1362;1362;1365;1365;1368;1368;128;128;125;125;123;123;120;120;117;117;114;114;111;111;108;108;105;105;102;102;99;99;96;96;93
1698274269625951.gadget2d_resized_512x512.png;class_0;1.0;polygon;x values;24;19;19;28;101;105;129;134;173;178;327;332;370;375;399;404;442;447;596;601;659;664;688;693;731;736;847;851;933;938;962;967;1015;1020;1198;1203;1256;1260;1289;1294;1390;1395;1809;1814;1828;1833;1886;1891;2141;2146;2276;2281;2459;2459;2444;2439;2194;2189;2165;2160;2151;2146;2127;2122;1852;1848;1804;1799;1775;1771;1718;1713;1540;1535;1487;1482;1467;1463;1419;1414;996;991;909;904;866;861;750;745
1698274269625951.gadget2d_resized_512x512.png;class_0;1.0;polygon;y values;93;96;1330;1335;1335;1338;1338;1341;1341;1344;1344;1347;1347;1350;1350;1353;1353;1356;1356;1359;1359;1362;1362;1365;1365;1368;1368;1371;1371;1374;1374;1376;1376;1379;1379;1382;1382;1385;1385;1388;1388;1391;1391;1394;1394;1391;1391;1394;1394;1397;1397;1400;1400;143;143;140;140;137;137;134;134;131;131;128;128;125;125;123;123;120;120;117;117;114;114;111;111;108;108;105;105;102;102;99;99;96;96;93
1699042412711217.gadget2d_resized_512x512.png;class_0;1.0;polygon;x values;24;19;19;24;24;81;86;115;120;173;178;332;336;380;385;404;409;442;447;611;616;683;688;741;745;798;803;1015;1020;1068;1073;1097;1102;1169;1174;1410;1414;1530;1535;1597;1602;1977;1982;2459;2459;2449;2444;2435;2430;2411;2406;2146;2141;2103;2098;2079;2074;2030;2026;1785;1780;1746;1742;1722;1718;1698;1694;1376;1371;1207;1203;1135;1130;1029;1025
1699042412711217.gadget2d_resized_512x512.png;class_0;1.0;polygon;y values;70;73;1306;1309;1312;1312;1315;1315;1318;1318;1321;1321;1324;1324;1327;1327;1330;1330;1333;1333;1335;1335;1338;1338;1341;1341;1344;1344;1347;1347;1350;1350;1353;1353;1356;1356;1359;1359;1362;1362;1365;1365;1368;1368;114;114;111;111;108;108;105;105;102;102;99;99;96;96;93;93;90;90;87;87;84;84;82;82;79;79;76;76;73;73;70
1700342300920278.gadget2d_resized_512x512.png;class_0;1.0;polygon;x values;1679;1674;1597;1592;1549;1544;1448;1443;1102;1097;1034;1029;986;981;924;919;678;673;625;620;591;587;519;514;317;312;279;274;250;245;206;202;14;9;0;0;4;9;731;736;895;899;981;986;1135;1140;1424;1429;1487;1491;1525;1530;1597;1602;1795;1799;1848;1852;1876;1881;1939;1944;2088;2093;2151;2156;2180;2184;2237;2242;2415;2420;2459;2459
1700342300920278.gadget2d_resized_512x512.png;class_0;1.0;polygon;y values;175;178;178;181;181;184;184;187;187;190;190;193;193;196;196;199;199;202;202;205;205;208;208;210;210;213;213;216;216;219;219;222;222;225;225;1300;1300;1297;1297;1294;1294;1291;1291;1289;1289;1286;1286;1283;1283;1280;1280;1277;1277;1274;1274;1271;1271;1268;1268;1265;1265;1262;1262;1259;1259;1256;1256;1253;1253;1250;1250;1248;1248;175
1698256632272128.gadget2d_resized_512x512.png;class_0;1.0;polygon;x values;24;19;19;28;173;178;221;226;245;250;312;317;471;476;514;519;543;548;591;596;750;755;798;803;837;842;938;943;1145;1150;1207;1212;1256;1260;1333;1337;1573;1578;1722;1727;1896;1900;2242;2247;2459;2459;2444;2439;2411;2406;2387;2382;2343;2338;2103;2098;2059;2054;2030;2026;1982;1977;1746;1742;1708;1703;1689;1684;1660;1655;1323;1318;1227;1222;1121;1116;1020;1015
1698256632272128.gadget2d_resized_512x512.png;class_0;1.0;polygon;y values;70;73;1315;1321;1321;1324;1324;1327;1327;1330;1330;1333;1333;1335;1335;1338;1338;1341;1341;1344;1344;1347;1347;1350;1350;1353;1353;1356;1356;1359;1359;1362;1362;1365;1365;1368;1368;1371;1371;1374;1374;1376;1376;1379;1379;117;117;114;114;111;111;108;108;105;105;102;102;99;99;96;96;93;93;90;90;87;87;84;84;82;82;79;79;76;76;73;73;70
1698654807791118.gadget2d_resized_512x512.png;class_0;1.0;polygon;x values;24;19;19;24;24;57;62;120;125;279;283;336;341;360;365;409;413;558;563;620;625;640;644;693;697;822;827;914;919;967;972;1058;1063;1212;1217;1313;1318;1357;1361;1434;1438;1968;1973;2276;2281;2459;2459;2430;2425;2415;2411;2377;2372;2146;2141;2107;2103;2088;2083;2040;2035;1809;1804;1756;1751;1742;1737;1708;1703;1453;1448;1323;1318;1289;1284;1203;1198
1698654807791118.gadget2d_resized_512x512.png;class_0;1.0;polygon;y values;70;73;1309;1312;1315;1315;1318;1318;1321;1321;1324;1324;1327;1327;1330;1330;1333;1333;1335;1335;1338;1338;1341;1341;1344;1344;1347;1347;1350;1350;1353;1353;1356;1356;1359;1359;1362;1362;1365;1365;1368;1368;1371;1371;1374;1374;114;114;111;111;108;108;105;105;102;102;99;99;96;96;93;93;90;90;87;87;84;84;82;82;79;79;76;76;73;73;70
1700318687668194.gadget2d_resized_512x512.png;class_0;1.0;polygon;x values;1977;1973;1852;1848;1775;1771;1578;1573;1203;1198;1126;1121;1058;1053;972;967;683;678;630;625;596;591;529;524;312;308;283;279;255;250;211;206;9;4;0;0;14;19;822;827;1020;1025;1126;1130;1212;1217;1511;1515;1573;1578;1607;1612;1674;1679;1886;1891;1934;1939;1963;1968;2016;2021;2184;2189;2223;2228;2247;2252;2310;2314;2459;2459;2454;2449
1700318687668194.gadget2d_resized_512x512.png;class_0;1.0;polygon;y values;175;178;178;181;181;184;184;187;187;190;190;193;193;196;196;199;199;202;202;205;205;208;208;210;210;213;213;216;216;219;219;222;222;225;225;1300;1300;1297;1297;1294;1294;1291;1291;1289;1289;1286;1286;1283;1283;1280;1280;1277;1277;1274;1274;1271;1271;1268;1268;1265;1265;1262;1262;1259;1259;1256;1256;1253;1253;1250;1250;178;178;175
1697991160612995.gadget2d_resized_512x512.png;class_0;1.0;polygon;x values;24;19;19;24;24;77;81;110;115;168;173;327;332;399;404;433;437;481;486;611;616;673;678;697;702;731;736;909;914;1020;1025;1058;1063;1130;1135;1328;1333;1467;1472;1530;1535;1722;1727;1819;1823;1857;1862;2459;2459;2387;2382;2362;2358;2329;2324;2156;2151;2112;2107;2083;2079;1953;1949;1684;1679;1631;1626;1597;1592;1559;1554;1145;1140;1015;1010;967;962;880;875
1697991160612995.gadget2d_resized_512x512.png;class_0;1.0;polygon;y values;93;96;1341;1344;1347;1347;1350;1350;1353;1353;1356;1356;1359;1359;1362;1362;1365;1365;1368;1368;1371;1371;1374;1374;1376;1376;1379;1379;1382;1382;1385;1385;1388;1388;1391;1391;1394;1394;1397;1397;1400;1400;1403;1403;1400;1400;1403;1403;137;137;134;134;131;131;128;128;125;125;123;123;120;120;117;117;114;114;111;111;108;108;105;105;102;102;99;99;96;96;93
1698053764934702.gadget2d_resized_512x512.png;class_0;1.0;polygon;x values;24;19;19;24;24;52;57;101;105;163;168;322;327;385;389;409;413;466;471;678;683;745;750;774;779;866;871;1058;1063;1135;1140;1164;1169;1217;1222;1520;1525;1617;1621;1665;1669;2127;2131;2459;2459;2411;2406;2160;2156;2127;2122;2107;2103;2074;2069;1819;1814;1780;1775;1751;1746;1713;1708;1472;1467;1390;1386;1352;1347;1265;1260
1698053764934702.gadget2d_resized_512x512.png;class_0;1.0;polygon;y values;58;61;1306;1309;1312;1312;1315;1315;1318;1318;1321;1321;1324;1324;1327;1327;1330;1330;1333;1333;1335;1335;1338;1338;1341;1341;1344;1344;1347;1347;1350;1350;1353;1353;1356;1356;1359;1359;1362;1362;1365;1365;1368;1368;96;96;93;93;90;90;87;87;84;84;82;82;79;79;76;76;73;73;70;70;67;67;64;64;61;61;58
1699835792528506.gadget2d_resized_512x512.png;class_0;1.0;polygon;x values;1217;1212;1130;1126;1097;1092;1029;1025;750;745;707;702;688;683;620;616;375;370;298;293;274;269;216;211;28;19;19;24;24;28;101;105;370;375;428;433;625;630;678;683;798;803;1294;1299;1371;1376;1429;1434;1520;1525;1669;1674;1694;1698;1708;1713;1737;1742;1823;1828;1958;1963;2011;2016;2098;2103;2136;2141;2213;2218;2338;2343;2372;2377;2401;2406;2444;2449;2459;2459
1699835792528506.gadget2d_resized_512x512.png;class_0;1.0;polygon;y values;234;237;237;240;240;243;243;246;246;249;249;251;251;254;254;257;257;260;260;263;263;266;266;269;269;275;1318;1321;1324;1327;1327;1324;1324;1327;1327;1324;1324;1327;1327;1324;1324;1321;1321;1318;1318;1315;1315;1312;1312;1309;1309;1306;1306;1303;1303;1300;1300;1297;1297;1294;1294;1297;1297;1294;1294;1291;1291;1289;1289;1286;1286;1283;1283;1280;1280;1277;1277;1280;1280;234
1699804504995831.gadget2d_resized_512x512.png;class_0;1.0;polygon;x values;24;19;19;24;96;101;139;144;163;168;202;206;385;389;433;437;457;462;495;500;596;601;635;640;654;659;688;693;976;981;1058;1063;1097;1102;1155;1159;1361;1366;1467;1472;1515;1520;1597;1602;2459;2459;2454;2449;2233;2228;2204;2199;2184;2180;2151;2146;1929;1925;1886;1881;1862;1857;1823;1819;1602;1597;1549;1544;1525;1520;1467;1463
1699804504995831.gadget2d_resized_512x512.png;class_0;1.0;polygon;y values;82;84;1318;1321;1321;1324;1324;1327;1327;1330;1330;1333;1333;1335;1335;1338;1338;1341;1341;1344;1344;1347;1347;1350;1350;1353;1353;1356;1356;1359;1359;1362;1362;1365;1365;1368;1368;1371;1371;1374;1374;1376;1376;1379;1379;120;120;117;117;114;114;111;111;108;108;105;105;102;102;99;99;96;96;93;93;90;90;87;87;84;84;82
1698645698621142.gadget2d_resized_512x512.png;class_0;1.0;polygon;x values;24;19;19;24;120;125;168;173;192;197;250;255;404;409;457;462;486;490;543;548;717;721;774;779;798;803;871;875;1097;1102;1150;1155;1174;1179;1227;1232;1477;1482;1665;1669;1838;1843;2141;2146;2459;2459;2439;2435;2213;2208;2170;2165;2141;2136;2093;2088;1872;1867;1838;1833;1819;1814;1766;1761;1554;1549;1448;1443;1405;1400;1299;1294
1698645698621142.gadget2d_resized_512x512.png;class_0;1.0;polygon;y values;70;73;1306;1309;1309;1312;1312;1315;1315;1318;1318;1321;1321;1324;1324;1327;1327;1330;1330;1333;1333;1335;1335;1338;1338;1341;1341;1344;1344;1347;1347;1350;1350;1353;1353;1356;1356;1359;1359;1362;1362;1365;1365;1368;1368;108;108;105;105;102;102;99;99;96;96;93;93;90;90;87;87;84;84;82;82;79;79;76;76;73;73;70
1697952676791398.gadget2d_resized_512x512.png;class_0;1.0;polygon;x values;24;19;19;24;24;28;134;139;279;283;360;365;394;399;442;447;620;625;688;693;726;731;774;779;837;842;943;948;986;991;1078;1082;1183;1188;1251;1256;1289;1294;1463;1467;1636;1641;1732;1737;2233;2237;2348;2353;2420;2425;2435;2439;2459;2459;2430;2425;2343;2338;2281;2276;2045;2040;1977;1973;1939;1934;1872;1867;1746;1742;1713;1708;1698;1694;1669;1665;1400;1395;1347;1342;1121;1116;1015;1010;924;919;909;904;866;861;813;808
1697952676791398.gadget2d_resized_512x512.png;class_0;1.0;polygon;y values;82;84;1333;1335;1338;1341;1341;1344;1344;1347;1347;1350;1350;1353;1353;1356;1356;1359;1359;1362;1362;1365;1365;1368;1368;1371;1371;1374;1374;1376;1376;1379;1379;1382;1382;1385;1385;1388;1388;1391;1391;1388;1388;1391;1391;1394;1394;1397;1397;1394;1394;1397;1397;125;125;123;123;120;120;117;117;114;114;111;111;108;108;105;105;102;102;99;99;96;96;93;93;96;96;93;93;90;90;87;87;84;84;87;87;84;84;82
1698706086854093.gadget2d_resized_512x512.png;class_0;1.0;polygon;x values;24;19;19;24;24;134;139;202;206;235;240;283;288;389;394;447;452;481;486;519;524;697;702;755;760;784;789;827;832;1034;1039;1121;1126;1150;1155;1193;1198;1284;1289;1443;1448;1520;1525;1679;1684;2459;2459;2420;2415;2348;2343;2324;2319;2285;2281;2107;2103;2059;2054;2030;2026;1973;1968;1732;1727;1684;1679;1669;1665;1645;1641;1588;1583;1227;1222;1179;1174;1058;1053
1698706086854093.gadget2d_resized_512x512.png;class_0;1.0;polygon;y values;93;96;1327;1330;1333;1333;1335;1335;1338;1338;1341;1341;1344;1344;1347;1347;1350;1350;1353;1353;1356;1356;1359;1359;1362;1362;1365;1365;1368;1368;1371;1371;1374;1374;1376;1376;1379;1379;1382;1382;1385;1385;1388;1388;1391;1391;140;140;137;137;134;134;131;131;128;128;125;125;123;123;120;120;117;117;114;114;111;111;108;108;105;105;102;102;99;99;96;96;93
1698361580798502.gadget2d_resized_512x512.png;class_0;1.0;polygon;x values;490;486;28;24;24;19;19;24;24;28;149;154;231;235;274;279;332;336;433;437;505;510;543;548;591;596;741;745;784;789;808;813;880;885;1029;1034;1102;1106;1130;1135;1169;1174;1280;1284;1424;1429;1487;1491;1896;1900;2459;2459;2329;2324;2228;2223;2204;2199;2170;2165;1929;1925;1867;1862;1823;1819;1766;1761;1718;1713;1655;1650;1549;1544;1294;1289;1251;1246;1207;1203;770;765;712;707;654;649
1698361580798502.gadget2d_resized_512x512.png;class_0;1.0;polygon;y values;73;76;76;79;82;84;1324;1327;1330;1333;1333;1335;1335;1338;1338;1341;1341;1344;1344;1347;1347;1350;1350;1353;1353;1356;1356;1359;1359;1362;1362;1365;1365;1368;1368;1371;1371;1374;1374;1376;1376;1379;1379;1382;1382;1385;1385;1388;1388;1391;1391;117;117;114;114;111;111;108;108;105;105;102;102;99;99;96;96;99;99;96;96;93;93;90;90;87;87;84;84;82;82;79;79;76;76;73
1698304008263693.gadget2d_resized_512x512.png;class_0;1.0;polygon;x values;24;19;19;28;173;178;226;231;255;259;312;317;471;476;514;519;534;539;587;591;736;741;784;789;827;832;928;933;1135;1140;1183;1188;1251;1256;1337;1342;1636;1641;1963;1968;2079;2083;2372;2377;2401;2406;2459;2459;2430;2425;2391;2387;2372;2367;2338;2334;2107;2103;2059;2054;2026;2021;1973;1968;1746;1742;1713;1708;1694;1689;1669;1665;1294;1289;1174;1169;1015;1010;904;899
1698304008263693.gadget2d_resized_512x512.png;class_0;1.0;polygon;y values;70;73;1315;1321;1321;1324;1324;1327;1327;1330;1330;1333;1333;1335;1335;1338;1338;1341;1341;1344;1344;1347;1347;1350;1350;1353;1353;1356;1356;1359;1359;1362;1362;1365;1365;1368;1368;1371;1371;1374;1374;1376;1376;1379;1379;1376;1376;117;117;114;114;111;111;108;108;105;105;102;102;99;99;96;96;93;93;90;90;87;87;84;84;82;82;79;79;76;76;73;73;70
1700064967481334.gadget2d_resized_512x512.png;class_0;1.0;polygon;x values;24;19;19;28;129;134;163;168;206;211;341;346;409;413;437;442;543;548;702;707;745;750;774;779;813;818;996;1001;1087;1092;1150;1155;1217;1222;1294;1299;1381;1386;1434;1438;1708;1713;2305;2310;2459;2459;2285;2281;2247;2242;2223;2218;2184;2180;1944;1939;1900;1896;1881;1876;1838;1833;1674;1669;1588;1583;1535;1530;1443;1438;1063;1058;996;991;938;933;784;779
1700064967481334.gadget2d_resized_512x512.png;class_0;1.0;polygon;y values;82;84;1318;1324;1324;1327;1327;1330;1330;1333;1333;1335;1335;1338;1338;1341;1341;1344;1344;1347;1347;1350;1350;1353;1353;1356;1356;1359;1359;1362;1362;1365;1365;1368;1368;1371;1371;1374;1374;1376;1376;1379;1379;1382;1382;128;128;125;125;123;123;120;120;117;117;114;114;111;111;108;108;105;105;102;102;99;99;96;96;93;93;90;90;87;87;84;84;82
1698273521608346.gadget2d_resized_512x512.png;class_0;1.0;polygon;x values;24;19;19;24;24;48;52;216;221;274;279;303;308;365;370;481;486;524;529;553;558;596;601;736;741;789;794;827;832;924;928;1082;1087;1135;1140;1159;1164;1203;1207;1414;1419;1506;1511;1626;1631;1944;1949;2459;2459;2454;2449;2439;2435;2415;2411;2165;2160;2131;2127;2112;2107;2069;2064;1848;1843;1814;1809;1790;1785;1751;1746;1568;1564;1463;1458;1405;1400;1299;1294
1698273521608346.gadget2d_resized_512x512.png;class_0;1.0;polygon;y values;93;96;1324;1327;1330;1330;1333;1333;1335;1335;1338;1338;1341;1341;1344;1344;1347;1347;1350;1350;1353;1353;1356;1356;1359;1359;1362;1362;1365;1365;1368;1368;1371;1371;1374;1374;1376;1376;1379;1379;1382;1382;1385;1385;1388;1388;1391;1391;137;137;134;134;131;131;128;128;125;125;123;123;120;120;117;117;114;114;111;111;108;108;105;105;102;102;99;99;96;96;93
1698316160510577.gadget2d_resized_512x512.png;class_0;1.0;polygon;x values;24;19;19;28;77;81;105;110;149;154;332;336;385;389;409;413;462;466;591;596;630;635;654;659;693;697;957;962;1025;1029;1073;1078;1135;1140;1309;1313;1487;1491;1540;1544;1602;1607;2367;2372;2420;2425;2435;2439;2459;2459;2430;2425;2141;2136;2107;2103;2093;2088;2059;2054;1795;1790;1751;1746;1722;1718;1684;1679;1429;1424;1366;1361;1323;1318;1207;1203
1698316160510577.gadget2d_resized_512x512.png;class_0;1.0;polygon;y values;82;84;1318;1324;1324;1327;1327;1330;1330;1333;1333;1335;1335;1338;1338;1341;1341;1344;1344;1347;1347;1350;1350;1353;1353;1356;1356;1359;1359;1362;1362;1365;1365;1368;1368;1371;1371;1374;1374;1376;1376;1379;1379;1382;1382;1379;1379;1382;1382;120;120;117;117;114;114;111;111;108;108;105;105;102;102;99;99;96;96;93;93;90;90;87;87;84;84;82
1698002447839681.gadget2d_resized_512x512.png;class_0;1.0;polygon;x values;24;19;19;24;24;154;158;235;240;264;269;317;322;471;476;519;524;553;558;601;606;731;736;779;784;808;813;866;871;1111;1116;1164;1169;1198;1203;1256;1260;1641;1645;2310;2314;2459;2459;2338;2334;2290;2285;2261;2257;2208;2204;1992;1987;1944;1939;1920;1915;1872;1867;1641;1636;1583;1578;1544;1540;1467;1463;991;986;895;890;861;856;774;770
1698002447839681.gadget2d_resized_512x512.png;class_0;1.0;polygon;y values;105;108;1338;1341;1344;1344;1347;1347;1350;1350;1353;1353;1356;1356;1359;1359;1362;1362;1365;1365;1368;1368;1371;1371;1374;1374;1376;1376;1379;1379;1382;1382;1385;1385;1388;1388;1391;1391;1394;1394;1397;1397;152;152;149;149;146;146;143;143;140;140;137;137;134;134;131;131;128;128;125;125;123;123;120;120;117;117;114;114;111;111;108;108;105
1697991128612086.gadget2d_resized_512x512.png;class_0;1.0;polygon;x values;1583;1578;1549;1544;1540;1535;1530;1525;1520;1511;1491;1487;1217;1212;1140;1135;1020;1015;120;115;52;48;38;33;24;24;19;19;28;178;182;240;245;264;269;312;317;437;442;500;505;524;529;563;567;702;707;745;750;770;774;822;827;1097;1102;1150;1155;1174;1179;1227;1232;1573;1578;1703;1708;1944;1949;2141;2146;2348;2353;2358;2362;2367;2372;2430;2435;2435;2430;2430;2435;2435;2439;2439;2435
1697991128612086.gadget2d_resized_512x512.png;class_0;1.0;polygon;y values;82;84;84;87;87;90;90;93;93;99;99;102;102;99;99;96;96;93;93;90;90;87;87;90;90;93;96;1338;1344;1344;1347;1347;1350;1350;1353;1353;1356;1356;1359;1359;1362;1362;1365;1365;1368;1368;1371;1371;1374;1374;1376;1376;1379;1379;1382;1382;1385;1385;1388;1388;1391;1391;1394;1394;1397;1397;1400;1400;1403;1403;1406;1406;1409;1409;1412;1412;1409;1394;1391;1388;1385;1376;1374;84;82
1697967409113058.gadget2d_resized_512x512.png;class_0;1.0;polygon;x values;24;19;19;28;144;149;182;187;240;245;360;365;423;428;457;462;514;519;664;668;707;712;741;745;808;813;1001;1005;1082;1087;1116;1121;1155;1159;1256;1260;1333;1337;1395;1400;1515;1520;2353;2358;2459;2459;2300;2295;2252;2247;2228;2223;2194;2189;1982;1977;1934;1929;1915;1910;1872;1867;1660;1655;1588;1583;1554;1549;1525;1520;1434;1429;1361;1357;1121;1116;1025;1020;976;972;803;798
1697967409113058.gadget2d_resized_512x512.png;class_0;1.0;polygon;y values;70;73;1318;1324;1324;1327;1327;1330;1330;1333;1333;1335;1335;1338;1338;1341;1341;1344;1344;1347;1347;1350;1350;1353;1353;1356;1356;1359;1359;1362;1362;1365;1365;1368;1368;1371;1371;1374;1374;1376;1376;1379;1379;1382;1382;117;117;114;114;111;111;108;108;105;105;102;102;99;99;96;96;93;93;90;90;87;87;84;84;82;82;79;79;82;82;79;79;76;76;73;73;70
1698696839664924.gadget2d_resized_512x512.png;class_0;1.0;polygon;x values;24;19;19;24;86;91;158;163;182;187;235;240;380;385;437;442;466;471;514;519;673;678;712;717;731;736;765;770;1015;1020;1092;1097;1130;1135;1183;1188;1337;1342;1525;1530;1583;1588;1771;1775;1823;1828;1949;1953;2459;2459;2252;2247;2218;2213;2204;2199;2170;2165;1905;1900;1862;1857;1838;1833;1790;1785;1554;1549;1496;1491;1472;1467;1424;1419
1698696839664924.gadget2d_resized_512x512.png;class_0;1.0;polygon;y values;82;84;1318;1321;1321;1324;1324;1327;1327;1330;1330;1333;1333;1335;1335;1338;1338;1341;1341;1344;1344;1347;1347;1350;1350;1353;1353;1356;1356;1359;1359;1362;1362;1365;1365;1368;1368;1371;1371;1374;1374;1376;1376;1379;1379;1376;1376;1379;1379;117;117;114;114;111;111;108;108;105;105;102;102;99;99;96;96;93;93;90;90;87;87;84;84;82
1698046401780458.gadget2d_resized_512x512.png;class_0;1.0;polygon;x values;24;19;19;24;105;110;178;182;206;211;250;255;404;409;462;466;490;495;558;563;707;712;745;750;765;770;822;827;1053;1058;1111;1116;1140;1145;1203;1207;1414;1419;1540;1544;1583;1588;1655;1660;2459;2459;2208;2204;2160;2156;2141;2136;2103;2098;1852;1848;1799;1795;1775;1771;1732;1727;1530;1525;1472;1467;1438;1434;1333;1328
1698046401780458.gadget2d_resized_512x512.png;class_0;1.0;polygon;y values;82;84;1318;1321;1321;1324;1324;1327;1327;1330;1330;1333;1333;1335;1335;1338;1338;1341;1341;1344;1344;1347;1347;1350;1350;1353;1353;1356;1356;1359;1359;1362;1362;1365;1365;1368;1368;1371;1371;1374;1374;1376;1376;1379;1379;117;117;114;114;111;111;108;108;105;105;102;102;99;99;96;96;93;93;90;90;87;87;84;84;82
1698269154501275.gadget2d_resized_512x512.png;class_0;1.0;polygon;x values;24;19;19;24;24;163;168;221;226;255;259;322;327;442;447;490;495;519;524;567;572;712;717;770;774;794;798;856;861;1049;1053;1111;1116;1140;1145;1203;1207;1414;1419;1573;1578;1636;1641;1775;1780;2459;2459;2281;2276;2242;2237;2218;2213;2175;2170;1949;1944;1915;1910;1900;1896;1852;1848;1674;1669;1607;1602;1583;1578;1496;1491
1698269154501275.gadget2d_resized_512x512.png;class_0;1.0;polygon;y values;93;96;1327;1330;1333;1333;1335;1335;1338;1338;1341;1341;1344;1344;1347;1347;1350;1350;1353;1353;1356;1356;1359;1359;1362;1362;1365;1365;1368;1368;1371;1371;1374;1374;1376;1376;1379;1379;1382;1382;1385;1385;1388;1388;1391;1391;128;128;125;125;123;123;120;120;117;117;114;114;111;111;108;108;105;105;102;102;99;99;96;96;93
1698166739380034.gadget2d_resized_512x512.png;class_0;1.0;polygon;x values;24;19;19;24;24;43;48;235;240;288;293;317;322;365;370;490;495;529;534;553;558;587;591;731;736;813;818;871;875;967;972;1135;1140;1183;1188;1212;1217;1270;1275;1583;1588;1756;1761;1819;1823;1857;1862;1944;1949;2151;2156;2459;2459;2343;2338;2310;2305;2290;2285;2252;2247;2054;2050;2016;2011;1992;1987;1949;1944;1718;1713;1674;1669;1650;1645;1597;1592;1246;1241;1179;1174;1140;1135;1053;1049
1698166739380034.gadget2d_resized_512x512.png;class_0;1.0;polygon;y values;82;84;1324;1327;1330;1330;1333;1333;1335;1335;1338;1338;1341;1341;1344;1344;1347;1347;1350;1350;1353;1353;1356;1356;1359;1359;1362;1362;1365;1365;1368;1368;1371;1371;1374;1374;1376;1376;1379;1379;1382;1382;1385;1385;1382;1382;1385;1385;1388;1388;1391;1391;128;128;125;125;123;123;120;120;117;117;114;114;111;111;108;108;105;105;102;102;99;99;96;96;93;93;90;90;87;87;84;84;82
1698104498028386.gadget2d_resized_512x512.png;class_0;1.0;polygon;x values;24;19;19;24;72;77;125;129;149;154;192;197;370;375;423;428;447;452;486;490;625;630;673;678;702;707;736;741;1034;1039;1102;1106;1135;1140;1183;1188;1453;1458;1588;1592;1669;1674;1905;1910;2459;2459;2382;2377;2334;2329;2310;2305;2257;2252;2054;2050;2021;2016;2002;1997;1958;1953;1722;1718;1669;1665;1636;1631;1564;1559
1698104498028386.gadget2d_resized_512x512.png;class_0;1.0;polygon;y values;70;73;1294;1297;1297;1300;1300;1303;1303;1306;1306;1309;1309;1312;1312;1315;1315;1318;1318;1321;1321;1324;1324;1327;1327;1330;1330;1333;1333;1335;1335;1338;1338;1341;1341;1344;1344;1347;1347;1350;1350;1353;1353;1356;1356;105;105;102;102;99;99;96;96;93;93;90;90;87;87;84;84;82;82;79;79;76;76;73;73;70
1698134290666749.gadget2d_resized_512x512.png;class_0;1.0;polygon;x values;24;19;19;24;24;43;48;81;86;129;134;283;288;341;346;365;370;428;433;563;567;616;620;635;640;668;673;952;957;1029;1034;1063;1068;1140;1145;1333;1337;1434;1438;1482;1487;1588;1592;2319;2324;2459;2459;2420;2415;2353;2348;2151;2146;2127;2122;2107;2103;2079;2074;1828;1823;1790;1785;1771;1766;1722;1718;1520;1515;1448;1443;1419;1414;1366;1361
1698134290666749.gadget2d_resized_512x512.png;class_0;1.0;polygon;y values;58;61;1294;1297;1300;1300;1303;1303;1306;1306;1309;1309;1312;1312;1315;1315;1318;1318;1321;1321;1324;1324;1327;1327;1330;1330;1333;1333;1335;1335;1338;1338;1341;1341;1344;1344;1347;1347;1350;1350;1353;1353;1356;1356;1359;1359;99;99;96;96;93;93;90;90;87;87;84;84;82;82;79;79;76;76;73;73;70;70;67;67;64;64;61;61;58
1698175941568636.gadget2d_resized_512x512.png;class_0;1.0;polygon;x values;24;19;19;24;72;77;134;139;163;168;211;216;351;356;399;404;428;433;476;481;582;587;635;640;673;678;741;745;948;952;1015;1020;1053;1058;1111;1116;1294;1299;1429;1434;1487;1491;1568;1573;2459;2459;2314;2310;2281;2276;2261;2257;2237;2233;2002;1997;1953;1949;1934;1929;1900;1896;1698;1694;1660;1655;1636;1631;1602;1597;1280;1275;1150;1145;1073;1068;996;991
1698175941568636.gadget2d_resized_512x512.png;class_0;1.0;polygon;y values;93;96;1330;1333;1333;1335;1335;1338;1338;1341;1341;1344;1344;1347;1347;1350;1350;1353;1353;1356;1356;1359;1359;1362;1362;1365;1365;1368;1368;1371;1371;1374;1374;1376;1376;1379;1379;1382;1382;1385;1385;1388;1388;1391;1391;140;140;137;137;134;134;131;131;128;128;125;125;123;123;120;120;117;117;114;114;111;111;108;108;105;105;102;102;99;99;96;96;93
1699035615559766.gadget2d_resized_512x512.png;class_0;1.0;polygon;x values;28;19;19;24;86;91;158;163;187;192;235;240;370;375;418;423;442;447;481;486;601;606;678;683;717;721;794;798;1005;1010;1068;1073;1097;1102;1150;1155;1323;1328;1429;1434;1520;1525;1597;1602;2459;2459;2430;2425;2415;2411;2382;2377;2160;2156;2127;2122;2103;2098;2059;2054;1795;1790;1756;1751;1746;1742;1713;1708;1559;1554;1381;1376;1323;1318;1275;1270;673;668;577;572;553;548;505;500
1699035615559766.gadget2d_resized_512x512.png;class_0;1.0;polygon;y values;82;87;1330;1333;1333;1335;1335;1338;1338;1341;1341;1344;1344;1347;1347;1350;1350;1353;1353;1356;1356;1359;1359;1362;1362;1365;1365;1368;1368;1371;1371;1374;1374;1376;1376;1379;1379;1382;1382;1385;1385;1388;1388;1391;1391;137;137;134;134;131;131;128;128;125;125;123;123;120;120;117;117;114;114;111;111;108;108;105;105;102;102;99;99;96;96;93;93;90;90;87;87;84;84;82
1699836087530573.gadget2d_resized_512x512.png;class_0;1.0;polygon;x values;1684;1679;1477;1472;1410;1405;1328;1323;914;909;866;861;842;837;794;789;466;462;428;423;409;404;380;375;163;158;125;120;101;96;33;28;24;19;19;24;774;779;986;991;1169;1174;1289;1294;1511;1515;1568;1573;1597;1602;1655;1660;1751;1756;1799;1804;1838;1843;2045;2050;2213;2218;2266;2271;2290;2295;2329;2334;2459;2459
1699836087530573.gadget2d_resized_512x512.png;class_0;1.0;polygon;y values;210;213;213;216;216;219;219;222;222;225;225;228;228;231;231;234;234;237;237;240;240;243;243;246;246;249;249;251;251;254;254;257;257;260;1318;1321;1321;1318;1318;1315;1315;1312;1312;1309;1309;1306;1306;1303;1303;1300;1300;1297;1297;1294;1294;1291;1291;1289;1289;1286;1286;1283;1283;1280;1280;1277;1277;1274;1274;210
1697997348739847.gadget2d_resized_512x512.png;class_0;1.0;polygon;x values;24;19;19;24;24;48;52;211;216;279;283;312;317;360;365;490;495;529;534;548;553;587;591;755;760;837;842;933;938;1029;1034;1140;1145;1212;1217;1256;1260;1313;1318;1578;1583;1780;1785;1867;1872;2180;2184;2459;2459;2454;2449;2261;2257;2228;2223;2213;2208;2175;2170;1968;1963;1934;1929;1915;1910;1881;1876;1703;1698;1645;1641;1607;1602;1544;1540
1697997348739847.gadget2d_resized_512x512.png;class_0;1.0;polygon;y values;93;96;1324;1327;1330;1330;1333;1333;1335;1335;1338;1338;1341;1341;1344;1344;1347;1347;1350;1350;1353;1353;1356;1356;1359;1359;1362;1362;1365;1365;1368;1368;1371;1371;1374;1374;1376;1376;1379;1379;1382;1382;1385;1385;1388;1388;1391;1391;131;131;128;128;125;125;123;123;120;120;117;117;114;114;111;111;108;108;105;105;102;102;99;99;96;96;93
1699808970089278.gadget2d_resized_512x512.png;class_0;1.0;polygon;x values;24;19;19;24;101;105;158;163;182;187;231;235;389;394;428;433;447;452;486;490;630;635;678;683;707;712;755;760;1015;1020;1058;1063;1087;1092;1140;1145;1419;1424;1573;1578;1621;1626;1795;1799;2459;2459;2449;2444;2247;2242;2204;2199;2180;2175;2136;2131;1891;1886;1828;1823;1795;1790;1751;1746;1597;1592;1501;1496;1419;1414;1318;1313
1699808970089278.gadget2d_resized_512x512.png;class_0;1.0;polygon;y values;93;96;1330;1333;1333;1335;1335;1338;1338;1341;1341;1344;1344;1347;1347;1350;1350;1353;1353;1356;1356;1359;1359;1362;1362;1365;1365;1368;1368;1371;1371;1374;1374;1376;1376;1379;1379;1382;1382;1385;1385;1388;1388;1391;1391;131;131;128;128;125;125;123;123;120;120;117;117;114;114;111;111;108;108;105;105;102;102;99;99;96;96;93
1698642549517347.gadget2d_resized_512x512.png;class_0;1.0;polygon;x values;24;19;19;24;24;67;72;259;264;317;322;341;346;399;404;567;572;625;630;659;664;707;712;866;871;933;938;976;981;1058;1063;1251;1256;1337;1342;1482;1487;1612;1617;2459;2459;2415;2411;2382;2377;2372;2367;2348;2343;2151;2146;2127;2122;2107;2103;2074;2069;1828;1823;1790;1785;1775;1771;1746;1742;1419;1414;1284;1280;1212;1207;1106;1102
1698642549517347.gadget2d_resized_512x512.png;class_0;1.0;polygon;y values;46;49;1289;1291;1294;1294;1297;1297;1300;1300;1303;1303;1306;1306;1309;1309;1312;1312;1315;1315;1318;1318;1321;1321;1324;1324;1327;1327;1330;1330;1333;1333;1335;1335;1338;1338;1341;1341;1344;1344;93;93;90;90;87;87;84;84;82;82;79;79;76;76;73;73;70;70;67;67;64;64;61;61;58;58;55;55;52;52;49;49;46
1697960148949664.gadget2d_resized_512x512.png;class_0;1.0;polygon;x values;1419;1414;1395;1390;1366;1361;1337;1333;1188;1183;24;24;19;19;24;24;77;81;129;134;192;197;341;346;413;418;442;447;490;495;678;683;755;760;779;784;856;861;1058;1063;1135;1140;1169;1174;1251;1256;1390;1395;1549;1554;1665;1669;2208;2213;2266;2271;2459;2459;2444;2439;2290;2285;2228;2223;2199;2194;2131;2127;1838;1833;1713;1708;1679;1660;1660;1665;1669;1679;1684;1674;1669
1697960148949664.gadget2d_resized_512x512.png;class_0;1.0;polygon;y values;61;64;64;67;67;70;70;73;73;70;70;73;76;1306;1309;1312;1312;1315;1315;1318;1318;1321;1321;1324;1324;1327;1327;1330;1330;1333;1333;1335;1335;1338;1338;1341;1341;1344;1344;1347;1347;1350;1350;1353;1353;1356;1356;1359;1359;1362;1362;1365;1365;1368;1368;1365;1365;108;108;105;105;102;102;99;99;96;96;93;93;90;90;87;87;76;73;70;70;64;64;64;61
1697966344088276.gadget2d_resized_512x512.png;class_0;1.0;polygon;x values;336;332;115;110;67;62;43;38;33;28;28;24;24;19;19;24;24;33;38;125;129;245;250;312;317;365;370;428;433;543;548;625;630;673;678;784;789;861;866;957;962;1010;1015;1058;1063;1275;1280;1313;1318;1352;1357;1390;1395;1429;1434;1467;1472;1501;1506;1515;1520;1578;1583;1612;1617;1641;1645;1722;1727;1780;1785;1819;1823;1987;1992;2059;2064;2151;2156;2290;2295;2425;2430;2459;2459;2449;2444;2420;2415;2334;2329;2252;2247;2218;2213;2180;2175;2131;2127;2103;2098;2088;2083;2069;2064;2050;2045;2021;2016;1910;1905;1708;1703;1669;1665;1352;1347;1284;1280;1260;1251;1246;1241;1236;1232;1212;1207;1150;1145;904;899;827;822
1697966344088276.gadget2d_resized_512x512.png;class_0;1.0;polygon;y values;70;73;73;76;76;79;79;82;82;84;87;90;208;210;1306;1309;1315;1315;1318;1318;1321;1321;1324;1324;1327;1327;1330;1330;1333;1333;1335;1335;1338;1338;1341;1341;1344;1344;1347;1347;1350;1350;1353;1353;1356;1356;1353;1353;1350;1350;1347;1347;1350;1350;1353;1353;1356;1356;1353;1353;1356;1356;1359;1359;1362;1362;1365;1365;1368;1368;1371;1371;1374;1374;1376;1376;1374;1374;1371;1371;1374;1374;1371;1371;131;131;128;128;125;125;123;123;120;120;117;117;114;114;111;111;108;108;105;105;102;102;99;99;96;96;99;99;96;96;93;93;90;90;87;87;82;82;79;79;76;76;73;73;70;70;73;73;70
1699907721175887.gadget2d_resized_512x512.png;class_0;1.0;polygon;x values;24;24;19;19;24;24;28;77;81;235;240;298;303;327;332;375;380;548;553;616;620;635;640;673;678;928;933;1020;1025;1073;1078;1130;1135;1236;1241;1309;1313;1390;1395;1482;1487;2242;2247;2459;2459;2348;2343;2319;2314;2300;2295;2276;2271;2093;2088;2040;2035;2016;2011;1958;1953;1799;1795;1746;1742;1732;1727;1746;1746
1699907721175887.gadget2d_resized_512x512.png;class_0;1.0;polygon;y values;0;17;20;1227;1230;1233;1236;1236;1239;1239;1242;1242;1245;1245;1248;1248;1250;1250;1253;1253;1256;1256;1259;1259;1262;1262;1265;1265;1268;1268;1271;1271;1274;1274;1277;1277;1280;1280;1283;1283;1286;1286;1289;1289;46;46;43;43;41;41;38;38;35;35;32;32;29;29;26;26;23;23;20;20;17;17;14;2;0
1699897053272088.gadget2d_resized_512x512.png;class_0;1.0;polygon;x values;1867;1862;1756;1751;1708;1703;1607;1602;1034;1029;1010;1005;996;991;928;924;914;909;899;895;875;871;861;851;827;822;606;601;548;543;519;514;476;471;283;279;221;216;197;192;139;134;24;19;19;24;24;274;279;394;399;702;707;1203;1207;1280;1284;1357;1361;1511;1515;1650;1655;1694;1698;1722;1727;1790;1795;2074;2079;2122;2127;2156;2160;2218;2223;2343;2348;2396;2401;2459;2459
1699897053272088.gadget2d_resized_512x512.png;class_0;1.0;polygon;y values;199;202;202;205;205;208;208;210;210;208;208;205;205;202;202;205;205;208;208;210;210;213;213;219;219;222;222;225;225;228;228;231;231;234;234;237;237;240;240;243;243;246;246;249;1306;1309;1312;1312;1309;1309;1312;1312;1309;1309;1306;1306;1303;1303;1300;1300;1297;1297;1294;1294;1291;1291;1289;1289;1286;1286;1283;1283;1280;1280;1277;1277;1274;1274;1271;1271;1268;1268;199
1698683485386209.gadget2d_resized_512x512.png;class_0;1.0;polygon;x values;24;19;19;24;24;43;48;115;120;269;274;322;327;351;356;399;404;539;543;630;635;664;668;726;731;890;895;962;967;1001;1005;1092;1097;1265;1270;1361;1366;1410;1414;1520;1525;2165;2170;2459;2459;2401;2396;2362;2358;2343;2338;2310;2305;2103;2098;2059;2054;2030;2026;1982;1977;1746;1742;1708;1703;1694;1689;1665;1660;1294;1289;1198;1193;1082;1078;1015;1010
1698683485386209.gadget2d_resized_512x512.png;class_0;1.0;polygon;y values;70;73;1309;1312;1315;1315;1318;1318;1321;1321;1324;1324;1327;1327;1330;1330;1333;1333;1335;1335;1338;1338;1341;1341;1344;1344;1347;1347;1350;1350;1353;1353;1356;1356;1359;1359;1362;1362;1365;1365;1368;1368;1371;1371;117;117;114;114;111;111;108;108;105;105;102;102;99;99;96;96;93;93;90;90;87;87;84;84;82;82;79;79;76;76;73;73;70
1698011918044141.gadget2d_resized_512x512.png;class_0;1.0;polygon;x values;24;19;19;24;24;43;48;86;91;139;144;293;298;351;356;380;385;442;447;563;567;606;611;630;635;673;678;861;866;957;962;1025;1029;1116;1121;1227;1232;1313;1318;1361;1366;1448;1453;1910;1915;2098;2103;2194;2199;2444;2449;2459;2459;2439;2435;2208;2204;2175;2170;2160;2156;2127;2122;1886;1881;1843;1838;1823;1819;1761;1756;1559;1554;1487;1482;1448;1443;1371;1366
1698011918044141.gadget2d_resized_512x512.png;class_0;1.0;polygon;y values;105;108;1318;1321;1324;1324;1327;1327;1330;1330;1333;1333;1335;1335;1338;1338;1341;1341;1344;1344;1347;1347;1350;1350;1353;1353;1356;1356;1359;1359;1362;1362;1365;1365;1368;1368;1371;1371;1374;1374;1376;1376;1379;1379;1382;1382;1385;1385;1388;1388;1391;1391;143;143;140;140;137;137;134;134;131;131;128;128;125;125;123;123;120;120;117;117;114;114;111;111;108;108;105
1700299020467104.gadget2d_resized_512x512.png;class_0;1.0;polygon;x values;1386;1381;1318;1313;1280;1275;1207;1203;914;909;861;856;827;822;774;770;490;486;466;462;447;442;409;404;197;192;149;144;120;115;0;0;9;14;52;57;866;871;1068;1073;1179;1183;1275;1280;1491;1496;1554;1559;1592;1597;1669;1674;1857;1862;1905;1910;1944;1949;2006;2011;2160;2165;2199;2204;2213;2218;2276;2281;2459;2459
1700299020467104.gadget2d_resized_512x512.png;class_0;1.0;polygon;y values;175;178;178;181;181;184;184;187;187;190;190;193;193;196;196;199;199;202;202;205;205;208;208;210;210;213;213;216;216;219;219;1303;1303;1300;1300;1297;1297;1294;1294;1291;1291;1289;1289;1286;1286;1283;1283;1280;1280;1277;1277;1274;1274;1271;1271;1268;1268;1265;1265;1262;1262;1259;1259;1256;1256;1253;1253;1250;1250;175
1699934882731037.gadget2d_resized_512x512.png;class_0;1.0;polygon;x values;0;0;9;14;24;28;33;38;105;110;158;163;274;279;332;336;360;365;409;413;543;548;625;630;659;664;712;717;794;798;909;914;952;957;1010;1015;1155;1159;1222;1227;1256;1260;1299;1304;1467;1472;2285;2290;2435;2439;2459;2459;2430;2425;2348;2343;2324;2319;2290;2285;2131;2127;2079;2074;2045;2040;1949;1944;1727;1722;1684;1679;1665;1660;1641;1636;1592;1588;1212;1207;1174;1169;1015;1010
1699934882731037.gadget2d_resized_512x512.png;class_0;1.0;polygon;y values;93;1341;1341;1338;1338;1335;1335;1338;1338;1341;1341;1344;1344;1347;1347;1350;1350;1353;1353;1356;1356;1359;1359;1362;1362;1365;1365;1368;1368;1371;1371;1374;1374;1376;1376;1379;1379;1382;1382;1385;1385;1388;1388;1391;1391;1394;1394;1397;1397;1400;1400;140;140;137;137;134;134;131;131;128;128;125;125;123;123;120;120;117;117;114;114;111;111;108;108;105;105;102;102;99;99;96;96;93
1698315271485037.gadget2d_resized_512x512.png;class_0;1.0;polygon;x values;24;19;19;24;57;62;115;120;134;139;178;182;360;365;418;423;442;447;490;495;591;596;635;640;659;664;702;707;986;991;1058;1063;1097;1102;1164;1169;1318;1323;1429;1434;1467;1472;1520;1525;2131;2136;2281;2285;2435;2439;2459;2459;2324;2319;2290;2285;2276;2271;2247;2242;2040;2035;1992;1987;1963;1958;1910;1905;1713;1708;1679;1674;1669;1665;1641;1636;1333;1328;1212;1207;1150;1145;1058;1053
1698315271485037.gadget2d_resized_512x512.png;class_0;1.0;polygon;y values;70;73;1318;1321;1321;1324;1324;1327;1327;1330;1330;1333;1333;1335;1335;1338;1338;1341;1341;1344;1344;1347;1347;1350;1350;1353;1353;1356;1356;1359;1359;1362;1362;1365;1365;1368;1368;1371;1371;1374;1374;1376;1376;1379;1379;1382;1382;1385;1385;1388;1388;117;117;114;114;111;111;108;108;105;105;102;102;99;99;96;96;93;93;90;90;87;87;84;84;82;82;79;79;76;76;73;73;70
1700103916285196.gadget2d_resized_512x512.png;class_0;1.0;polygon;x values;24;19;19;24;101;105;178;182;211;216;264;269;413;418;481;486;514;519;591;596;731;736;774;779;803;808;899;904;1092;1097;1164;1169;1207;1212;1265;1270;1429;1434;1554;1559;1828;1833;1900;1905;1934;1939;1997;2002;2459;2459;2338;2334;2319;2314;2281;2276;2011;2006;1958;1953;1934;1929;1900;1896;1698;1694;1650;1645;1621;1617;1549;1544;1140;1135;1058;1053;1010;1005;856;851
1700103916285196.gadget2d_resized_512x512.png;class_0;1.0;polygon;y values;82;84;1318;1321;1321;1324;1324;1327;1327;1330;1330;1333;1333;1335;1335;1338;1338;1341;1341;1344;1344;1347;1347;1350;1350;1353;1353;1356;1356;1359;1359;1362;1362;1365;1365;1368;1368;1371;1371;1374;1374;1371;1371;1374;1374;1376;1376;1379;1379;125;125;123;123;120;120;117;117;114;114;111;111;108;108;105;105;102;102;99;99;96;96;93;93;90;90;87;87;84;84;82
1699941055860467.gadget2d_resized_512x512.png;class_0;1.0;polygon;x values;28;19;19;24;24;38;43;57;62;67;120;125;163;168;264;269;312;317;332;336;385;389;625;630;693;697;717;721;750;755;832;837;943;948;991;996;1053;1058;1198;1203;1270;1275;1299;1304;1352;1357;1573;1578;1718;1722;1819;1823;2204;2208;2257;2261;2314;2319;2449;2454;2459;2459;2449;2444;2247;2242;2184;2180;2156;2151;2107;2103;1852;1848;1799;1795;1766;1761;1708;1703;1592;1588;1463;1458;1410;1405;1337;1333;957;952;875;871;765;760;659;654;567;563;385;380
1699941055860467.gadget2d_resized_512x512.png;class_0;1.0;polygon;y values;70;76;1330;1333;1335;1335;1338;1338;1335;1338;1338;1341;1341;1344;1344;1347;1347;1350;1350;1353;1353;1356;1356;1359;1359;1362;1362;1365;1365;1368;1368;1371;1371;1374;1374;1376;1376;1379;1379;1382;1382;1385;1385;1388;1388;1391;1391;1394;1394;1397;1397;1394;1394;1397;1397;1400;1400;1397;1397;1400;1400;120;120;117;117;114;114;111;111;108;108;105;105;102;102;99;99;96;96;93;93;90;90;87;87;84;84;82;82;79;79;76;76;73;73;70;70;73;73;70
1697953263803845.gadget2d_resized_512x512.png;class_0;1.0;polygon;x values;24;19;19;28;96;101;134;139;197;202;341;346;409;413;437;442;481;486;649;654;736;741;760;765;789;794;890;895;948;952;972;976;1015;1020;1203;1207;1270;1275;1304;1309;1472;1477;2358;2362;2411;2415;2435;2439;2459;2459;2420;2415;2358;2353;2295;2290;2074;2069;2035;2030;2016;2011;1977;1973;1746;1742;1679;1674;1626;1621;1530;1525;1251;1246;1198;1193;1174;1169;1097;1092
1697953263803845.gadget2d_resized_512x512.png;class_0;1.0;polygon;y values;82;84;1330;1335;1335;1338;1338;1341;1341;1344;1344;1347;1347;1350;1350;1353;1353;1356;1356;1359;1359;1362;1362;1365;1365;1368;1368;1371;1371;1374;1374;1376;1376;1379;1379;1382;1382;1385;1385;1388;1388;1391;1391;1394;1394;1391;1391;1394;1394;125;125;123;123;120;120;117;117;114;114;111;111;108;108;105;105;102;102;99;99;96;96;93;93;90;90;87;87;84;84;82
1698209301255026.gadget2d_resized_512x512.png;class_0;1.0;polygon;x values;24;19;19;24;91;96;178;182;211;216;279;283;380;385;428;433;457;462;529;534;678;683;741;745;765;770;818;822;972;976;1025;1029;1058;1063;1111;1116;1260;1265;1424;1429;1496;1501;1597;1602;2180;2184;2459;2459;2362;2358;2324;2319;2295;2290;2247;2242;2054;2050;2026;2021;2016;2011;1982;1977;1761;1756;1718;1713;1698;1694;1636;1631;1352;1347;1294;1289;1265;1260;1169;1164
1698209301255026.gadget2d_resized_512x512.png;class_0;1.0;polygon;y values;105;108;1330;1333;1333;1335;1335;1338;1338;1341;1341;1344;1344;1347;1347;1350;1350;1353;1353;1356;1356;1359;1359;1362;1362;1365;1365;1368;1368;1371;1371;1374;1374;1376;1376;1379;1379;1382;1382;1385;1385;1388;1388;1391;1391;1394;1394;152;152;149;149;146;146;143;143;140;140;137;137;134;134;131;131;128;128;125;125;123;123;120;120;117;117;114;114;111;111;108;108;105
1698245307037417.gadget2d_resized_512x512.png;class_0;1.0;polygon;x values;24;19;19;24;24;43;48;235;240;283;288;312;317;365;370;495;500;548;553;572;577;620;625;774;779;847;851;890;895;972;976;1106;1111;1169;1174;1203;1207;1256;1260;1477;1482;1636;1641;1698;1703;1852;1857;2459;2459;2439;2435;2228;2223;2199;2194;2184;2180;2156;2151;1939;1934;1910;1905;1900;1896;1867;1862;1684;1679;1641;1636;1626;1621;1453;1448
1698245307037417.gadget2d_resized_512x512.png;class_0;1.0;polygon;y values;93;96;1324;1327;1330;1330;1333;1333;1335;1335;1338;1338;1341;1341;1344;1344;1347;1347;1350;1350;1353;1353;1356;1356;1359;1359;1362;1362;1365;1365;1368;1368;1371;1371;1374;1374;1376;1376;1379;1379;1382;1382;1385;1385;1388;1388;1391;1391;131;131;128;128;125;125;123;123;120;120;117;117;114;114;111;111;108;108;105;105;102;102;99;99;96;96;93
1700312181598920.gadget2d_resized_512x512.png;class_0;1.0;polygon;x values;1775;1771;1669;1665;1592;1588;1453;1448;1121;1116;1053;1049;1010;1005;948;943;616;611;563;558;539;534;490;486;283;279;240;235;211;206;173;168;0;0;43;48;678;683;717;721;856;861;1333;1337;1400;1405;1443;1448;1535;1540;1737;1742;1790;1795;1823;1828;1900;1905;2074;2079;2122;2127;2151;2156;2199;2204;2362;2367;2406;2411;2425;2430;2459;2459
1700312181598920.gadget2d_resized_512x512.png;class_0;1.0;polygon;y values;175;178;178;181;181;184;184;187;187;190;190;193;193;196;196;199;199;202;202;205;205;208;208;210;210;213;213;216;216;219;219;222;222;1297;1297;1294;1294;1291;1291;1289;1289;1286;1286;1283;1283;1280;1280;1277;1277;1274;1274;1271;1271;1268;1268;1265;1265;1262;1262;1259;1259;1256;1256;1253;1253;1250;1250;1248;1248;1245;1245;1242;1242;175
1698984795957697.gadget2d_resized_512x512.png;class_0;1.0;polygon;x values;24;19;19;24;24;77;81;105;110;144;149;322;327;394;399;423;428;486;490;673;678;721;726;745;750;779;784;1034;1039;1121;1126;1155;1159;1217;1222;1400;1405;1515;1520;1626;1631;2030;2035;2459;2459;2449;2444;2175;2170;2141;2136;2127;2122;2093;2088;1852;1848;1780;1775;1732;1727;1679;1674;1429;1424;1328;1323;1280;1275;1174;1169
1698984795957697.gadget2d_resized_512x512.png;class_0;1.0;polygon;y values;82;84;1318;1321;1324;1324;1327;1327;1330;1330;1333;1333;1335;1335;1338;1338;1341;1341;1344;1344;1347;1347;1350;1350;1353;1353;1356;1356;1359;1359;1362;1362;1365;1365;1368;1368;1371;1371;1374;1374;1376;1376;1379;1379;120;120;117;117;114;114;111;111;108;108;105;105;102;102;99;99;96;96;93;93;90;90;87;87;84;84;82
1699806780047713.gadget2d_resized_512x512.png;class_0;1.0;polygon;x values;24;19;19;28;206;211;250;255;279;283;327;332;471;476;514;519;529;534;558;563;721;726;789;794;851;856;948;952;1102;1106;1164;1169;1207;1212;1284;1289;1655;1660;1939;1944;2054;2059;2233;2237;2459;2459;2362;2358;2319;2314;2295;2290;2252;2247;2040;2035;2011;2006;1987;1982;1944;1939;1746;1742;1698;1694;1674;1669;1607;1602;1275;1270;1217;1212;1188;1183;1116;1111
1699806780047713.gadget2d_resized_512x512.png;class_0;1.0;polygon;y values;82;84;1327;1333;1333;1335;1335;1338;1338;1341;1341;1344;1344;1347;1347;1350;1350;1353;1353;1356;1356;1359;1359;1362;1362;1365;1365;1368;1368;1371;1371;1374;1374;1376;1376;1379;1379;1382;1382;1385;1385;1388;1388;1391;1391;128;128;125;125;123;123;120;120;117;117;114;114;111;111;108;108;105;105;102;102;99;99;96;96;93;93;90;90;87;87;84;84;82
1698231133724973.gadget2d_resized_512x512.png;class_0;1.0;polygon;x values;24;19;19;24;125;129;182;187;211;216;279;283;413;418;462;466;486;490;524;529;668;673;731;736;755;760;856;861;1029;1034;1087;1092;1116;1121;1164;1169;1381;1386;1515;1520;1583;1588;1867;1872;2459;2459;2343;2338;2310;2305;2290;2285;2257;2252;2050;2045;1997;1992;1958;1953;1900;1896;1689;1684;1650;1645;1631;1626;1592;1588;1256;1251;1106;1102;1063;1058;991;986
1698231133724973.gadget2d_resized_512x512.png;class_0;1.0;polygon;y values;93;96;1330;1333;1333;1335;1335;1338;1338;1341;1341;1344;1344;1347;1347;1350;1350;1353;1353;1356;1356;1359;1359;1362;1362;1365;1365;1368;1368;1371;1371;1374;1374;1376;1376;1379;1379;1382;1382;1385;1385;1388;1388;1391;1391;140;140;137;137;134;134;131;131;128;128;125;125;123;123;120;120;117;117;114;114;111;111;108;108;105;105;102;102;99;99;96;96;93
1699851617964139.gadget2d_resized_512x512.png;class_0;1.0;polygon;x values;28;19;19;24;24;125;129;178;182;206;211;245;250;380;385;437;442;466;471;510;514;640;644;712;717;745;750;784;789;948;952;1058;1063;1097;1102;1140;1145;1294;1299;1410;1414;1458;1463;1544;1549;2247;2252;2444;2449;2459;2459;2425;2420;2372;2367;2324;2319;2189;2184;2141;2136;2122;2117;2083;2079;1852;1848;1780;1775;1751;1746;1718;1713;1631;1626;1443;1438;1361;1357;1284;1280;856;851;798;794;779;774;745;741
1699851617964139.gadget2d_resized_512x512.png;class_0;1.0;polygon;y values;82;87;1327;1330;1333;1333;1335;1335;1338;1338;1341;1341;1344;1344;1347;1347;1350;1350;1353;1353;1356;1356;1359;1359;1362;1362;1365;1365;1368;1368;1371;1371;1374;1374;1376;1376;1379;1379;1382;1382;1385;1385;1388;1388;1391;1391;1394;1394;1397;1397;137;137;134;134;131;131;128;128;125;125;123;123;120;120;117;117;114;114;111;111;108;108;105;105;102;102;99;99;96;96;93;93;90;90;87;87;84;84;82
1698704836831871.gadget2d_resized_512x512.png;class_0;1.0;polygon;x values;24;19;19;24;91;96;197;202;226;231;269;274;413;418;476;481;514;519;591;596;702;707;745;750;765;770;827;832;1044;1049;1126;1130;1164;1169;1212;1217;1309;1313;1458;1463;1530;1535;1636;1641;2459;2459;2314;2310;2257;2252;2237;2233;2204;2199;1968;1963;1920;1915;1900;1896;1852;1848;1703;1698;1626;1621;1573;1568;1515;1511;1111;1106;1034;1029;1001;996;861;856
1698704836831871.gadget2d_resized_512x512.png;class_0;1.0;polygon;y values;82;84;1318;1321;1321;1324;1324;1327;1327;1330;1330;1333;1333;1335;1335;1338;1338;1341;1341;1344;1344;1347;1347;1350;1350;1353;1353;1356;1356;1359;1359;1362;1362;1365;1365;1368;1368;1371;1371;1374;1374;1376;1376;1379;1379;128;128;125;125;123;123;120;120;117;117;114;114;111;111;108;108;105;105;102;102;99;99;96;96;93;93;90;90;87;87;84;84;82
1698213133337329.gadget2d_resized_512x512.png;class_0;1.0;polygon;x values;24;19;19;24;120;125;192;197;221;226;279;283;399;404;437;442;452;457;490;495;640;644;707;712;741;745;798;803;981;986;1058;1063;1092;1097;1150;1155;1323;1328;1448;1453;1511;1515;1592;1597;2329;2334;2425;2430;2435;2459;2459;2329;2324;2300;2295;2285;2281;2252;2247;2035;2030;1997;1992;1977;1973;1929;1925;1689;1684;1650;1645;1631;1626;1592;1588;1289;1284;1155;1150;1063;1058;981;976
1698213133337329.gadget2d_resized_512x512.png;class_0;1.0;polygon;y values;93;96;1330;1333;1333;1335;1335;1338;1338;1341;1341;1344;1344;1347;1347;1350;1350;1353;1353;1356;1356;1359;1359;1362;1362;1365;1365;1368;1368;1371;1371;1374;1374;1376;1376;1379;1379;1382;1382;1385;1385;1388;1388;1391;1391;1394;1394;1391;1394;1394;140;140;137;137;134;134;131;131;128;128;125;125;123;123;120;120;117;117;114;114;111;111;108;108;105;105;102;102;99;99;96;96;93
1698028450394007.gadget2d_resized_512x512.png;class_0;1.0;polygon;x values;24;19;19;24;96;101;158;163;192;197;250;255;380;385;423;428;442;447;481;486;625;630;697;702;731;736;784;789;948;952;1010;1015;1044;1049;1106;1111;1256;1260;1366;1371;1438;1443;1535;1540;2237;2242;2459;2459;2387;2382;2353;2348;2334;2329;2310;2305;2098;2093;2059;2054;2026;2021;1973;1968;1756;1751;1722;1718;1713;1708;1684;1679;1472;1467;1309;1304;1256;1251;1179;1174
1698028450394007.gadget2d_resized_512x512.png;class_0;1.0;polygon;y values;93;96;1330;1333;1333;1335;1335;1338;1338;1341;1341;1344;1344;1347;1347;1350;1350;1353;1353;1356;1356;1359;1359;1362;1362;1365;1365;1368;1368;1371;1371;1374;1374;1376;1376;1379;1379;1382;1382;1385;1385;1388;1388;1391;1391;1394;1394;140;140;137;137;134;134;131;131;128;128;125;125;123;123;120;120;117;117;114;114;111;111;108;108;105;105;102;102;99;99;96;96;93
1697986752519560.gadget2d_resized_512x512.png;class_0;1.0;polygon;x values;24;19;19;24;24;28;48;52;105;110;274;279;332;336;360;365;413;418;534;539;577;582;596;601;635;640;822;827;919;924;976;981;1063;1068;1183;1188;1265;1270;1294;1299;1342;1347;2093;2098;2252;2257;2362;2367;2411;2415;2430;2435;2459;2459;2449;2444;2425;2420;2329;2324;2305;2300;2261;2257;2069;2064;2030;2026;2016;2011;1968;1963;1751;1746;1708;1703;1689;1684;1655;1650;1241;1236;1116;1111;1068;1063;991;986
1697986752519560.gadget2d_resized_512x512.png;class_0;1.0;polygon;y values;82;84;1318;1321;1324;1327;1327;1330;1330;1333;1333;1335;1335;1338;1338;1341;1341;1344;1344;1347;1347;1350;1350;1353;1353;1356;1356;1359;1359;1362;1362;1365;1365;1368;1368;1371;1371;1374;1374;1376;1376;1379;1379;1382;1382;1385;1385;1388;1388;1385;1385;1388;1388;125;125;128;128;125;125;123;123;120;120;117;117;114;114;111;111;108;108;105;105;102;102;99;99;96;96;93;93;90;90;87;87;84;84;82
1699809290095606.gadget2d_resized_512x512.png;class_0;1.0;polygon;x values;24;19;19;24;24;43;48;206;211;259;264;293;298;356;360;481;486;514;519;534;539;567;572;741;745;803;808;856;861;938;943;1082;1087;1130;1135;1159;1164;1227;1232;1607;1612;1732;1737;1790;1795;2131;2136;2459;2459;2377;2372;2329;2324;2305;2300;2261;2257;2035;2030;2002;1997;1982;1977;1944;1939;1737;1732;1684;1679;1660;1655;1592;1588
1699809290095606.gadget2d_resized_512x512.png;class_0;1.0;polygon;y values;93;96;1324;1327;1330;1330;1333;1333;1335;1335;1338;1338;1341;1341;1344;1344;1347;1347;1350;1350;1353;1353;1356;1356;1359;1359;1362;1362;1365;1365;1368;1368;1371;1371;1374;1374;1376;1376;1379;1379;1382;1382;1385;1385;1388;1388;1391;1391;128;128;125;125;123;123;120;120;117;117;114;114;111;111;108;108;105;105;102;102;99;99;96;96;93
1700067901543900.gadget2d_resized_512x512.png;class_0;1.0;polygon;x values;24;19;19;24;24;77;81;211;216;283;288;317;322;365;370;486;490;591;596;620;625;659;664;765;770;803;808;837;842;909;914;1082;1087;1159;1164;1198;1203;1256;1260;1443;1448;1636;1641;1920;1925;2141;2146;2459;2459;2420;2415;2329;2324;2300;2295;2247;2242;2054;2050;2011;2006;1987;1982;1944;1939;1703;1698;1650;1645;1621;1617;1568;1564;1246;1241;1183;1179;1155;1150;1092;1087
1700067901543900.gadget2d_resized_512x512.png;class_0;1.0;polygon;y values;105;108;1335;1338;1341;1341;1344;1344;1347;1347;1350;1350;1353;1353;1356;1356;1359;1359;1362;1362;1365;1365;1368;1368;1371;1371;1374;1374;1376;1376;1379;1379;1382;1382;1385;1385;1388;1388;1391;1391;1394;1394;1397;1397;1400;1400;1403;1403;152;152;149;149;146;146;143;143;140;140;137;137;134;134;131;131;128;128;125;125;123;123;120;120;117;117;114;114;111;111;108;108;105
1700380333224525.gadget2d_resized_512x512.png;class_0;1.0;polygon;x values;1236;1232;1174;1169;1111;1106;1001;996;673;668;630;625;606;601;563;558;336;332;293;288;264;259;221;216;0;0;19;24;890;895;1082;1087;1150;1155;1313;1318;1592;1597;1660;1665;1698;1703;1771;1775;1968;1973;2011;2016;2040;2045;2093;2098;2290;2295;2334;2338;2358;2362;2425;2430;2459;2459
1700380333224525.gadget2d_resized_512x512.png;class_0;1.0;polygon;y values;164;166;166;169;169;172;172;175;175;178;178;181;181;184;184;187;187;190;190;193;193;196;196;199;199;1277;1277;1274;1274;1271;1271;1268;1268;1265;1265;1262;1262;1259;1259;1256;1256;1253;1253;1250;1250;1248;1248;1245;1245;1242;1242;1239;1239;1236;1236;1233;1233;1230;1230;1227;1227;164
1697607379375098.gadget2d_resized_512x512.png;class_0;1.0;polygon;x values;24;19;19;24;105;110;178;182;211;216;283;288;409;413;462;466;486;490;543;548;683;688;741;745;760;765;818;822;1010;1015;1082;1087;1111;1116;1159;1164;1400;1405;1515;1520;1592;1597;1896;1900;2459;2459;2281;2276;2247;2242;2228;2223;2199;2194;1939;1934;1900;1896;1881;1876;1833;1828;1588;1583;1535;1530;1511;1506;1453;1448;938;933;760;755;712;707;548;543;332;327;269;264
1697607379375098.gadget2d_resized_512x512.png;class_0;1.0;polygon;y values;93;96;1330;1333;1333;1335;1335;1338;1338;1341;1341;1344;1344;1347;1347;1350;1350;1353;1353;1356;1356;1359;1359;1362;1362;1365;1365;1368;1368;1371;1371;1374;1374;1376;1376;1379;1379;1382;1382;1385;1385;1388;1388;1391;1391;140;140;137;137;134;134;131;131;128;128;125;125;123;123;120;120;117;117;114;114;111;111;108;108;105;105;102;102;99;99;96;96;93;93;96;96;93
1698272442587927.gadget2d_resized_512x512.png;class_0;1.0;polygon;x values;24;19;19;24;24;120;125;163;168;182;187;211;216;394;399;481;486;510;514;591;596;717;721;755;760;784;789;847;851;986;991;1015;1020;1039;1044;1236;1241;1453;1458;1564;1568;1612;1617;1708;1713;2459;2459;2401;2396;2319;2314;2088;2083;2059;2054;2045;2040;1992;1987;1727;1722;1679;1674;1650;1645;1597;1592;1299;1294;1222;1217;1159;1155;1078;1073
1698272442587927.gadget2d_resized_512x512.png;class_0;1.0;polygon;y values;105;108;1315;1318;1321;1321;1324;1324;1327;1327;1330;1330;1333;1333;1335;1335;1338;1338;1341;1341;1344;1344;1347;1347;1350;1350;1353;1353;1356;1356;1359;1359;1362;1362;1365;1365;1368;1368;1371;1371;1374;1374;1376;1376;1379;1379;146;146;143;143;140;140;137;137;134;134;131;131;128;128;125;125;123;123;120;120;117;117;114;114;111;111;108;108;105
1699044089746240.gadget2d_resized_512x512.png;class_0;1.0;polygon;x values;24;19;19;24;154;158;206;211;235;240;288;293;433;437;476;481;495;500;529;534;688;693;765;770;803;808;933;938;1111;1116;1164;1169;1198;1203;1260;1265;1520;1525;1636;1641;1694;1698;1963;1968;2459;2459;2439;2435;2420;2415;2184;2180;2141;2136;2122;2117;2069;2064;1838;1833;1804;1799;1785;1780;1751;1746;1530;1525;1434;1429;1366;1361;1284;1280
1699044089746240.gadget2d_resized_512x512.png;class_0;1.0;polygon;y values;70;73;1306;1309;1309;1312;1312;1315;1315;1318;1318;1321;1321;1324;1324;1327;1327;1330;1330;1333;1333;1335;1335;1338;1338;1341;1341;1344;1344;1347;1347;1350;1350;1353;1353;1356;1356;1359;1359;1362;1362;1365;1365;1368;1368;111;111;108;108;105;105;102;102;99;99;96;96;93;93;90;90;87;87;84;84;82;82;79;79;76;76;73;73;70
1699817328260814.gadget2d_resized_512x512.png;class_0;1.0;polygon;x values;24;19;19;24;120;125;173;178;197;202;240;245;360;365;399;404;418;423;466;471;601;606;649;654;673;678;731;736;996;1001;1049;1053;1068;1073;1116;1121;1323;1328;1463;1467;1515;1520;1612;1617;2459;2459;2261;2257;2218;2213;2204;2199;2156;2151;1920;1915;1886;1881;1862;1857;1809;1804;1631;1626;1530;1525;1472;1467;1386;1381
1699817328260814.gadget2d_resized_512x512.png;class_0;1.0;polygon;y values;93;96;1330;1333;1333;1335;1335;1338;1338;1341;1341;1344;1344;1347;1347;1350;1350;1353;1353;1356;1356;1359;1359;1362;1362;1365;1365;1368;1368;1371;1371;1374;1374;1376;1376;1379;1379;1382;1382;1385;1385;1388;1388;1391;1391;128;128;125;125;123;123;120;120;117;117;114;114;111;111;108;108;105;105;102;102;99;99;96;96;93
1698704296826621.gadget2d_resized_512x512.png;class_0;1.0;polygon;x values;577;572;529;524;24;19;19;28;120;125;163;168;178;182;211;216;567;572;654;659;683;688;736;741;1010;1015;1106;1111;1140;1145;1198;1203;1304;1309;1381;1386;1424;1429;1703;1708;2459;2459;2276;2271;2233;2228;2213;2208;2180;2175;1910;1905;1867;1862;1843;1838;1795;1790;1631;1626;1559;1554;1535;1530;1511;1506;1448;1443;1366;1361;808;803;707;702
1698704296826621.gadget2d_resized_512x512.png;class_0;1.0;polygon;y values;76;79;79;82;82;84;1327;1333;1333;1335;1335;1338;1338;1341;1341;1344;1344;1347;1347;1350;1350;1353;1353;1356;1356;1359;1359;1362;1362;1365;1365;1368;1368;1371;1371;1374;1374;1376;1376;1379;1379;117;117;114;114;111;111;108;108;105;105;102;102;99;99;96;96;93;93;90;90;87;87;84;84;82;82;79;79;82;82;79;79;76
1698294473057898.gadget2d_resized_512x512.png;class_0;1.0;polygon;x values;24;19;19;24;125;129;187;192;216;221;274;279;409;413;447;452;476;481;539;543;673;678;745;750;770;774;851;856;1039;1044;1092;1097;1126;1130;1174;1179;1405;1410;1554;1559;1612;1617;2083;2088;2459;2459;2439;2435;2425;2420;2396;2391;2151;2146;2103;2098;2079;2074;2026;2021;1780;1775;1746;1742;1727;1722;1698;1694;1453;1448;1294;1289;1227;1222;1135;1130
1698294473057898.gadget2d_resized_512x512.png;class_0;1.0;polygon;y values;93;96;1330;1333;1333;1335;1335;1338;1338;1341;1341;1344;1344;1347;1347;1350;1350;1353;1353;1356;1356;1359;1359;1362;1362;1365;1365;1368;1368;1371;1371;1374;1374;1376;1376;1379;1379;1382;1382;1385;1385;1388;1388;1391;1391;137;137;134;134;131;131;128;128;125;125;123;123;120;120;117;117;114;114;111;111;108;108;105;105;102;102;99;99;96;96;93
1698278652717300.gadget2d_resized_512x512.png;class_0;1.0;polygon;x values;24;19;19;24;115;120;173;178;202;206;250;255;409;413;452;457;476;481;514;519;640;644;707;712;741;745;794;798;1010;1015;1063;1068;1097;1102;1155;1159;1352;1357;1467;1472;1535;1540;1665;1669;2459;2459;2425;2420;2396;2391;2338;2334;2103;2098;2069;2064;2054;2050;2021;2016;1775;1771;1732;1727;1708;1703;1665;1660;1395;1390;1318;1313;1289;1284;1217;1212
1698278652717300.gadget2d_resized_512x512.png;class_0;1.0;polygon;y values;82;84;1330;1333;1333;1335;1335;1338;1338;1341;1341;1344;1344;1347;1347;1350;1350;1353;1353;1356;1356;1359;1359;1362;1362;1365;1365;1368;1368;1371;1371;1374;1374;1376;1376;1379;1379;1382;1382;1385;1385;1388;1388;1391;1391;125;125;123;123;120;120;117;117;114;114;111;111;108;108;105;105;102;102;99;99;96;96;93;93;90;90;87;87;84;84;82
1699002884356615.gadget2d_resized_512x512.png;class_0;1.0;polygon;x values;24;19;19;24;33;38;125;129;149;154;192;197;332;336;394;399;428;433;476;481;630;635;683;688;707;712;745;750;943;948;1010;1015;1049;1053;1126;1130;1265;1270;1366;1371;1410;1414;1506;1511;2026;2030;2208;2213;2319;2324;2459;2459;2348;2343;2319;2314;2305;2300;2281;2276;2064;2059;2026;2021;2002;1997;1953;1949;1766;1761;1727;1722;1713;1708;1684;1679;1554;1549;1198;1193;1135;1130;1020;1015
1699002884356615.gadget2d_resized_512x512.png;class_0;1.0;polygon;y values;46;49;1271;1274;1274;1277;1277;1280;1280;1283;1283;1286;1286;1289;1289;1291;1291;1294;1294;1297;1297;1300;1300;1303;1303;1306;1306;1309;1309;1312;1312;1315;1315;1318;1318;1321;1321;1324;1324;1327;1327;1330;1330;1333;1333;1335;1335;1338;1338;1341;1341;93;93;90;90;87;87;84;84;82;82;79;79;76;76;73;73;70;70;67;67;64;64;61;61;58;58;55;55;52;52;49;49;46
1698238489883471.gadget2d_resized_512x512.png;class_0;1.0;polygon;x values;24;19;19;24;24;33;38;91;96;202;206;235;240;255;259;365;370;510;514;548;553;563;567;601;606;770;774;837;842;895;899;1010;1015;1159;1164;1222;1227;1256;1260;1313;1318;1650;1655;1761;1766;1876;1881;1997;2002;2088;2093;2377;2382;2396;2401;2430;2435;2459;2459;2377;2372;2334;2329;2314;2310;2276;2271;2064;2059;2030;2026;2021;2016;1982;1977;1746;1742;1698;1694;1674;1669;1621;1617;1294;1289;1227;1222;1188;1183;1130;1126
1698238489883471.gadget2d_resized_512x512.png;class_0;1.0;polygon;y values;82;84;1321;1324;1327;1327;1330;1330;1333;1333;1335;1335;1338;1338;1341;1341;1344;1344;1347;1347;1350;1350;1353;1353;1356;1356;1359;1359;1362;1362;1365;1365;1368;1368;1371;1371;1374;1374;1376;1376;1379;1379;1382;1382;1385;1385;1382;1382;1385;1385;1388;1388;1391;1391;1388;1388;1391;1391;128;128;125;125;123;123;120;120;117;117;114;114;111;111;108;108;105;105;102;102;99;99;96;96;93;93;90;90;87;87;84;84;82
1698238682887024.gadget2d_resized_512x512.png;class_0;1.0;polygon;x values;24;19;19;28;149;154;197;202;211;216;250;255;322;327;365;370;389;394;418;423;486;490;519;524;539;543;563;567;654;659;693;697;707;712;736;741;847;851;890;895;909;914;957;962;1063;1068;1102;1106;1126;1130;1169;1174;1438;1448;1472;1477;1496;1501;1511;1520;1525;1530;1549;1554;1573;1578;1597;1602;1612;1617;1631;1636;1660;1665;1674;1679;1689;1694;1708;1713;2021;2026;2054;2059;2074;2079;2093;2098;2117;2122;2136;2141;2151;2156;2180;2184;2247;2252;2285;2290;2305;2310;2358;2362;2459;2459;2194;2189;1910;1905;1674;1669;1631;1626;1612;1607;1583;1578;1472;1467;1438;1434;1424;1419;1395;1390
1698238682887024.gadget2d_resized_512x512.png;class_0;1.0;polygon;y values;152;155;1338;1344;1344;1347;1347;1350;1350;1353;1353;1356;1356;1359;1359;1362;1362;1365;1365;1368;1368;1371;1371;1374;1374;1376;1376;1379;1379;1382;1382;1385;1385;1388;1388;1391;1391;1394;1394;1397;1397;1400;1400;1403;1403;1406;1406;1409;1409;1412;1412;1415;1415;1420;1420;1423;1423;1426;1426;1432;1432;1435;1435;1438;1438;1441;1441;1444;1444;1447;1447;1450;1450;1453;1453;1456;1456;1458;1458;1461;1461;1458;1458;1456;1456;1453;1453;1450;1450;1447;1447;1444;1444;1441;1441;1438;1438;1435;1435;1432;1432;1429;1429;1426;1426;175;175;178;178;175;175;172;172;169;169;166;166;164;164;161;161;158;158;155;155;152
1700303263505730.gadget2d_resized_512x512.png;class_0;1.0;polygon;x values;1588;1583;1501;1496;1443;1438;1366;1361;1020;1015;952;948;914;909;856;851;572;567;529;524;514;510;476;471;259;255;211;206;187;182;144;139;0;0;4;9;678;683;784;789;866;871;1140;1145;1419;1424;1487;1491;1530;1535;1612;1617;1823;1828;1876;1881;1905;1910;1949;1953;2103;2107;2156;2160;2180;2184;2223;2228;2396;2401;2459;2459
1700303263505730.gadget2d_resized_512x512.png;class_0;1.0;polygon;y values;175;178;178;181;181;184;184;187;187;190;190;193;193;196;196;199;199;202;202;205;205;208;208;210;210;213;213;216;216;219;219;222;222;1300;1300;1297;1297;1294;1294;1291;1291;1289;1289;1286;1286;1283;1283;1280;1280;1277;1277;1274;1274;1271;1271;1268;1268;1265;1265;1262;1262;1259;1259;1256;1256;1253;1253;1250;1250;1248;1248;175
1698653312746708.gadget2d_resized_512x512.png;class_0;1.0;polygon;x values;24;19;19;28;211;216;269;274;293;298;341;346;486;490;534;539;563;567;620;625;745;750;794;798;847;851;957;962;1126;1130;1179;1183;1246;1251;1313;1318;1568;1573;1669;1674;1857;1862;2180;2184;2459;2459;2338;2334;2310;2305;2290;2285;2261;2257;2030;2026;1982;1977;1953;1949;1905;1900;1679;1674;1641;1636;1626;1621;1597;1592;1232;1227;1121;1116;1058;1053;952;948
1698653312746708.gadget2d_resized_512x512.png;class_0;1.0;polygon;y values;70;73;1315;1321;1321;1324;1324;1327;1327;1330;1330;1333;1333;1335;1335;1338;1338;1341;1341;1344;1344;1347;1347;1350;1350;1353;1353;1356;1356;1359;1359;1362;1362;1365;1365;1368;1368;1371;1371;1374;1374;1376;1376;1379;1379;117;117;114;114;111;111;108;108;105;105;102;102;99;99;96;96;93;93;90;90;87;87;84;84;82;82;79;79;76;76;73;73;70
1700105533330417.gadget2d_resized_512x512.png;class_0;1.0;polygon;x values;52;48;24;24;19;19;28;187;192;264;269;298;303;341;346;452;457;567;572;606;611;659;664;755;760;798;803;842;847;909;914;1097;1102;1159;1164;1193;1198;1256;1260;1496;1501;1968;1973;2160;2165;2444;2449;2459;2459;2449;2444;2247;2242;2189;2184;2165;2160;2117;2112;1838;1833;1766;1761;1746;1742;1718;1713;1650;1645;1482;1477;1371;1366;1289;1284;794;789;745;741;717;712;433;428;327;322;264;259
1700105533330417.gadget2d_resized_512x512.png;class_0;1.0;polygon;y values;82;84;84;87;90;1338;1344;1344;1347;1347;1350;1350;1353;1353;1356;1356;1359;1359;1362;1362;1365;1365;1368;1368;1371;1371;1374;1374;1376;1376;1379;1379;1382;1382;1385;1385;1388;1388;1391;1391;1394;1394;1397;1397;1400;1400;1403;1403;131;131;128;128;125;125;123;123;120;120;117;117;114;114;111;111;108;108;105;105;102;102;99;99;96;96;93;93;90;90;87;87;84;84;82;82;84;84;82
1697620079647105.gadget2d_resized_512x512.png;class_0;1.0;polygon;x values;24;19;19;24;24;86;91;125;129;173;178;322;327;365;370;394;399;437;442;548;553;601;606;630;635;688;693;794;798;880;885;924;928;1001;1005;1140;1145;1203;1207;1265;1270;1381;1386;1718;1722;2059;2064;2189;2194;2459;2459;2444;2439;2420;2415;2184;2180;2146;2141;2127;2122;2088;2083;1848;1843;1799;1795;1766;1761;1722;1718;1535;1530;1410;1405;1352;1347;1289;1284
1697620079647105.gadget2d_resized_512x512.png;class_0;1.0;polygon;y values;93;96;1330;1333;1335;1335;1338;1338;1341;1341;1344;1344;1347;1347;1350;1350;1353;1353;1356;1356;1359;1359;1362;1362;1365;1365;1368;1368;1371;1371;1374;1374;1376;1376;1379;1379;1382;1382;1385;1385;1388;1388;1391;1391;1394;1394;1397;1397;1400;1400;134;134;131;131;128;128;125;125;123;123;120;120;117;117;114;114;111;111;108;108;105;105;102;102;99;99;96;96;93
1700074312679569.gadget2d_resized_512x512.png;class_0;1.0;polygon;x values;24;19;19;24;24;28;101;105;154;158;274;279;332;336;360;365;409;413;587;591;659;664;683;688;726;731;808;813;899;904;948;952;1025;1029;1164;1169;1217;1222;1260;1265;1309;1313;1520;1525;1790;1795;2098;2103;2348;2353;2415;2420;2439;2444;2459;2459;2444;2439;2425;2420;2391;2387;2199;2194;2136;2131;2103;2098;2054;2050;1799;1795;1722;1718;1708;1703;1679;1674;1568;1564;1429;1424;1342;1337;1284;1280;866;861;798;794;774;770;721;717
1700074312679569.gadget2d_resized_512x512.png;class_0;1.0;polygon;y values;82;84;1330;1333;1335;1338;1338;1341;1341;1344;1344;1347;1347;1350;1350;1353;1353;1356;1356;1359;1359;1362;1362;1365;1365;1368;1368;1371;1371;1374;1374;1376;1376;1379;1379;1382;1382;1385;1385;1388;1388;1391;1391;1394;1394;1397;1397;1400;1400;1403;1403;1400;1400;1403;1403;137;137;134;134;131;131;128;128;125;125;123;123;120;120;117;117;114;114;111;111;108;108;105;105;102;102;99;99;96;96;93;93;90;90;87;87;84;84;82
1700070065589451.gadget2d_resized_512x512.png;class_0;1.0;polygon;x values;24;19;19;28;105;110;144;149;192;197;312;317;365;370;394;399;442;447;654;659;707;712;731;736;770;774;885;890;967;972;1001;1005;1058;1063;1179;1183;1251;1256;1294;1299;1352;1357;1737;1742;2285;2290;2459;2459;2420;2415;2324;2319;2122;2117;2083;2079;2064;2059;2035;2030;1780;1775;1722;1718;1694;1689;1645;1641;1467;1463;1347;1342;1294;1289;1232;1227;808;803;755;750;721;717;240;235
1700070065589451.gadget2d_resized_512x512.png;class_0;1.0;polygon;y values;93;96;1330;1335;1335;1338;1338;1341;1341;1344;1344;1347;1347;1350;1350;1353;1353;1356;1356;1359;1359;1362;1362;1365;1365;1368;1368;1371;1371;1374;1374;1376;1376;1379;1379;1382;1382;1385;1385;1388;1388;1391;1391;1394;1394;1397;1397;146;146;143;143;140;140;137;137;134;134;131;131;128;128;125;125;123;123;120;120;117;117;114;114;111;111;108;108;105;105;102;102;99;99;96;96;93
1700377184177552.gadget2d_resized_512x512.png;class_0;1.0;polygon;x values;1645;1641;1549;1544;1467;1463;1376;1371;1029;1025;976;972;948;943;904;899;563;558;495;490;471;466;428;423;255;250;226;221;211;206;178;173;24;19;19;24;24;644;649;726;731;803;808;1073;1078;1318;1323;1414;1419;1477;1482;1544;1549;1775;1780;1838;1843;1872;1876;1949;1953;2107;2112;2165;2170;2194;2199;2247;2252;2459;2459
1700377184177552.gadget2d_resized_512x512.png;class_0;1.0;polygon;y values;164;166;166;169;169;172;172;175;175;178;178;181;181;184;184;187;187;190;190;193;193;196;196;199;199;202;202;205;205;208;208;210;210;213;1280;1283;1286;1286;1283;1283;1280;1280;1277;1277;1274;1274;1271;1271;1268;1268;1265;1265;1262;1262;1259;1259;1256;1256;1253;1253;1250;1250;1248;1248;1245;1245;1242;1242;1239;1239;164
1700289271742420.gadget2d_resized_512x512.png;class_0;1.0;polygon;x values;1703;1698;1564;1559;1487;1482;1376;1371;1058;1053;986;981;943;938;895;890;644;640;601;596;572;567;510;505;317;312;274;269;245;240;202;197;28;19;19;24;462;466;587;591;736;741;899;904;1044;1049;1203;1207;1410;1414;1487;1491;1530;1535;1592;1597;1804;1809;1857;1862;1891;1896;1963;1968;2122;2127;2180;2184;2213;2218;2271;2276;2459;2459
1700289271742420.gadget2d_resized_512x512.png;class_0;1.0;polygon;y values;175;178;178;181;181;184;184;187;187;190;190;193;193;196;196;199;199;202;202;205;205;208;208;210;210;213;213;216;216;219;219;222;222;228;1306;1309;1309;1306;1306;1309;1309;1306;1306;1303;1303;1300;1300;1297;1297;1294;1294;1291;1291;1289;1289;1286;1286;1283;1283;1280;1280;1277;1277;1274;1274;1271;1271;1268;1268;1265;1265;1262;1262;175
1699996332017856.gadget2d_resized_512x512.png;class_0;1.0;polygon;x values;24;19;19;24;24;91;96;231;235;283;288;317;322;370;375;476;481;601;606;630;635;673;678;760;765;794;798;827;832;904;909;1068;1073;1135;1140;1164;1169;1217;1222;1376;1381;1674;1679;1949;1953;2141;2146;2459;2459;2261;2257;2218;2213;2204;2199;2170;2165;1867;1862;1828;1823;1795;1790;1737;1732;1641;1636;1544;1540;1487;1482;1313;1309;976;972;871;866;818;813;755;750
1699996332017856.gadget2d_resized_512x512.png;class_0;1.0;polygon;y values;82;84;1333;1335;1341;1341;1344;1344;1347;1347;1350;1350;1353;1353;1356;1356;1359;1359;1362;1362;1365;1365;1368;1368;1371;1371;1374;1374;1376;1376;1379;1379;1382;1382;1385;1385;1388;1388;1391;1391;1394;1394;1397;1397;1400;1400;1403;1403;128;128;125;125;123;123;120;120;117;117;114;114;111;111;108;108;105;105;102;102;99;99;96;96;93;93;90;90;87;87;84;84;82
1698049424850599.gadget2d_resized_512x512.png;class_0;1.0;polygon;x values;24;19;19;24;38;43;115;120;144;149;202;206;389;394;457;462;490;495;543;548;678;683;717;721;741;745;784;789;1106;1111;1169;1174;1217;1222;1299;1304;1592;1597;1713;1718;1843;1848;1934;1939;2459;2459;2367;2362;2338;2334;2329;2324;2305;2300;2088;2083;2059;2054;2040;2035;2002;1997;1795;1790;1756;1751;1746;1742;1718;1713;1520;1515;1429;1424;1381;1376;1304;1299
1698049424850599.gadget2d_resized_512x512.png;class_0;1.0;polygon;y values;46;49;1294;1297;1297;1300;1300;1303;1303;1306;1306;1309;1309;1312;1312;1315;1315;1318;1318;1321;1321;1324;1324;1327;1327;1330;1330;1333;1333;1335;1335;1338;1338;1341;1341;1344;1344;1347;1347;1350;1350;1353;1353;1356;1356;93;93;90;90;87;87;84;84;82;82;79;79;76;76;73;73;70;70;67;67;64;64;61;61;58;58;55;55;52;52;49;49;46
1698230224715131.gadget2d_resized_512x512.png;class_0;1.0;polygon;x values;24;19;19;24;24;81;86;115;120;163;168;298;303;351;356;375;380;423;428;553;558;616;620;640;644;702;707;866;871;952;957;986;991;1049;1053;1198;1203;1260;1265;1289;1294;1371;1376;2156;2160;2459;2459;2444;2439;2218;2213;2180;2175;2165;2160;2127;2122;1872;1867;1828;1823;1804;1799;1756;1751;1564;1559;1511;1506;1482;1477;1438;1434;919;914;798;794;755;750;644;640
1698230224715131.gadget2d_resized_512x512.png;class_0;1.0;polygon;y values;93;96;1330;1333;1335;1335;1338;1338;1341;1341;1344;1344;1347;1347;1350;1350;1353;1353;1356;1356;1359;1359;1362;1362;1365;1365;1368;1368;1371;1371;1374;1374;1376;1376;1379;1379;1382;1382;1385;1385;1388;1388;1391;1391;1394;1394;143;143;140;140;137;137;134;134;131;131;128;128;125;125;123;123;120;120;117;117;114;114;111;111;108;108;105;105;102;102;99;99;96;96;93
1697736401149443.gadget2d_resized_512x512.png;class_0;1.0;polygon;x values;24;19;19;28;48;52;105;110;240;245;312;317;346;351;394;399;572;577;625;630;644;649;688;693;789;794;895;899;938;943;1015;1020;1135;1140;1212;1217;1251;1256;1299;1304;1511;1515;1766;1771;2002;2006;2170;2175;2459;2459;2444;2439;2396;2391;2372;2367;2338;2334;2141;2136;2103;2098;2088;2083;2054;2050;1795;1790;1742;1737;1718;1713;1694;1689;1583;1578;1443;1438;1395;1390;1294;1289;885;880;803;798;770;765;712;707
1697736401149443.gadget2d_resized_512x512.png;class_0;1.0;polygon;y values;82;84;1321;1327;1327;1330;1330;1333;1333;1335;1335;1338;1338;1341;1341;1344;1344;1347;1347;1350;1350;1353;1353;1356;1356;1359;1359;1362;1362;1365;1365;1368;1368;1371;1371;1374;1374;1376;1376;1379;1379;1382;1382;1385;1385;1388;1388;1391;1391;140;140;137;137;134;134;131;131;128;128;125;125;123;123;120;120;117;117;114;114;111;111;108;108;105;105;102;102;99;99;96;96;93;93;90;90;87;87;84;84;82
1697981468406042.gadget2d_resized_512x512.png;class_0;1.0;polygon;x values;24;19;19;24;96;101;149;154;178;182;240;245;399;404;452;457;476;481;519;524;644;649;688;693;712;717;750;755;952;957;1029;1034;1082;1087;1135;1140;1251;1256;1313;1318;1342;1347;1405;1410;1949;1953;2103;2107;2189;2194;2372;2377;2391;2396;2459;2459;2411;2406;2353;2348;2334;2329;2295;2290;2093;2088;2059;2054;2035;2030;1992;1987;1766;1761;1727;1722;1708;1703;1669;1665;1443;1438;1390;1386;1361;1357;1294;1289
1697981468406042.gadget2d_resized_512x512.png;class_0;1.0;polygon;y values;82;84;1318;1321;1321;1324;1324;1327;1327;1330;1330;1333;1333;1335;1335;1338;1338;1341;1341;1344;1344;1347;1347;1350;1350;1353;1353;1356;1356;1359;1359;1362;1362;1365;1365;1368;1368;1371;1371;1374;1374;1376;1376;1379;1379;1382;1382;1385;1385;1388;1388;1391;1391;1388;1388;128;128;125;125;123;123;120;120;117;117;114;114;111;111;108;108;105;105;102;102;99;99;96;96;93;93;90;90;87;87;84;84;82
1700106770344525.gadget2d_resized_512x512.png;class_0;1.0;polygon;x values;24;19;19;24;101;105;197;202;235;240;288;293;375;380;466;471;500;505;548;553;712;717;770;774;789;794;832;837;1001;1005;1073;1078;1106;1111;1155;1159;1256;1260;1333;1337;1434;1438;1549;1554;2136;2141;2435;2439;2459;2459;2444;2439;2247;2242;2208;2204;2189;2184;2165;2160;1939;1934;1900;1896;1876;1872;1833;1828;1660;1655;1588;1583;1564;1559;1535;1530;1203;1198;1063;1058;1020;1015;895;890
1700106770344525.gadget2d_resized_512x512.png;class_0;1.0;polygon;y values;93;96;1330;1333;1333;1335;1335;1338;1338;1341;1341;1344;1344;1347;1347;1350;1350;1353;1353;1356;1356;1359;1359;1362;1362;1365;1365;1368;1368;1371;1371;1374;1374;1376;1376;1379;1379;1382;1382;1385;1385;1388;1388;1391;1391;1394;1394;1397;1397;143;143;140;140;137;137;134;134;131;131;128;128;125;125;123;123;120;120;117;117;114;114;111;111;108;108;105;105;102;102;99;99;96;96;93
1698062647128208.gadget2d_resized_512x512.png;class_0;1.0;polygon;x values;0;0;19;24;96;101;250;255;308;312;336;341;399;404;534;539;611;616;640;644;688;693;794;798;895;899;943;948;1010;1015;1155;1159;1236;1241;1299;1304;1405;1410;2117;2122;2444;2449;2459;2459;2454;2449;2430;2425;2194;2189;2146;2141;2127;2122;2074;2069;1862;1857;1819;1814;1795;1790;1751;1746;1631;1626;1487;1482;1429;1424;1294;1289
1698062647128208.gadget2d_resized_512x512.png;class_0;1.0;polygon;y values;93;1344;1344;1341;1341;1344;1344;1347;1347;1350;1350;1353;1353;1356;1356;1359;1359;1362;1362;1365;1365;1368;1368;1371;1371;1374;1374;1376;1376;1379;1379;1382;1382;1385;1385;1388;1388;1391;1391;1394;1394;1397;1397;134;134;131;131;128;128;125;125;123;123;120;120;117;117;114;114;111;111;108;108;105;105;102;102;99;99;96;96;93
1699835868529378.gadget2d_resized_512x512.png;class_0;1.0;polygon;x values;1164;1159;1111;1106;1082;1078;1015;1010;688;683;644;640;553;548;495;490;336;332;298;293;283;279;245;240;24;24;19;19;24;750;755;943;948;1106;1111;1246;1251;1472;1477;1540;1544;1573;1578;1631;1636;1713;1718;1761;1766;1799;1804;2011;2016;2180;2184;2218;2223;2252;2257;2314;2319;2459;2459
1699835868529378.gadget2d_resized_512x512.png;class_0;1.0;polygon;y values;222;225;225;228;228;231;231;234;234;237;237;240;240;243;243;246;246;249;249;251;251;254;254;257;257;260;263;1318;1321;1321;1318;1318;1315;1315;1312;1312;1309;1309;1306;1306;1303;1303;1300;1300;1297;1297;1294;1294;1291;1291;1289;1289;1286;1286;1283;1283;1280;1280;1277;1277;1274;1274;222
1698272425587758.gadget2d_resized_512x512.png;class_0;1.0;polygon;x values;24;19;19;24;24;43;48;182;187;235;240;283;288;360;365;519;524;572;577;591;596;625;630;784;789;875;880;928;933;1020;1025;1207;1212;1294;1299;1366;1371;1453;1458;1915;1920;2002;2006;2026;2030;2064;2069;2199;2204;2348;2353;2358;2459;2459;2319;2314;2290;2285;2276;2271;2247;2242;2016;2011;1977;1973;1949;1944;1905;1900;1679;1674;1636;1631;1617;1612;1583;1578;1198;1193;986;981;909;904;731;726
1698272425587758.gadget2d_resized_512x512.png;class_0;1.0;polygon;y values;93;96;1312;1315;1318;1318;1321;1321;1324;1324;1327;1327;1330;1330;1333;1333;1335;1335;1338;1338;1341;1341;1344;1344;1347;1347;1350;1350;1353;1353;1356;1356;1359;1359;1362;1362;1365;1365;1368;1368;1371;1371;1374;1374;1376;1376;1379;1379;1376;1376;1374;1376;1376;140;140;137;137;134;134;131;131;128;128;125;125;123;123;120;120;117;117;114;114;111;111;108;108;105;105;102;102;99;99;96;96;93
1699804737001515.gadget2d_resized_512x512.png;class_0;1.0;polygon;x values;24;19;19;24;24;28;67;72;216;221;269;274;303;308;385;389;495;500;524;529;543;548;572;577;779;784;890;895;972;976;1073;1078;1164;1169;1212;1217;1251;1256;1342;1347;1703;1708;2213;2218;2305;2310;2459;2459;2343;2338;2300;2295;2285;2281;2242;2237;2021;2016;1982;1977;1963;1958;1925;1920;1722;1718;1674;1669;1641;1636;1568;1564
1699804737001515.gadget2d_resized_512x512.png;class_0;1.0;polygon;y values;93;96;1321;1324;1327;1330;1330;1333;1333;1335;1335;1338;1338;1341;1341;1344;1344;1347;1347;1350;1350;1353;1353;1356;1356;1359;1359;1362;1362;1365;1365;1368;1368;1371;1371;1374;1374;1376;1376;1379;1379;1382;1382;1385;1385;1388;1388;128;128;125;125;123;123;120;120;117;117;114;114;111;111;108;108;105;105;102;102;99;99;96;96;93
1698321631623992.gadget2d_resized_512x512.png;class_0;1.0;polygon;x values;24;19;19;24;110;115;173;178;202;206;250;255;404;409;462;466;481;486;524;529;659;664;702;707;726;731;770;774;1068;1073;1126;1130;1155;1159;1212;1217;1463;1467;1597;1602;1669;1674;1795;1799;2459;2459;2435;2430;2401;2396;2372;2367;2324;2319;2103;2098;2054;2050;2026;2021;1963;1958;1751;1746;1718;1713;1703;1698;1669;1665;1323;1318;1207;1203;1135;1130;1020;1015
1698321631623992.gadget2d_resized_512x512.png;class_0;1.0;polygon;y values;70;73;1318;1321;1321;1324;1324;1327;1327;1330;1330;1333;1333;1335;1335;1338;1338;1341;1341;1344;1344;1347;1347;1350;1350;1353;1353;1356;1356;1359;1359;1362;1362;1365;1365;1368;1368;1371;1371;1374;1374;1376;1376;1379;1379;117;117;114;114;111;111;108;108;105;105;102;102;99;99;96;96;93;93;90;90;87;87;84;84;82;82;79;79;76;76;73;73;70
1698250669148476.gadget2d_resized_512x512.png;class_0;1.0;polygon;x values;24;19;19;24;158;163;211;216;240;245;283;288;428;433;481;486;510;514;548;553;697;702;765;770;798;803;909;914;1073;1078;1121;1126;1145;1150;1193;1198;1429;1434;1525;1530;1564;1568;1689;1694;2290;2295;2459;2459;2425;2420;2411;2406;2372;2367;2136;2131;2098;2093;2083;2079;2040;2035;1809;1804;1761;1756;1746;1742;1713;1708;1501;1496;1376;1371;1323;1318;1227;1222
1698250669148476.gadget2d_resized_512x512.png;class_0;1.0;polygon;y values;93;96;1330;1333;1333;1335;1335;1338;1338;1341;1341;1344;1344;1347;1347;1350;1350;1353;1353;1356;1356;1359;1359;1362;1362;1365;1365;1368;1368;1371;1371;1374;1374;1376;1376;1379;1379;1382;1382;1385;1385;1388;1388;1391;1391;1394;1394;137;137;134;134;131;131;128;128;125;125;123;123;120;120;117;117;114;114;111;111;108;108;105;105;102;102;99;99;96;96;93
1697784755938870.gadget2d_resized_512x512.png;class_0;1.0;polygon;x values;86;81;24;24;19;19;24;24;101;105;182;187;216;221;274;279;404;409;476;481;510;514;548;553;760;765;808;813;861;866;914;919;1015;1020;1087;1092;1130;1135;1236;1241;1304;1309;1361;1366;1525;1530;1617;1621;2276;2281;2444;2449;2459;2459;2425;2420;2334;2329;2310;2305;2276;2271;2098;2093;2026;2021;1997;1992;1944;1939;1737;1732;1674;1669;1641;1636;1621;1617;1592;1588;1559;1554;1535;1530;1515;1511;1491;1487;1424;1419;1352;1347;1217;1212;1174;1169;1029;1025;466;462;404;399;356;351;105;101
1697784755938870.gadget2d_resized_512x512.png;class_0;1.0;polygon;y values;105;108;108;114;117;1327;1330;1333;1333;1335;1335;1338;1338;1341;1341;1344;1344;1347;1347;1350;1350;1353;1353;1356;1356;1359;1359;1362;1362;1365;1365;1368;1368;1371;1371;1374;1374;1376;1376;1379;1379;1382;1382;1385;1385;1388;1388;1391;1391;1394;1394;1397;1397;164;164;161;161;158;158;155;155;152;152;149;149;146;146;143;143;140;140;137;137;134;134;131;131;128;128;125;125;123;123;120;120;117;117;120;120;123;123;125;125;123;123;120;120;117;117;114;114;111;111;108;108;105
1699798921885269.gadget2d_resized_512x512.png;class_0;1.0;polygon;x values;24;19;19;24;110;115;206;211;250;255;303;308;442;447;572;577;616;620;664;668;750;755;813;818;904;909;986;991;1150;1155;1227;1232;1270;1275;1386;1390;2459;2459;2329;2324;2276;2271;2247;2242;2189;2184;1910;1905;1857;1852;1823;1819;1751;1746;1641;1636;1453;1448;1284;1280;1087;1082
1699798921885269.gadget2d_resized_512x512.png;class_0;1.0;polygon;y values;93;96;1341;1344;1344;1347;1347;1350;1350;1353;1353;1356;1356;1359;1359;1362;1362;1365;1365;1368;1368;1371;1371;1374;1374;1376;1376;1379;1379;1382;1382;1385;1385;1388;1388;1391;1391;128;128;125;125;123;123;120;120;117;117;114;114;111;111;108;108;105;105;102;102;99;99;96;96;93
1699807032049695.gadget2d_resized_512x512.png;class_0;1.0;polygon;x values;24;19;19;24;24;38;43;96;101;255;259;317;322;341;346;385;389;529;534;558;563;577;582;606;611;899;904;972;976;1010;1015;1063;1068;1241;1246;1318;1323;1357;1361;1477;1482;2305;2310;2459;2459;2411;2406;2358;2353;2334;2329;2295;2290;2059;2054;2016;2011;1997;1992;1958;1953;1722;1718;1679;1674;1650;1645;1602;1597;1232;1227;1140;1135;1097;1092;1020;1015
1699807032049695.gadget2d_resized_512x512.png;class_0;1.0;polygon;y values;82;84;1321;1324;1327;1327;1330;1330;1333;1333;1335;1335;1338;1338;1341;1341;1344;1344;1347;1347;1350;1350;1353;1353;1356;1356;1359;1359;1362;1362;1365;1365;1368;1368;1371;1371;1374;1374;1376;1376;1379;1379;1382;1382;128;128;125;125;123;123;120;120;117;117;114;114;111;111;108;108;105;105;102;102;99;99;96;96;93;93;90;90;87;87;84;84;82
1699034882544207.gadget2d_resized_512x512.png;class_0;1.0;polygon;x values;24;19;19;24;158;163;231;235;259;264;312;317;447;452;500;505;519;524;567;572;750;755;813;818;856;861;981;986;1130;1135;1198;1203;1241;1246;1313;1318;1597;1602;1828;1833;1968;1973;2276;2281;2459;2459;2435;2430;2242;2237;2204;2199;2175;2170;2127;2122;1833;1828;1795;1790;1771;1766;1742;1737;1568;1564;1477;1472;1429;1424;1328;1323
1699034882544207.gadget2d_resized_512x512.png;class_0;1.0;polygon;y values;93;96;1330;1333;1333;1335;1335;1338;1338;1341;1341;1344;1344;1347;1347;1350;1350;1353;1353;1356;1356;1359;1359;1362;1362;1365;1365;1368;1368;1371;1371;1374;1374;1376;1376;1379;1379;1382;1382;1385;1385;1388;1388;1391;1391;131;131;128;128;125;125;123;123;120;120;117;117;114;114;111;111;108;108;105;105;102;102;99;99;96;96;93
1699989042324248.gadget2d_resized_512x512.png;class_0;1.0;polygon;x values;2261;2257;2016;2011;1949;1944;1641;1636;1044;1039;1020;1015;1010;1005;895;890;837;832;779;774;741;736;731;726;721;717;707;702;596;591;505;500;466;462;413;409;202;197;149;144;129;125;86;81;0;0;9;14;399;404;452;457;664;668;702;707;885;890;1376;1381;1482;1487;1559;1564;1631;1636;1809;1814;1881;1886;1934;1939;1963;1968;2088;2093;2180;2184;2218;2223;2276;2281;2420;2425;2459;2459;2439;2435
1699989042324248.gadget2d_resized_512x512.png;class_0;1.0;polygon;y values;281;284;284;287;287;290;290;292;292;290;290;287;287;284;284;287;287;290;290;292;292;295;295;298;298;301;301;304;304;307;307;310;310;313;313;316;316;319;319;322;322;325;325;328;328;1397;1397;1394;1394;1397;1397;1400;1400;1397;1397;1394;1394;1391;1391;1388;1388;1385;1385;1382;1382;1379;1379;1376;1376;1374;1374;1371;1371;1368;1368;1365;1365;1362;1362;1359;1359;1356;1356;1353;1353;284;284;281
1700378929202525.gadget2d_resized_512x512.png;class_0;1.0;polygon;x values;1631;1626;1544;1540;1424;1419;1333;1328;1015;1010;962;957;933;928;871;866;548;543;490;486;466;462;423;418;245;240;211;206;197;192;168;163;24;19;19;24;760;765;952;957;1029;1034;1198;1203;1410;1414;1487;1491;1525;1530;1592;1597;1809;1814;1862;1867;1891;1896;1958;1963;2098;2103;2156;2160;2180;2184;2242;2247;2435;2439;2459;2459
1700378929202525.gadget2d_resized_512x512.png;class_0;1.0;polygon;y values;164;166;166;169;169;172;172;175;175;178;178;181;181;184;184;187;187;190;190;193;193;196;196;199;199;202;202;205;205;208;208;210;210;213;1283;1286;1286;1283;1283;1280;1280;1277;1277;1274;1274;1271;1271;1268;1268;1265;1265;1262;1262;1259;1259;1256;1256;1253;1253;1250;1250;1248;1248;1245;1245;1242;1242;1239;1239;1236;1236;164
1698249440126355.gadget2d_resized_512x512.png;class_0;1.0;polygon;x values;24;19;19;28;216;221;274;279;303;308;365;370;486;490;539;543;563;567;606;611;760;765;832;837;880;885;962;967;1106;1111;1159;1164;1183;1188;1232;1236;1467;1472;1578;1583;1626;1631;1746;1751;2459;2459;2435;2430;2396;2391;2377;2372;2343;2338;2131;2127;2098;2093;2074;2069;2026;2021;1795;1790;1756;1751;1746;1742;1713;1708;1530;1525;1405;1400;1352;1347;1284;1280
1698249440126355.gadget2d_resized_512x512.png;class_0;1.0;polygon;y values;93;96;1327;1333;1333;1335;1335;1338;1338;1341;1341;1344;1344;1347;1347;1350;1350;1353;1353;1356;1356;1359;1359;1362;1362;1365;1365;1368;1368;1371;1371;1374;1374;1376;1376;1379;1379;1382;1382;1385;1385;1388;1388;1391;1391;140;140;137;137;134;134;131;131;128;128;125;125;123;123;120;120;117;117;114;114;111;111;108;108;105;105;102;102;99;99;96;96;93
1699770980296405.gadget2d_resized_512x512.png;class_0;1.0;polygon;x values;24;19;19;24;28;33;144;149;187;192;245;250;351;356;413;418;442;447;505;510;707;712;760;765;779;784;827;832;991;996;1073;1078;1121;1126;1169;1174;1280;1284;1410;1414;1626;1631;1799;1804;2372;2377;2382;2439;2444;2459;2459;2334;2329;2213;2208;2184;2180;2146;2141;1915;1910;1872;1867;1848;1843;1790;1785;1703;1698;1650;1645;1626;1621;1602;1597;1573;1568;1515;1511;1501;1496;1467;1463;1448;1443;1395;1390;981;976;784;779;745;741;688;683
1699770980296405.gadget2d_resized_512x512.png;class_0;1.0;polygon;y values;93;96;1330;1333;1333;1335;1335;1338;1338;1341;1341;1344;1344;1347;1347;1350;1350;1353;1353;1356;1356;1359;1359;1362;1362;1365;1365;1368;1368;1371;1371;1374;1374;1376;1376;1379;1379;1382;1382;1385;1385;1388;1388;1391;1391;1394;1391;1391;1394;1394;140;140;137;137;134;134;131;131;128;128;125;125;123;123;120;120;117;117;114;114;111;111;108;108;105;105;102;102;99;99;102;102;99;99;102;102;105;105;102;102;99;99;96;96;93
1698226732628130.gadget2d_resized_512x512.png;class_0;1.0;polygon;x values;24;19;19;28;72;77;101;105;154;158;312;317;356;360;385;389;437;442;553;558;606;611;635;640;678;683;837;842;928;933;996;1001;1087;1092;1207;1212;1328;1333;1390;1395;1467;1472;2074;2079;2276;2281;2343;2348;2362;2367;2396;2401;2435;2439;2459;2459;2454;2449;2430;2425;2189;2184;2151;2146;2131;2127;2088;2083;1857;1852;1819;1814;1790;1785;1751;1746;1583;1578;1458;1453;1400;1395;1309;1304
1698226732628130.gadget2d_resized_512x512.png;class_0;1.0;polygon;y values;93;96;1318;1324;1324;1327;1327;1330;1330;1333;1333;1335;1335;1338;1338;1341;1341;1344;1344;1347;1347;1350;1350;1353;1353;1356;1356;1359;1359;1362;1362;1365;1365;1368;1368;1371;1371;1374;1374;1376;1376;1379;1379;1382;1382;1385;1385;1382;1382;1385;1385;1382;1382;1385;1385;134;134;131;131;128;128;125;125;123;123;120;120;117;117;114;114;111;111;108;108;105;105;102;102;99;99;96;96;93
1698250177138903.gadget2d_resized_512x512.png;class_0;1.0;polygon;x values;24;19;19;28;38;43;96;101;259;264;317;322;351;356;404;409;510;514;553;558;577;582;616;620;760;765;832;837;885;890;976;981;1121;1126;1174;1179;1207;1212;1275;1280;1525;1530;1650;1655;1838;1843;2131;2136;2459;2459;2439;2435;2213;2208;2170;2165;2146;2141;2107;2103;1872;1867;1819;1814;1780;1775;1746;1742;1583;1578;1487;1482;1453;1448;1342;1337
1698250177138903.gadget2d_resized_512x512.png;class_0;1.0;polygon;y values;93;96;1321;1327;1327;1330;1330;1333;1333;1335;1335;1338;1338;1341;1341;1344;1344;1347;1347;1350;1350;1353;1353;1356;1356;1359;1359;1362;1362;1365;1365;1368;1368;1371;1371;1374;1374;1376;1376;1379;1379;1382;1382;1385;1385;1388;1388;1391;1391;131;131;128;128;125;125;123;123;120;120;117;117;114;114;111;111;108;108;105;105;102;102;99;99;96;96;93
1698674564211228.gadget2d_resized_512x512.png;class_0;1.0;polygon;x values;24;19;19;28;202;206;255;259;283;288;332;336;466;471;514;519;543;548;601;606;755;760;808;813;856;861;981;986;1135;1140;1222;1227;1275;1280;1352;1357;1655;1660;1862;1867;2117;2122;2459;2459;2454;2449;2208;2204;2175;2170;2156;2151;2122;2117;1872;1867;1828;1823;1809;1804;1756;1751;1549;1544;1506;1501;1487;1482;1438;1434
1698674564211228.gadget2d_resized_512x512.png;class_0;1.0;polygon;y values;82;84;1315;1321;1321;1324;1324;1327;1327;1330;1330;1333;1333;1335;1335;1338;1338;1341;1341;1344;1344;1347;1347;1350;1350;1353;1353;1356;1356;1359;1359;1362;1362;1365;1365;1368;1368;1371;1371;1374;1374;1376;1376;120;120;117;117;114;114;111;111;108;108;105;105;102;102;99;99;96;96;93;93;90;90;87;87;84;84;82
1699002881355824.gadget2d_resized_512x512.png;class_0;1.0;polygon;x values;28;19;19;24;24;19;19;28;33;38;43;48;52;57;67;72;77;86;91;105;110;115;120;154;158;163;173;178;736;741;779;784;784;779;779;774;774;770;770;765;765;774;832;837;933;938;1097;1102;1232;1236;1342;1347;1438;1443;1535;1540;2030;2035;2276;2281;2459;2459;2276;2271;2218;2213;2189;2184;2136;2131;1823;1819;1756;1751;1732;1727;1708;1703;1583;1578;1400;1395;1333;1328;1270;1265;457;452;332;327;293;288;274;269;178;173;163;158;144;139;101;96
1699002881355824.gadget2d_resized_512x512.png;class_0;1.0;polygon;y values;93;99;134;137;208;210;1330;1335;1335;1338;1338;1341;1341;1344;1344;1347;1347;1353;1353;1362;1362;1365;1365;1385;1385;1388;1388;1391;1391;1388;1388;1385;1374;1371;1362;1359;1356;1353;1347;1344;1341;1335;1335;1338;1338;1341;1341;1344;1344;1347;1347;1350;1350;1353;1353;1356;1356;1359;1359;1362;1362;128;128;125;125;123;123;120;120;117;117;114;114;111;111;108;108;105;105;102;102;99;99;96;96;93;93;96;96;99;99;102;102;105;105;102;102;99;99;96;96;93
1700399663188155.gadget2d_resized_512x512.png;class_0;1.0;polygon;x values;1270;1265;1212;1207;1179;1174;1092;1087;741;736;654;649;616;611;476;471;312;308;283;279;264;259;235;231;0;0;19;24;389;394;649;654;702;707;895;899;1361;1366;1540;1544;1568;1573;1612;1617;1799;1804;1848;1852;1876;1881;1939;1944;2146;2151;2199;2204;2223;2228;2276;2281;2459;2459
1700399663188155.gadget2d_resized_512x512.png;class_0;1.0;polygon;y values;152;155;155;158;158;161;161;164;164;166;166;169;169;172;172;175;175;178;178;181;181;184;184;187;187;1259;1259;1256;1256;1259;1259;1256;1256;1253;1253;1250;1250;1248;1248;1245;1245;1242;1242;1239;1239;1236;1236;1233;1233;1230;1230;1227;1227;1224;1224;1221;1221;1218;1218;1215;1215;152
1698144841903707.gadget2d_resized_512x512.png;class_0;1.0;polygon;x values;24;19;19;24;24;168;173;221;226;245;250;293;298;476;481;519;524;553;558;611;616;750;755;822;827;885;890;976;981;1174;1179;1275;1280;1323;1328;1419;1424;2175;2180;2459;2459;2449;2444;2391;2387;2127;2122;2093;2088;2079;2074;2045;2040;1790;1785;1742;1737;1708;1703;1660;1655;1386;1381;1284;1280;1222;1217;1097;1092
1698144841903707.gadget2d_resized_512x512.png;class_0;1.0;polygon;y values;82;84;1315;1318;1321;1321;1324;1324;1327;1327;1330;1330;1333;1333;1335;1335;1338;1338;1341;1341;1344;1344;1347;1347;1350;1350;1353;1353;1356;1356;1359;1359;1362;1362;1365;1365;1368;1368;1371;1371;123;123;120;120;117;117;114;114;111;111;108;108;105;105;102;102;99;99;96;96;93;93;90;90;87;87;84;84;82
1700007579532272.gadget2d_resized_512x512.png;class_0;1.0;polygon;x values;755;750;741;712;702;697;490;486;466;462;452;447;418;413;178;173;33;28;24;24;19;19;28;101;105;139;144;1183;1188;1280;1284;1328;1333;1477;1482;1679;1684;1727;1732;1756;1761;1819;1823;2026;2030;2079;2083;2122;2127;2180;2184;2310;2314;2353;2358;2377;2382;2415;2420;2459;2459;2454;2449;2026;2021;1977;1973;1900;1896;1838;1833;1761;1756;1718;1713;1698;1694;1650;1645;1063;1058;1053;1049;1044;1039;1029;1025
1700007579532272.gadget2d_resized_512x512.png;class_0;1.0;polygon;y values;292;295;295;313;313;316;316;319;319;322;322;325;325;328;328;331;331;333;333;336;339;1420;1426;1426;1423;1423;1426;1426;1423;1423;1420;1420;1417;1417;1415;1415;1412;1412;1409;1409;1406;1406;1403;1403;1400;1400;1397;1397;1394;1394;1391;1391;1388;1388;1385;1385;1382;1382;1379;1379;295;295;292;292;295;295;298;298;295;295;292;292;295;295;298;298;301;301;304;304;301;301;298;298;295;295;292
1697959839943417.gadget2d_resized_512x512.png;class_0;1.0;polygon;x values;519;514;365;360;336;332;322;317;298;293;105;101;28;24;24;19;19;28;139;144;187;192;250;255;394;399;471;476;524;529;591;596;702;707;774;779;837;842;943;948;1150;1155;1227;1232;1275;1280;1390;1395;1573;1578;1833;1838;1968;1973;2459;2459;2454;2449;2276;2271;2223;2218;2199;2194;2165;2160;1857;1852;1804;1799;1775;1771;1756;1751;1742;1737;1722;1718;1708;1703;1597;1592;1477;1472;1198;1193
1697959839943417.gadget2d_resized_512x512.png;class_0;1.0;polygon;y values;46;49;49;52;52;55;55;58;58;61;61;64;64;67;70;73;1294;1300;1300;1303;1303;1306;1306;1309;1309;1312;1312;1315;1315;1318;1318;1321;1321;1324;1324;1327;1327;1330;1330;1333;1333;1335;1335;1338;1338;1341;1341;1344;1344;1347;1347;1344;1344;1347;1347;84;84;82;82;79;79;76;76;73;73;70;70;67;67;64;64;61;61;58;58;55;55;52;52;49;49;46;46;49;49;46
1698143447872699.gadget2d_resized_512x512.png;class_0;1.0;polygon;x values;24;19;19;24;158;163;211;216;240;245;298;303;442;447;486;490;510;514;539;543;697;702;760;765;784;789;866;871;1087;1092;1135;1140;1169;1174;1241;1246;1540;1544;1669;1674;1891;1896;2098;2103;2459;2459;2415;2411;2367;2362;2348;2343;2310;2305;2098;2093;2050;2045;2021;2016;1968;1963;1742;1737;1708;1703;1694;1689;1665;1660;1289;1284;1145;1140;1063;1058;972;967
1698143447872699.gadget2d_resized_512x512.png;class_0;1.0;polygon;y values;70;73;1306;1309;1309;1312;1312;1315;1315;1318;1318;1321;1321;1324;1324;1327;1327;1330;1330;1333;1333;1335;1335;1338;1338;1341;1341;1344;1344;1347;1347;1350;1350;1353;1353;1356;1356;1359;1359;1362;1362;1365;1365;1368;1368;117;117;114;114;111;111;108;108;105;105;102;102;99;99;96;96;93;93;90;90;87;87;84;84;82;82;79;79;76;76;73;73;70
1698242453968976.gadget2d_resized_512x512.png;class_0;1.0;polygon;x values;24;19;19;28;163;168;221;226;250;255;298;303;428;433;471;476;500;505;543;548;702;707;760;765;789;794;866;871;1058;1063;1116;1121;1145;1150;1198;1203;1405;1410;1540;1544;1597;1602;1737;1742;2459;2459;2271;2266;2242;2237;2223;2218;2194;2189;1949;1944;1910;1905;1896;1891;1852;1848;1645;1641;1597;1592;1573;1568;1525;1520;1212;1207;1044;1039;991;986;880;875
1698242453968976.gadget2d_resized_512x512.png;class_0;1.0;polygon;y values;93;96;1327;1333;1333;1335;1335;1338;1338;1341;1341;1344;1344;1347;1347;1350;1350;1353;1353;1356;1356;1359;1359;1362;1362;1365;1365;1368;1368;1371;1371;1374;1374;1376;1376;1379;1379;1382;1382;1385;1385;1388;1388;1391;1391;140;140;137;137;134;134;131;131;128;128;125;125;123;123;120;120;117;117;114;114;111;111;108;108;105;105;102;102;99;99;96;96;93
1698289371947445.gadget2d_resized_512x512.png;class_0;1.0;polygon;x values;24;19;19;28;77;81;101;105;149;154;303;308;365;370;404;409;471;476;553;558;596;601;635;640;707;712;967;972;1049;1053;1092;1097;1145;1150;1318;1323;1482;1487;1554;1559;1655;1660;2459;2459;2435;2430;2362;2358;2131;2127;2098;2093;2079;2074;2045;2040;1785;1780;1742;1737;1713;1708;1665;1660;1366;1361;1284;1280;1232;1227;1126;1121
1698289371947445.gadget2d_resized_512x512.png;class_0;1.0;polygon;y values;82;84;1318;1324;1324;1327;1327;1330;1330;1333;1333;1335;1335;1338;1338;1341;1341;1344;1344;1347;1347;1350;1350;1353;1353;1356;1356;1359;1359;1362;1362;1365;1365;1368;1368;1371;1371;1374;1374;1376;1376;1379;1379;123;123;120;120;117;117;114;114;111;111;108;108;105;105;102;102;99;99;96;96;93;93;90;90;87;87;84;84;82
1698653558757292.gadget2d_resized_512x512.png;class_0;1.0;polygon;x values;24;19;19;24;24;48;52;235;240;293;298;327;332;385;389;510;514;567;572;596;601;635;640;774;779;827;832;871;875;1010;1015;1188;1193;1275;1280;1318;1323;1400;1405;1669;1674;2035;2040;2127;2131;2459;2459;2300;2295;2266;2261;2247;2242;2194;2189;1977;1973;1939;1934;1915;1910;1876;1872;1674;1669;1617;1612;1592;1588;1530;1525
1698653558757292.gadget2d_resized_512x512.png;class_0;1.0;polygon;y values;70;73;1300;1303;1306;1306;1309;1309;1312;1312;1315;1315;1318;1318;1321;1321;1324;1324;1327;1327;1330;1330;1333;1333;1335;1335;1338;1338;1341;1341;1344;1344;1347;1347;1350;1350;1353;1353;1356;1356;1359;1359;1362;1362;1365;1365;105;105;102;102;99;99;96;96;93;93;90;90;87;87;84;84;82;82;79;79;76;76;73;73;70
1698092424769429.gadget2d_resized_512x512.png;class_0;1.0;polygon;x values;24;19;19;24;43;48;125;129;149;154;206;211;370;375;418;423;442;447;490;495;644;649;702;707;726;731;765;770;967;972;1029;1034;1058;1063;1106;1111;1251;1256;1366;1371;1419;1424;1540;1544;2228;2233;2459;2459;2319;2314;2285;2281;2266;2261;2237;2233;2016;2011;1968;1963;1944;1939;1900;1896;1679;1674;1641;1636;1626;1621;1597;1592;1265;1260;1102;1097;1049;1044;952;948
1698092424769429.gadget2d_resized_512x512.png;class_0;1.0;polygon;y values;93;96;1330;1333;1333;1335;1335;1338;1338;1341;1341;1344;1344;1347;1347;1350;1350;1353;1353;1356;1356;1359;1359;1362;1362;1365;1365;1368;1368;1371;1371;1374;1374;1376;1376;1379;1379;1382;1382;1385;1385;1388;1388;1391;1391;1394;1394;140;140;137;137;134;134;131;131;128;128;125;125;123;123;120;120;117;117;114;114;111;111;108;108;105;105;102;102;99;99;96;96;93
1699835809537959.gadget2d_resized_512x512.png;class_0;1.0;polygon;x values;1275;1270;1207;1203;1179;1174;1126;1121;779;774;717;712;683;678;514;510;356;351;327;322;308;303;269;264;28;19;19;24;24;803;808;991;996;1207;1212;1342;1347;1544;1549;1597;1602;1626;1631;1669;1674;1737;1742;1790;1795;1838;1843;2098;2103;2218;2223;2285;2290;2305;2310;2343;2348;2459;2459
1699835809537959.gadget2d_resized_512x512.png;class_0;1.0;polygon;y values;222;225;225;228;228;231;231;234;234;237;237;240;240;243;243;246;246;249;249;251;251;254;254;257;257;263;1315;1318;1321;1321;1318;1318;1315;1315;1312;1312;1309;1309;1306;1306;1303;1303;1300;1300;1297;1297;1294;1294;1291;1291;1289;1289;1286;1286;1283;1283;1280;1280;1277;1277;1274;1274;222
1698062503124403.gadget2d_resized_512x512.png;class_0;1.0;polygon;x values;24;19;19;24;24;28;101;105;250;255;312;317;341;346;389;394;519;524;591;596;635;640;693;697;856;861;933;938;972;976;1049;1053;1207;1212;1284;1289;1323;1328;1434;1438;2266;2271;2459;2459;2295;2290;2261;2257;2252;2247;2218;2213;1958;1953;1910;1905;1872;1867;1814;1809;1602;1597;1549;1544;1525;1520;1487;1482;1063;1058;928;924;871;866;726;721
1698062503124403.gadget2d_resized_512x512.png;class_0;1.0;polygon;y values;93;96;1333;1335;1338;1341;1341;1344;1344;1347;1347;1350;1350;1353;1353;1356;1356;1359;1359;1362;1362;1365;1365;1368;1368;1371;1371;1374;1374;1376;1376;1379;1379;1382;1382;1385;1385;1388;1388;1391;1391;1394;1394;140;140;137;137;134;134;131;131;128;128;125;125;123;123;120;120;117;117;114;114;111;111;108;108;105;105;102;102;99;99;96;96;93
1698293549038143.gadget2d_resized_512x512.png;class_0;1.0;polygon;x values;24;19;19;28;105;110;144;149;226;231;341;346;385;389;409;413;466;471;620;625;688;693;717;721;774;779;952;957;1015;1020;1049;1053;1116;1121;1284;1289;1400;1405;1438;1443;1515;1520;2276;2281;2459;2459;2449;2444;2213;2208;2175;2170;2156;2151;2122;2117;1881;1876;1852;1848;1833;1828;1785;1780;1612;1607;1525;1520;1472;1467;1361;1357
1698293549038143.gadget2d_resized_512x512.png;class_0;1.0;polygon;y values;93;96;1330;1335;1335;1338;1338;1341;1341;1344;1344;1347;1347;1350;1350;1353;1353;1356;1356;1359;1359;1362;1362;1365;1365;1368;1368;1371;1371;1374;1374;1376;1376;1379;1379;1382;1382;1385;1385;1388;1388;1391;1391;1394;1394;131;131;128;128;125;125;123;123;120;120;117;117;114;114;111;111;108;108;105;105;102;102;99;99;96;96;93
1700067794541000.gadget2d_resized_512x512.png;class_0;1.0;polygon;x values;24;19;19;24;24;115;120;187;192;216;221;279;283;404;409;466;471;495;500;558;563;736;741;774;779;794;798;847;851;986;991;1063;1068;1102;1106;1164;1169;1275;1280;1405;1410;1467;1472;1559;1564;2127;2131;2343;2348;2459;2459;2382;2377;2334;2329;2319;2314;2290;2285;2107;2103;2069;2064;2050;2045;2002;1997;1746;1742;1703;1698;1679;1674;1645;1641;1482;1477;1265;1260;1217;1212;1126;1121
1700067794541000.gadget2d_resized_512x512.png;class_0;1.0;polygon;y values;93;96;1327;1330;1333;1333;1335;1335;1338;1338;1341;1341;1344;1344;1347;1347;1350;1350;1353;1353;1356;1356;1359;1359;1362;1362;1365;1365;1368;1368;1371;1371;1374;1374;1376;1376;1379;1379;1382;1382;1385;1385;1388;1388;1391;1391;1394;1394;1397;1397;140;140;137;137;134;134;131;131;128;128;125;125;123;123;120;120;117;117;114;114;111;111;108;108;105;105;102;102;99;99;96;96;93
1698113666224126.gadget2d_resized_512x512.png;class_0;1.0;polygon;x values;24;19;19;24;43;48;110;115;134;139;182;187;356;360;394;399;413;418;457;462;620;625;678;683;707;712;774;779;1078;1082;1140;1145;1169;1174;1232;1236;1424;1429;1641;1645;1694;1698;2184;2189;2367;2372;2459;2459;2334;2329;2285;2281;2252;2247;2199;2194;1953;1949;1925;1920;1910;1905;1886;1881;1727;1722;1684;1679;1665;1660;1617;1612;1520;1515;1410;1405;957;952;871;866;784;779;741;736;630;625;591;587;567;563;539;534
1698113666224126.gadget2d_resized_512x512.png;class_0;1.0;polygon;y values;58;61;1306;1309;1309;1312;1312;1315;1315;1318;1318;1321;1321;1324;1324;1327;1327;1330;1330;1333;1333;1335;1335;1338;1338;1341;1341;1344;1344;1347;1347;1350;1350;1353;1353;1356;1356;1359;1359;1362;1362;1365;1365;1368;1368;1365;1365;105;105;102;102;99;99;96;96;93;93;90;90;87;87;84;84;82;82;79;79;76;76;73;73;70;70;67;67;70;70;67;67;64;64;67;67;70;70;67;67;64;64;61;61;58
1700338018876307.gadget2d_resized_512x512.png;class_0;1.0;polygon;x values;1881;1876;1761;1756;1669;1665;1564;1559;1183;1179;1111;1106;1068;1063;996;991;712;707;668;664;640;635;591;587;365;360;293;288;279;274;221;216;14;9;0;0;4;9;668;673;813;818;899;904;1183;1188;1390;1395;1453;1458;1496;1501;1588;1592;1775;1780;1833;1838;1872;1876;1958;1963;2117;2122;2170;2175;2194;2199;2242;2247;2391;2396;2459;2459
1700338018876307.gadget2d_resized_512x512.png;class_0;1.0;polygon;y values;175;178;178;181;181;184;184;187;187;190;190;193;193;196;196;199;199;202;202;205;205;208;208;210;210;213;213;216;216;219;219;222;222;225;225;1300;1300;1297;1297;1294;1294;1291;1291;1289;1289;1286;1286;1283;1283;1280;1280;1277;1277;1274;1274;1271;1271;1268;1268;1265;1265;1262;1262;1259;1259;1256;1256;1253;1253;1250;1250;1248;1248;175
1699020601754949.gadget2d_resized_512x512.png;class_0;1.0;polygon;x values;0;0;4;9;105;110;134;139;178;182;332;336;394;399;423;428;476;481;644;649;702;707;721;726;750;755;967;972;1049;1053;1106;1111;1174;1179;1376;1381;1482;1487;1544;1549;1645;1650;2459;2459;2439;2435;2218;2213;2180;2175;2160;2156;2122;2117;1872;1867;1833;1828;1819;1814;1761;1756;1588;1583;1443;1438;1352;1347;1284;1280
1699020601754949.gadget2d_resized_512x512.png;class_0;1.0;polygon;y values;93;1327;1327;1324;1324;1327;1327;1330;1330;1333;1333;1335;1335;1338;1338;1341;1341;1344;1344;1347;1347;1350;1350;1353;1353;1356;1356;1359;1359;1362;1362;1365;1365;1368;1368;1371;1371;1374;1374;1376;1376;1379;1379;131;131;128;128;125;125;123;123;120;120;117;117;114;114;111;111;108;108;105;105;102;102;99;99;96;96;93
1698662327945051.gadget2d_resized_512x512.png;class_0;1.0;polygon;x values;24;19;19;24;24;28;67;72;245;250;298;303;327;332;370;375;486;490;529;534;553;558;591;596;774;779;875;880;938;943;1039;1044;1188;1193;1275;1280;1323;1328;1405;1410;1718;1722;2261;2266;2444;2449;2459;2459;2439;2435;2208;2204;2165;2160;2136;2131;2088;2083;1862;1857;1828;1823;1804;1799;1761;1756;1559;1554;1467;1463;1410;1405;1318;1313
1698662327945051.gadget2d_resized_512x512.png;class_0;1.0;polygon;y values;70;73;1297;1300;1303;1306;1306;1309;1309;1312;1312;1315;1315;1318;1318;1321;1321;1324;1324;1327;1327;1330;1330;1333;1333;1335;1335;1338;1338;1341;1341;1344;1344;1347;1347;1350;1350;1353;1353;1356;1356;1359;1359;1362;1362;1365;1365;108;108;105;105;102;102;99;99;96;96;93;93;90;90;87;87;84;84;82;82;79;79;76;76;73;73;70
1699045574780477.gadget2d_resized_512x512.png;class_0;1.0;polygon;x values;24;19;19;24;24;67;72;101;105;158;163;293;298;341;346;365;370;418;423;543;548;611;616;644;649;702;707;885;890;957;962;986;991;1053;1058;1236;1241;1323;1328;1371;1376;1501;1506;2093;2098;2281;2285;2329;2334;2459;2459;2425;2420;2411;2406;2372;2367;2170;2165;2122;2117;2088;2083;2026;2021;1804;1799;1761;1756;1746;1742;1713;1708;1487;1482;1337;1333;1299;1294;1203;1198
1699045574780477.gadget2d_resized_512x512.png;class_0;1.0;polygon;y values;70;73;1330;1333;1335;1335;1338;1338;1341;1341;1344;1344;1347;1347;1350;1350;1353;1353;1356;1356;1359;1359;1362;1362;1365;1365;1368;1368;1371;1371;1374;1374;1376;1376;1379;1379;1382;1382;1385;1385;1388;1388;1391;1391;1394;1394;1397;1397;1400;1400;114;114;111;111;108;108;105;105;102;102;99;99;96;96;93;93;90;90;87;87;84;84;82;82;79;79;76;76;73;73;70
1698056919005684.gadget2d_resized_512x512.png;class_0;1.0;polygon;x values;24;19;19;24;24;57;62;120;125;245;250;303;308;332;336;385;389;519;524;582;587;616;620;673;678;818;822;919;924;957;962;1020;1025;1217;1222;1313;1318;1366;1371;1482;1487;2016;2021;2391;2396;2415;2420;2430;2435;2459;2459;2415;2411;2372;2367;2358;2353;2329;2324;2093;2088;2050;2045;2026;2021;1982;1977;1761;1756;1722;1718;1708;1703;1674;1669;1386;1381;1256;1251;1193;1188;1053;1049
1698056919005684.gadget2d_resized_512x512.png;class_0;1.0;polygon;y values;70;73;1309;1312;1315;1315;1318;1318;1321;1321;1324;1324;1327;1327;1330;1330;1333;1333;1335;1335;1338;1338;1341;1341;1344;1344;1347;1347;1350;1350;1353;1353;1356;1356;1359;1359;1362;1362;1365;1365;1368;1368;1371;1371;1374;1374;1371;1371;1374;1374;117;117;114;114;111;111;108;108;105;105;102;102;99;99;96;96;93;93;90;90;87;87;84;84;82;82;79;79;76;76;73;73;70
1700291245386206.gadget2d_resized_512x512.png;class_0;1.0;polygon;x values;1814;1809;1698;1694;1636;1631;1559;1554;1150;1145;1082;1078;1049;1044;991;986;726;721;683;678;668;664;630;625;399;394;322;317;288;283;235;231;19;14;0;0;4;9;57;62;486;490;572;577;909;914;1164;1169;1246;1251;1337;1342;1525;1530;1573;1578;1612;1617;1698;1703;1852;1857;1905;1910;1953;1958;2026;2030;2146;2151;2199;2204;2228;2233;2285;2290;2459;2459
1700291245386206.gadget2d_resized_512x512.png;class_0;1.0;polygon;y values;175;178;178;181;181;184;184;187;187;190;190;193;193;196;196;199;199;202;202;205;205;208;208;210;210;213;213;216;216;219;219;222;222;225;225;1303;1303;1300;1300;1297;1297;1294;1294;1297;1297;1294;1294;1291;1291;1289;1289;1286;1286;1283;1283;1280;1280;1277;1277;1274;1274;1271;1271;1268;1268;1265;1265;1262;1262;1259;1259;1256;1256;1253;1253;1250;1250;175
1699878865050197.gadget2d_resized_512x512.png;class_0;1.0;polygon;x values;1212;1207;1135;1130;1092;1087;1015;1010;745;741;702;697;678;673;591;587;375;370;317;312;288;283;231;226;28;19;19;28;86;91;567;572;717;721;952;957;1318;1323;1395;1400;1472;1477;1559;1564;1669;1674;1713;1718;1742;1746;1819;1823;2079;2083;2117;2122;2141;2146;2194;2199;2338;2343;2391;2396;2459;2459
1699878865050197.gadget2d_resized_512x512.png;class_0;1.0;polygon;y values;210;213;213;216;216;219;219;222;222;225;225;228;228;231;231;234;234;237;237;240;240;243;243;246;246;251;1315;1321;1321;1318;1318;1315;1315;1312;1312;1309;1309;1306;1306;1303;1303;1300;1300;1297;1297;1294;1294;1291;1291;1289;1289;1286;1286;1283;1283;1280;1280;1277;1277;1274;1274;1271;1271;1268;1268;210
1699961069277931.gadget2d_resized_512x512.png;class_0;1.0;polygon;x values;24;19;19;24;24;91;96;245;250;322;327;360;365;404;409;548;553;630;635;654;659;693;697;779;784;847;851;914;919;991;996;1130;1135;1203;1207;1251;1256;1309;1313;1491;1496;1982;1987;2112;2117;2343;2348;2459;2459;2276;2271;2237;2233;2218;2213;2184;2180;1929;1925;1891;1886;1867;1862;1795;1790;1602;1597;1530;1525;1506;1501;1467;1463;1082;1078;986;981;933;928;683;678
1699961069277931.gadget2d_resized_512x512.png;class_0;1.0;polygon;y values;93;96;1333;1335;1341;1341;1344;1344;1347;1347;1350;1350;1353;1353;1356;1356;1359;1359;1362;1362;1365;1365;1368;1368;1371;1371;1374;1374;1376;1376;1379;1379;1382;1382;1385;1385;1388;1388;1391;1391;1394;1394;1397;1397;1400;1400;1403;1403;140;140;137;137;134;134;131;131;128;128;125;125;123;123;120;120;117;117;114;114;111;111;108;108;105;105;102;102;99;99;96;96;93
1698286336878877.gadget2d_resized_512x512.png;class_0;1.0;polygon;x values;24;19;19;28;187;192;250;255;283;288;346;351;481;486;519;524;543;548;577;582;717;721;794;798;847;851;933;938;1092;1097;1145;1150;1169;1174;1232;1236;1554;1559;1684;1689;1795;1799;2184;2189;2459;2459;2319;2314;2281;2276;2252;2247;2213;2208;2011;2006;1977;1973;1953;1949;1910;1905;1694;1689;1626;1621;1578;1573;1482;1477
1698286336878877.gadget2d_resized_512x512.png;class_0;1.0;polygon;y values;93;96;1327;1333;1333;1335;1335;1338;1338;1341;1341;1344;1344;1347;1347;1350;1350;1353;1353;1356;1356;1359;1359;1362;1362;1365;1365;1368;1368;1371;1371;1374;1374;1376;1376;1379;1379;1382;1382;1385;1385;1388;1388;1391;1391;128;128;125;125;123;123;120;120;117;117;114;114;111;111;108;108;105;105;102;102;99;99;96;96;93
1698237610864321.gadget2d_resized_512x512.png;class_0;1.0;polygon;x values;24;19;19;24;24;33;38;77;81;134;139;317;322;360;365;389;394;437;442;563;567;606;611;630;635;673;678;890;895;981;986;1034;1039;1097;1102;1241;1246;1357;1361;1405;1410;1482;1487;2103;2107;2449;2454;2459;2459;2444;2439;2430;2425;2367;2362;2338;2334;2295;2290;2103;2098;2069;2064;2054;2050;2016;2011;1766;1761;1722;1718;1703;1698;1641;1636;1299;1294;1232;1227;1193;1188;1130;1126
1698237610864321.gadget2d_resized_512x512.png;class_0;1.0;polygon;y values;82;84;1318;1321;1324;1324;1327;1327;1330;1330;1333;1333;1335;1335;1338;1338;1341;1341;1344;1344;1347;1347;1350;1350;1353;1353;1356;1356;1359;1359;1362;1362;1365;1365;1368;1368;1371;1371;1374;1374;1376;1376;1379;1379;1382;1382;1385;1385;125;125;128;128;125;125;123;123;120;120;117;117;114;114;111;111;108;108;105;105;102;102;99;99;96;96;93;93;90;90;87;87;84;84;82
1697970637177364.gadget2d_resized_512x512.png;class_0;1.0;polygon;x values;24;19;19;28;72;77;101;105;154;158;288;293;332;336;360;365;409;413;572;577;683;688;726;731;760;765;856;861;967;972;1010;1015;1082;1087;1193;1198;1284;1289;1333;1337;1410;1414;1934;1939;2127;2131;2204;2208;2459;2459;2324;2319;2290;2285;2276;2271;2247;2242;2035;2030;1987;1982;1953;1949;1905;1900;1689;1684;1645;1641;1626;1621;1592;1588;1284;1280;1174;1169;1097;1092;976;972;750;745;678;673
1697970637177364.gadget2d_resized_512x512.png;class_0;1.0;polygon;y values;93;96;1330;1335;1335;1338;1338;1341;1341;1344;1344;1347;1347;1350;1350;1353;1353;1356;1356;1359;1359;1362;1362;1365;1365;1368;1368;1371;1371;1374;1374;1376;1376;1379;1379;1382;1382;1385;1385;1388;1388;1391;1391;1394;1394;1397;1397;1400;1400;140;140;137;137;134;134;131;131;128;128;125;125;123;123;120;120;117;117;114;114;111;111;108;108;105;105;102;102;99;99;96;96;93;93;96;96;93
1697780530848265.gadget2d_resized_512x512.png;class_0;1.0;polygon;x values;1448;1443;1405;1395;1390;1386;1376;1371;1361;1357;1318;1313;1068;1063;981;976;933;928;808;803;24;19;19;28;158;163;226;231;255;259;303;308;418;423;486;490;519;524;611;616;736;741;770;774;789;794;842;847;1010;1015;1073;1078;1106;1111;1145;1150;1270;1275;1381;1386;1438;1443;1525;1530;2180;2184;2223;2228;2247;2252;2281;2285;2290;2295;2305;2310;2329;2334;2396;2401;2420;2425;2444;2449;2459;2459;2420;2415;2218;2213;2180;2175;2141;2136;1925;1920;1872;1867;1848;1843;1795;1790;1722;1718;1674;1669;1641;1636;1621;1617;1602;1597;1564;1559;1559;1564;1597;1602;1631;1636;1669;1636;1631
1697780530848265.gadget2d_resized_512x512.png;class_0;1.0;polygon;y values;61;64;64;70;70;73;73;76;76;79;79;82;82;79;79;76;76;73;73;70;70;73;1315;1321;1321;1324;1324;1327;1327;1330;1330;1333;1333;1335;1335;1338;1338;1341;1341;1344;1344;1347;1347;1350;1350;1353;1353;1356;1356;1359;1359;1362;1362;1365;1365;1368;1368;1371;1371;1374;1374;1376;1376;1379;1379;1376;1376;1374;1374;1371;1371;1374;1374;1376;1376;1379;1379;1382;1382;1385;1385;1382;1382;1385;1385;117;117;114;114;111;111;108;108;105;105;102;102;99;99;96;96;93;93;90;90;87;87;84;84;82;82;79;79;76;73;70;70;67;67;64;64;64;61
1700399558450925.gadget2d_resized_512x512.png;class_0;1.0;polygon;x values;1357;1352;1265;1260;1198;1193;1106;1102;808;803;760;755;741;736;693;688;457;452;413;409;399;394;341;336;101;96;48;43;19;14;0;0;19;24;216;221;322;327;486;490;616;620;702;707;1111;1116;1222;1227;1323;1328;1429;1434;1698;1703;1756;1761;1790;1795;1881;1886;2050;2054;2093;2098;2127;2131;2175;2180;2391;2396;2459;2459
1700399558450925.gadget2d_resized_512x512.png;class_0;1.0;polygon;y values;164;166;166;169;169;172;172;175;175;178;178;181;181;184;184;187;187;190;190;193;193;196;196;199;199;202;202;205;205;208;208;1286;1286;1283;1283;1280;1280;1277;1277;1274;1274;1277;1277;1274;1274;1271;1271;1268;1268;1265;1265;1262;1262;1259;1259;1256;1256;1253;1253;1250;1250;1248;1248;1245;1245;1242;1242;1239;1239;1236;1236;164
1700006878533652.gadget2d_resized_512x512.png;class_0;1.0;polygon;x values;1419;1414;1313;1309;1256;1251;1174;1169;697;693;654;649;481;476;437;433;409;404;341;336;24;19;19;24;24;28;33;91;96;139;144;178;182;322;327;327;322;322;317;317;308;308;303;303;601;601;596;596;611;616;620;635;640;678;683;885;890;1034;1039;1222;1227;1544;1549;1621;1626;1650;1655;1708;1713;1934;1939;1987;1992;2026;2030;2107;2112;2310;2314;2362;2367;2391;2396;2459;2459;2387;2382;2026;2021;1939;1934;1929
1700006878533652.gadget2d_resized_512x512.png;class_0;1.0;polygon;y values;351;354;354;357;357;360;360;363;363;366;366;363;363;366;366;369;369;372;372;375;375;377;1453;1456;1458;1461;1458;1458;1461;1461;1458;1458;1456;1456;1458;1461;1464;1467;1470;1482;1488;1491;1494;1497;1497;1491;1488;1470;1461;1461;1458;1458;1456;1456;1458;1458;1456;1456;1453;1453;1450;1450;1447;1447;1444;1444;1441;1441;1438;1438;1435;1435;1432;1432;1429;1429;1426;1426;1423;1423;1420;1420;1417;1417;357;357;354;354;351;351;354;351
1698240542930701.gadget2d_resized_512x512.png;class_0;1.0;polygon;x values;24;19;19;24;24;33;38;216;221;293;298;332;336;394;399;505;510;553;558;582;587;625;630;774;779;871;875;967;972;1058;1063;1164;1169;1265;1270;1313;1318;1386;1390;1674;1679;1939;1944;2069;2074;2252;2257;2459;2459;2449;2444;2233;2228;2199;2194;2175;2170;2136;2131;1910;1905;1867;1862;1843;1838;1795;1790;1636;1631;1554;1549;1511;1506;1410;1405
1698240542930701.gadget2d_resized_512x512.png;class_0;1.0;polygon;y values;93;96;1324;1327;1330;1330;1333;1333;1335;1335;1338;1338;1341;1341;1344;1344;1347;1347;1350;1350;1353;1353;1356;1356;1359;1359;1362;1362;1365;1365;1368;1368;1371;1371;1374;1374;1376;1376;1379;1379;1382;1382;1385;1385;1388;1388;1391;1391;131;131;128;128;125;125;123;123;120;120;117;117;114;114;111;111;108;108;105;105;102;102;99;99;96;96;93
1698176486581155.gadget2d_resized_512x512.png;class_0;1.0;polygon;x values;24;19;19;28;101;105;134;139;187;192;327;332;380;385;404;409;447;452;563;567;620;625;644;649;693;697;928;933;986;991;1025;1029;1092;1097;1241;1246;1386;1390;1482;1487;1583;1588;2310;2314;2401;2406;2444;2449;2459;2459;2367;2362;2329;2324;2314;2310;2281;2276;2035;2030;1997;1992;1977;1973;1934;1929;1742;1737;1703;1698;1679;1674;1645;1641;1309;1304;1188;1183;1073;1068;986;981
1698176486581155.gadget2d_resized_512x512.png;class_0;1.0;polygon;y values;93;96;1330;1335;1335;1338;1338;1341;1341;1344;1344;1347;1347;1350;1350;1353;1353;1356;1356;1359;1359;1362;1362;1365;1365;1368;1368;1371;1371;1374;1374;1376;1376;1379;1379;1382;1382;1385;1385;1388;1388;1391;1391;1394;1394;1391;1391;1394;1394;140;140;137;137;134;134;131;131;128;128;125;125;123;123;120;120;117;117;114;114;111;111;108;108;105;105;102;102;99;99;96;96;93
1698309375371705.gadget2d_resized_512x512.png;class_0;1.0;polygon;x values;24;19;19;24;24;154;158;216;221;245;250;293;298;447;452;505;510;529;534;572;577;702;707;750;755;779;784;842;847;1102;1106;1164;1169;1217;1222;1294;1299;1592;1597;1669;1674;1713;1718;2011;2016;2459;2459;2367;2362;2334;2329;2319;2314;2285;2281;2064;2059;2021;2016;1992;1987;1939;1934;1703;1698;1665;1660;1641;1636;1607;1602;1236;1232;1073;1068;1001;996;904;899
1698309375371705.gadget2d_resized_512x512.png;class_0;1.0;polygon;y values;70;73;1315;1318;1321;1321;1324;1324;1327;1327;1330;1330;1333;1333;1335;1335;1338;1338;1341;1341;1344;1344;1347;1347;1350;1350;1353;1353;1356;1356;1359;1359;1362;1362;1365;1365;1368;1368;1371;1371;1374;1374;1376;1376;1379;1379;117;117;114;114;111;111;108;108;105;105;102;102;99;99;96;96;93;93;90;90;87;87;84;84;82;82;79;79;76;76;73;73;70
1700319616678085.gadget2d_resized_512x512.png;class_0;1.0;polygon;x values;1703;1698;1607;1602;1559;1554;1467;1463;1092;1087;996;991;957;952;904;899;654;649;611;606;587;582;524;519;298;293;250;245;226;221;178;173;0;0;19;24;115;120;283;288;341;346;356;360;433;437;510;514;726;731;1174;1179;1256;1260;1318;1323;1429;1434;1597;1602;1669;1674;1713;1718;1780;1785;2011;2016;2059;2064;2088;2093;2151;2156;2281;2285;2329;2334;2362;2367;2415;2420;2459;2459
1700319616678085.gadget2d_resized_512x512.png;class_0;1.0;polygon;y values;175;178;178;181;181;184;184;187;187;190;190;193;193;196;196;199;199;202;202;205;205;208;208;210;210;213;213;216;216;219;219;222;222;1297;1297;1294;1294;1291;1291;1294;1294;1291;1291;1294;1294;1291;1291;1289;1289;1286;1286;1283;1283;1280;1280;1277;1277;1274;1274;1271;1271;1268;1268;1265;1265;1262;1262;1259;1259;1256;1256;1253;1253;1250;1250;1248;1248;1245;1245;1242;1242;1239;1239;175
1700299069463365.gadget2d_resized_512x512.png;class_0;1.0;polygon;x values;1650;1645;1592;1588;1559;1554;1438;1434;1102;1097;1025;1020;991;986;933;928;640;635;553;548;514;510;462;457;288;283;240;235;216;211;173;168;0;0;9;14;890;895;1078;1082;1169;1174;1284;1289;1520;1525;1588;1592;1626;1631;1698;1703;1925;1929;1973;1977;2006;2011;2074;2079;2223;2228;2261;2266;2290;2295;2358;2362;2459;2459
1700299069463365.gadget2d_resized_512x512.png;class_0;1.0;polygon;y values;175;178;178;181;181;184;184;187;187;190;190;193;193;196;196;199;199;202;202;205;205;208;208;210;210;213;213;216;216;219;219;222;222;1300;1300;1297;1297;1294;1294;1291;1291;1289;1289;1286;1286;1283;1283;1280;1280;1277;1277;1274;1274;1271;1271;1268;1268;1265;1265;1262;1262;1259;1259;1256;1256;1253;1253;1250;1250;175
1700006265514092.gadget2d_resized_512x512.png;class_0;1.0;polygon;x values;717;712;707;707;712;721;750;741;726;721;486;481;442;437;404;399;341;336;221;216;192;187;173;168;139;134;24;19;19;24;24;327;332;365;370;659;664;707;712;789;794;1294;1299;1357;1361;1390;1395;1458;1463;1626;1631;1669;1674;1694;1698;1737;1742;1929;1934;1958;1963;1973;1977;1992;1997;2103;2107;2180;2184;2213;2218;2281;2285;2406;2411;2459;2459;2430;2425;2411;2406;2396;2391;2387;2382;2372;2367;2358;2343;2338;2329;2329;2324;2324;2314;2310;2305;2300;2295;2290;2285;2281;2276;2271;2266;2257;2252;2242;2237;2228;2223;2218;2213;2204;2189;2189;2194;2194;2199;2199;2194;2194;2189;2184;2165;2160;2107;2103;2069;2064;2054;2050;2021;2016;1352;1347;1323;1318;1309;1304;1289;1284
1700006265514092.gadget2d_resized_512x512.png;class_0;1.0;polygon;y values;304;307;307;310;313;313;331;336;336;339;339;342;342;345;345;348;348;351;351;354;354;357;357;360;360;363;363;366;1429;1432;1435;1435;1432;1432;1435;1435;1432;1432;1429;1429;1426;1426;1423;1423;1420;1420;1417;1417;1415;1415;1412;1412;1409;1409;1406;1406;1403;1403;1400;1400;1397;1397;1394;1394;1391;1391;1388;1388;1385;1385;1382;1382;1379;1379;1376;1376;445;445;442;442;439;439;436;436;433;433;430;430;421;421;416;413;410;407;401;401;398;398;395;395;392;392;389;389;386;386;383;383;380;380;377;377;375;375;366;363;360;351;348;316;313;310;310;307;307;304;304;307;307;310;310;313;313;316;316;313;313;310;310;307;307;304
1700350345003476.gadget2d_resized_512x512.png;class_0;1.0;polygon;x values;1737;1732;1564;1559;1414;1410;1323;1318;1102;1097;1001;996;948;943;895;890;625;620;558;553;529;524;486;481;298;293;250;245;221;216;173;168;0;0;24;28;332;336;457;462;750;755;1203;1207;1309;1313;1366;1371;1453;1458;1626;1631;1698;1703;1732;1737;1790;1795;2011;2016;2054;2059;2079;2083;2131;2136;2319;2324;2372;2377;2396;2401;2459;2459
1700350345003476.gadget2d_resized_512x512.png;class_0;1.0;polygon;y values;175;178;178;181;181;184;184;187;187;190;190;193;193;196;196;199;199;202;202;205;205;208;208;210;210;213;213;216;216;219;219;222;222;1297;1297;1294;1294;1291;1291;1289;1289;1286;1286;1283;1283;1280;1280;1277;1277;1274;1274;1271;1271;1268;1268;1265;1265;1262;1262;1259;1259;1256;1256;1253;1253;1250;1250;1248;1248;1245;1245;1242;1242;175
1698206494192938.gadget2d_resized_512x512.png;class_0;1.0;polygon;x values;24;19;19;28;86;91;115;120;168;173;327;332;375;380;404;409;457;462;558;563;596;601;620;625;668;673;933;938;1001;1005;1034;1039;1102;1106;1347;1352;1496;1501;1583;1588;1694;1698;2459;2459;2329;2324;2285;2281;2257;2252;2208;2204;1973;1968;1934;1929;1910;1905;1872;1867;1631;1626;1559;1554;1520;1515;1438;1434;1015;1010;933;928;885;880;818;813
1698206494192938.gadget2d_resized_512x512.png;class_0;1.0;polygon;y values;105;108;1341;1347;1347;1350;1350;1353;1353;1356;1356;1359;1359;1362;1362;1365;1365;1368;1368;1371;1371;1374;1374;1376;1376;1379;1379;1382;1382;1385;1385;1388;1388;1391;1391;1394;1394;1397;1397;1400;1400;1403;1403;152;152;149;149;146;146;143;143;140;140;137;137;134;134;131;131;128;128;125;125;123;123;120;120;117;117;114;114;111;111;108;108;105
1699809908110344.gadget2d_resized_512x512.png;class_0;1.0;polygon;x values;24;19;19;24;139;144;192;197;211;216;250;255;428;433;481;486;505;510;543;548;640;644;702;707;731;736;784;789;1092;1097;1155;1159;1183;1188;1256;1260;1525;1530;1626;1631;1708;1713;1929;1934;2459;2459;2454;2449;2420;2415;2406;2401;2372;2367;2112;2107;2074;2069;2054;2050;2011;2006;1771;1766;1742;1737;1722;1718;1703;1698;1405;1400;1304;1299;1280;1275;1203;1198
1699809908110344.gadget2d_resized_512x512.png;class_0;1.0;polygon;y values;70;73;1318;1321;1321;1324;1324;1327;1327;1330;1330;1333;1333;1335;1335;1338;1338;1341;1341;1344;1344;1347;1347;1350;1350;1353;1353;1356;1356;1359;1359;1362;1362;1365;1365;1368;1368;1371;1371;1374;1374;1376;1376;1379;1379;117;117;114;114;111;111;108;108;105;105;102;102;99;99;96;96;93;93;90;90;87;87;84;84;82;82;79;79;76;76;73;73;70
1700072517637264.gadget2d_resized_512x512.png;class_0;1.0;polygon;x values;24;19;19;24;72;77;158;163;192;197;245;250;360;365;423;428;452;457;524;529;697;702;750;755;779;784;818;822;996;1001;1058;1063;1087;1092;1130;1135;1251;1256;1328;1333;1395;1400;1491;1496;2054;2059;2367;2372;2459;2459;2439;2435;2247;2242;2199;2194;2175;2170;2136;2131;1910;1905;1872;1867;1857;1852;1814;1809;1660;1655;1578;1573;1540;1535;1438;1434;1092;1087;1020;1015;986;981;871;866
1700072517637264.gadget2d_resized_512x512.png;class_0;1.0;polygon;y values;82;84;1330;1333;1333;1335;1335;1338;1338;1341;1341;1344;1344;1347;1347;1350;1350;1353;1353;1356;1356;1359;1359;1362;1362;1365;1365;1368;1368;1371;1371;1374;1374;1376;1376;1379;1379;1382;1382;1385;1385;1388;1388;1391;1391;1394;1394;1397;1397;131;131;128;128;125;125;123;123;120;120;117;117;114;114;111;111;108;108;105;105;102;102;99;99;96;96;93;93;90;90;87;87;84;84;82
1699811434137962.gadget2d_resized_512x512.png;class_0;1.0;polygon;x values;24;19;19;24;24;38;43;231;235;288;293;322;327;404;409;519;524;558;563;577;582;606;611;890;895;972;976;1020;1025;1106;1111;1280;1284;1357;1361;1390;1395;1472;1477;2459;2459;2353;2348;2319;2314;2295;2290;2257;2252;1997;1992;1953;1949;1939;1934;1896;1891;1631;1626;1573;1568;1540;1535;1477;1472
1699811434137962.gadget2d_resized_512x512.png;class_0;1.0;polygon;y values;82;84;1324;1327;1330;1330;1333;1333;1335;1335;1338;1338;1341;1341;1344;1344;1347;1347;1350;1350;1353;1353;1356;1356;1359;1359;1362;1362;1365;1365;1368;1368;1371;1371;1374;1374;1376;1376;1379;1379;117;117;114;114;111;111;108;108;105;105;102;102;99;99;96;96;93;93;90;90;87;87;84;84;82
1699992480938372.gadget2d_resized_512x512.png;class_0;1.0;polygon;x values;24;19;19;24;105;110;168;173;197;202;245;250;389;394;442;447;471;476;534;539;717;721;760;765;779;784;827;832;1010;1015;1087;1092;1121;1126;1164;1169;1275;1280;1429;1434;1540;1544;1636;1641;2218;2223;2459;2459;2372;2367;2329;2324;2305;2300;2276;2271;2103;2098;2054;2050;2026;2021;1949;1944;1679;1674;1631;1626;1602;1597;1573;1568;1366;1361;1222;1217;1183;1179;1073;1068
1699992480938372.gadget2d_resized_512x512.png;class_0;1.0;polygon;y values;93;96;1330;1333;1333;1335;1335;1338;1338;1341;1341;1344;1344;1347;1347;1350;1350;1353;1353;1356;1356;1359;1359;1362;1362;1365;1365;1368;1368;1371;1371;1374;1374;1376;1376;1379;1379;1382;1382;1385;1385;1388;1388;1391;1391;1394;1394;140;140;137;137;134;134;131;131;128;128;125;125;123;123;120;120;117;117;114;114;111;111;108;108;105;105;102;102;99;99;96;96;93
1698022181261812.gadget2d_resized_512x512.png;class_0;1.0;polygon;x values;24;19;19;24;62;67;115;120;139;144;240;245;399;404;466;471;490;495;529;534;683;688;736;741;755;760;794;798;1049;1053;1097;1102;1126;1130;1164;1169;1386;1390;1515;1520;1612;1617;1732;1737;1823;1828;1876;1881;2459;2459;2343;2338;2314;2310;2295;2290;2261;2257;2006;2002;1949;1944;1929;1925;1881;1876;1660;1655;1617;1612;1597;1592;1568;1564;1116;1111;1020;1015;962;957;750;745
1698022181261812.gadget2d_resized_512x512.png;class_0;1.0;polygon;y values;93;96;1341;1344;1344;1347;1347;1350;1350;1353;1353;1356;1356;1359;1359;1362;1362;1365;1365;1368;1368;1371;1371;1374;1374;1376;1376;1379;1379;1382;1382;1385;1385;1388;1388;1391;1391;1394;1394;1397;1397;1400;1400;1403;1403;1400;1400;1403;1403;140;140;137;137;134;134;131;131;128;128;125;125;123;123;120;120;117;117;114;114;111;111;108;108;105;105;102;102;99;99;96;96;93
1699989193325885.gadget2d_resized_512x512.png;class_0;1.0;polygon;x values;1270;1265;1193;1188;1159;1155;933;928;389;385;293;288;264;259;216;211;24;19;19;24;861;866;875;880;885;899;899;909;914;928;933;938;972;976;1102;1106;1270;1275;1477;1482;1742;1746;1799;1804;1833;1838;1944;1949;2093;2098;2175;2180;2213;2218;2281;2285;2459;2459
1699989193325885.gadget2d_resized_512x512.png;class_0;1.0;polygon;y values;363;366;366;369;369;372;372;375;375;377;377;380;380;383;383;386;386;389;1470;1473;1473;1470;1470;1467;1467;1458;1456;1450;1450;1441;1441;1438;1438;1435;1435;1432;1432;1429;1429;1426;1426;1423;1423;1420;1420;1417;1417;1415;1415;1412;1412;1409;1409;1406;1406;1403;1403;363
1698314076449718.gadget2d_resized_512x512.png;class_0;1.0;polygon;x values;24;19;19;24;110;115;158;163;178;182;226;231;389;394;447;452;476;481;519;524;620;625;668;673;697;702;741;745;972;976;1063;1068;1111;1116;1164;1169;1318;1323;1405;1410;1448;1453;1540;1544;2382;2387;2401;2406;2449;2454;2459;2459;2425;2420;2387;2382;2367;2362;2334;2329;2093;2088;2035;2030;2011;2006;1953;1949;1746;1742;1708;1703;1694;1689;1665;1660;1318;1313;1217;1212;1164;1159;1049;1044
1698314076449718.gadget2d_resized_512x512.png;class_0;1.0;polygon;y values;70;73;1318;1321;1321;1324;1324;1327;1327;1330;1330;1333;1333;1335;1335;1338;1338;1341;1341;1344;1344;1347;1347;1350;1350;1353;1353;1356;1356;1359;1359;1362;1362;1365;1365;1368;1368;1371;1371;1374;1374;1376;1376;1379;1379;1382;1382;1379;1379;1382;1382;117;117;114;114;111;111;108;108;105;105;102;102;99;99;96;96;93;93;90;90;87;87;84;84;82;82;79;79;76;76;73;73;70
1698235467819410.gadget2d_resized_512x512.png;class_0;1.0;polygon;x values;24;19;19;28;245;250;303;308;327;332;375;380;524;529;591;596;630;635;678;683;794;798;866;871;909;914;1001;1005;1203;1207;1299;1304;1352;1357;1438;1443;1920;1925;2165;2170;2285;2290;2377;2382;2459;2459;2329;2324;2290;2285;2276;2271;2237;2233;2026;2021;1982;1977;1958;1953;1915;1910;1694;1689;1641;1636;1612;1607;1559;1554;1260;1256;1155;1150;1087;1082;976;972
1698235467819410.gadget2d_resized_512x512.png;class_0;1.0;polygon;y values;82;84;1315;1321;1321;1324;1324;1327;1327;1330;1330;1333;1333;1335;1335;1338;1338;1341;1341;1344;1344;1347;1347;1350;1350;1353;1353;1356;1356;1359;1359;1362;1362;1365;1365;1368;1368;1371;1371;1374;1374;1376;1376;1379;1379;128;128;125;125;123;123;120;120;117;117;114;114;111;111;108;108;105;105;102;102;99;99;96;96;93;93;90;90;87;87;84;84;82
1700409551371165.gadget2d_resized_512x512.png;class_0;1.0;polygon;x values;1376;1371;1284;1280;1222;1217;1150;1145;808;803;765;760;750;745;707;702;452;447;423;418;404;399;370;365;134;129;81;77;43;38;0;0;4;9;24;28;895;899;1078;1082;1174;1179;1299;1304;1496;1501;1564;1568;1612;1617;1694;1698;1925;1929;1977;1982;2006;2011;2054;2059;2199;2204;2261;2266;2295;2300;2358;2362;2459;2459
1700409551371165.gadget2d_resized_512x512.png;class_0;1.0;polygon;y values;164;166;166;169;169;172;172;175;175;178;178;181;181;184;184;187;187;190;190;193;193;196;196;199;199;202;202;205;205;208;208;1291;1291;1289;1289;1286;1286;1283;1283;1280;1280;1277;1277;1274;1274;1271;1271;1268;1268;1265;1265;1262;1262;1259;1259;1256;1256;1253;1253;1250;1250;1248;1248;1245;1245;1242;1242;1239;1239;164
1697995671705978.gadget2d_resized_512x512.png;class_0;1.0;polygon;x values;24;19;19;24;24;134;139;197;202;226;231;279;283;418;423;471;476;500;505;553;558;707;712;750;755;774;779;822;827;1053;1058;1121;1126;1155;1159;1241;1246;1544;1549;1626;1631;1771;1775;2079;2083;2459;2459;2435;2430;2348;2343;2136;2131;2107;2103;2093;2088;2059;2054;1823;1819;1775;1771;1751;1746;1708;1703;1506;1501;1419;1414;1386;1381;1318;1313
1697995671705978.gadget2d_resized_512x512.png;class_0;1.0;polygon;y values;105;108;1338;1341;1344;1344;1347;1347;1350;1350;1353;1353;1356;1356;1359;1359;1362;1362;1365;1365;1368;1368;1371;1371;1374;1374;1376;1376;1379;1379;1382;1382;1385;1385;1388;1388;1391;1391;1394;1394;1397;1397;1400;1400;1403;1403;146;146;143;143;140;140;137;137;134;134;131;131;128;128;125;125;123;123;120;120;117;117;114;114;111;111;108;108;105
1697783221903840.gadget2d_resized_512x512.png;class_0;1.0;polygon;x values;38;28;28;24;24;19;19;24;24;28;28;38;43;67;72;72;81;81;110;120;125;129;139;144;158;168;173;178;192;197;206;211;240;245;255;259;274;283;288;298;303;308;312;327;293;293;274;264;259;235;231;211;206;187;182;168;163;149;144;120;115;96;91;81;77;72;67;62;48;43;43;38;38;33;33;28;28;24;24;19;19;28;120;125;197;202;245;250;303;308;389;394;466;471;495;500;539;543;736;741;779;784;813;818;880;885;996;1001;1087;1092;1130;1135;1183;1188;1260;1265;1333;1337;1405;1410;1525;1530;2098;2103;2439;2444;2459;2459;2358;2353;2285;2281;2257;2252;2218;2213;2054;2050;1958;1953;1929;1925;1881;1876;1746;1742;1684;1679;1650;1645;1626;1621;1592;1588;1549;1544;1414;1410;1333;1328;1246;1241;1053;1049;986;981;842;837;693;688;635;630;591;587;553;548;514;510;471;466;428;423;404;399;385;380;341;336;283;279;250;245;240;235;231;216;216;211;211;202;197;192;187;182;173;168;158;154;120;115;105;96;96;86;86;81;81;86;86;77;67;52;52
1697783221903840.gadget2d_resized_512x512.png;class_0;1.0;polygon;y values;87;93;105;108;164;166;181;184;199;202;205;205;208;208;210;213;219;222;222;216;216;213;213;210;210;205;205;202;202;199;199;196;196;193;193;190;190;196;196;202;202;205;205;213;234;237;249;249;251;251;254;254;257;257;260;260;263;263;266;266;263;263;266;266;269;269;272;272;263;266;269;272;275;278;281;284;292;295;336;339;1327;1333;1333;1335;1335;1338;1338;1341;1341;1344;1344;1347;1347;1350;1350;1353;1353;1356;1356;1359;1359;1362;1362;1365;1365;1368;1368;1371;1371;1374;1374;1376;1376;1379;1379;1382;1382;1385;1385;1388;1388;1391;1391;1394;1394;1397;1397;140;140;137;137;134;134;131;131;128;128;125;125;123;123;120;120;117;117;114;114;111;111;108;108;105;105;102;102;99;99;102;102;105;105;102;102;99;99;96;96;93;93;90;90;93;93;96;96;93;93;90;90;93;93;96;96;99;99;102;102;105;105;108;108;111;111;114;114;123;125;128;131;137;137;140;140;143;143;146;146;149;149;146;146;140;137;131;128;125;114;111;105;99;99;90;87
1699993917379306.gadget2d_resized_512x512.png;class_0;1.0;polygon;x values;880;875;765;760;745;741;736;731;731;707;702;697;616;611;567;563;543;539;495;490;279;274;216;211;192;187;144;139;24;19;19;24;24;28;52;57;394;399;558;563;596;601;697;702;779;784;1010;1015;1371;1376;1458;1463;1501;1506;1564;1568;1713;1718;1790;1795;1838;1843;1939;1944;2079;2083;2136;2141;2165;2170;2208;2213;2343;2348;2406;2411;2459;2459;1761;1756;1636;1631;1583;1578;1448;1443;1078;1073;1063;1044;1039;1034;1029;1025
1699993917379306.gadget2d_resized_512x512.png;class_0;1.0;polygon;y values;284;287;287;290;290;292;292;295;298;313;313;316;316;319;319;322;322;325;325;328;328;331;331;333;333;336;336;339;339;342;1403;1406;1409;1412;1412;1409;1409;1412;1412;1415;1415;1412;1412;1409;1409;1406;1406;1403;1403;1400;1400;1397;1397;1394;1394;1391;1391;1388;1388;1385;1385;1382;1382;1379;1379;1376;1376;1374;1374;1371;1371;1368;1368;1365;1365;1362;1362;292;292;295;295;298;298;301;301;304;304;301;301;290;290;287;287;284
1698685538431542.gadget2d_resized_512x512.png;class_0;1.0;polygon;x values;24;19;19;24;33;38;105;110;134;139;197;202;356;360;418;423;442;447;495;500;668;673;712;717;736;741;774;779;1029;1034;1097;1102;1130;1135;1179;1183;1366;1371;1506;1511;1602;1607;1862;1867;2459;2459;2435;2430;2199;2194;2170;2165;2146;2141;2117;2112;1852;1848;1809;1804;1785;1780;1746;1742;1515;1511;1438;1434;1405;1400;1318;1313
1698685538431542.gadget2d_resized_512x512.png;class_0;1.0;polygon;y values;82;84;1318;1321;1321;1324;1324;1327;1327;1330;1330;1333;1333;1335;1335;1338;1338;1341;1341;1344;1344;1347;1347;1350;1350;1353;1353;1356;1356;1359;1359;1362;1362;1365;1365;1368;1368;1371;1371;1374;1374;1376;1376;1379;1379;120;120;117;117;114;114;111;111;108;108;105;105;102;102;99;99;96;96;93;93;90;90;87;87;84;84;82
1698253463204757.gadget2d_resized_512x512.png;class_0;1.0;polygon;x values;24;19;19;24;24;62;67;255;259;312;317;332;336;375;380;529;534;577;582;596;601;640;644;813;818;885;890;928;933;1010;1015;1198;1203;1280;1284;1323;1328;1381;1386;1713;1718;1823;1828;1944;1949;2252;2257;2329;2334;2459;2459;2362;2358;2334;2329;2319;2314;2285;2281;2064;2059;2011;2006;1973;1968;1915;1910;1703;1698;1669;1665;1650;1645;1626;1621;1251;1246;1068;1063;1015;1010;880;875
1698253463204757.gadget2d_resized_512x512.png;class_0;1.0;polygon;y values;70;73;1312;1315;1318;1318;1321;1321;1324;1324;1327;1327;1330;1330;1333;1333;1335;1335;1338;1338;1341;1341;1344;1344;1347;1347;1350;1350;1353;1353;1356;1356;1359;1359;1362;1362;1365;1365;1368;1368;1371;1371;1368;1368;1371;1371;1374;1374;1376;1376;117;117;114;114;111;111;108;108;105;105;102;102;99;99;96;96;93;93;90;90;87;87;84;84;82;82;79;79;76;76;73;73;70
1700323242719391.gadget2d_resized_512x512.png;class_0;1.0;polygon;x values;1602;1597;1520;1515;1472;1467;1395;1390;1010;1005;948;943;919;914;866;861;519;514;490;486;476;471;442;437;255;250;211;206;182;178;139;134;0;0;423;428;678;683;755;760;976;981;1347;1352;1410;1414;1463;1467;1564;1568;1746;1751;1809;1814;1848;1852;1905;1910;2064;2069;2122;2127;2151;2156;2199;2204;2372;2377;2420;2425;2459;2459
1700323242719391.gadget2d_resized_512x512.png;class_0;1.0;polygon;y values;175;178;178;181;181;184;184;187;187;190;190;193;193;196;196;199;199;202;202;205;205;208;208;210;210;213;213;216;216;219;219;222;222;1297;1297;1294;1294;1291;1291;1289;1289;1286;1286;1283;1283;1280;1280;1277;1277;1274;1274;1271;1271;1268;1268;1265;1265;1262;1262;1259;1259;1256;1256;1253;1253;1250;1250;1248;1248;1245;1245;175
1700340900905254.gadget2d_resized_512x512.png;class_0;1.0;polygon;x values;1785;1780;1669;1665;1597;1592;1496;1491;1169;1164;1087;1082;1025;1020;957;952;697;693;649;644;625;620;548;543;346;341;293;288;269;264;211;206;14;9;0;0;4;9;673;678;779;784;861;866;1121;1126;1386;1390;1467;1472;1520;1525;1592;1597;1775;1780;1828;1833;1857;1862;1934;1939;2088;2093;2136;2141;2165;2170;2204;2208;2367;2372;2415;2420;2459;2459
1700340900905254.gadget2d_resized_512x512.png;class_0;1.0;polygon;y values;175;178;178;181;181;184;184;187;187;190;190;193;193;196;196;199;199;202;202;205;205;208;208;210;210;213;213;216;216;219;219;222;222;225;225;1300;1300;1297;1297;1294;1294;1291;1291;1289;1289;1286;1286;1283;1283;1280;1280;1277;1277;1274;1274;1271;1271;1268;1268;1265;1265;1262;1262;1259;1259;1256;1256;1253;1253;1250;1250;1248;1248;1245;1245;175
1698164603330848.gadget2d_resized_512x512.png;class_0;1.0;polygon;x values;24;19;19;28;67;72;91;96;134;139;312;317;365;370;394;399;447;452;553;558;587;591;606;611;649;654;842;847;957;962;1015;1020;1092;1097;1236;1241;1313;1318;1352;1357;1419;1424;1939;1944;2184;2189;2300;2305;2459;2459;2382;2377;2343;2338;2324;2319;2290;2285;2069;2064;2035;2030;2016;2011;1977;1973;1756;1751;1713;1708;1684;1679;1636;1631;1304;1299;1236;1232;1169;1164;1082;1078
1698164603330848.gadget2d_resized_512x512.png;class_0;1.0;polygon;y values;82;84;1318;1324;1324;1327;1327;1330;1330;1333;1333;1335;1335;1338;1338;1341;1341;1344;1344;1347;1347;1350;1350;1353;1353;1356;1356;1359;1359;1362;1362;1365;1365;1368;1368;1371;1371;1374;1374;1376;1376;1379;1379;1382;1382;1385;1385;1388;1388;128;128;125;125;123;123;120;120;117;117;114;114;111;111;108;108;105;105;102;102;99;99;96;96;93;93;90;90;87;87;84;84;82
1700399571452362.gadget2d_resized_512x512.png;class_0;1.0;polygon;x values;1694;1689;1564;1559;1496;1491;1410;1405;1063;1058;1005;1001;981;976;943;938;668;664;553;548;510;505;457;452;288;283;255;250;240;235;202;197;0;0;9;14;19;24;308;312;322;327;336;341;346;351;356;360;365;370;399;404;413;418;423;428;433;437;442;447;452;457;591;596;914;919;1130;1135;1188;1193;1323;1328;1482;1487;1544;1549;1578;1583;1636;1641;1862;1867;1910;1915;1939;1944;2006;2011;2136;2141;2189;2194;2213;2218;2276;2281;2459;2459
1700399571452362.gadget2d_resized_512x512.png;class_0;1.0;polygon;y values;164;166;166;169;169;172;172;175;175;178;178;181;181;184;184;187;187;190;190;193;193;196;196;199;199;202;202;205;205;208;208;210;210;1294;1294;1291;1291;1289;1289;1291;1291;1294;1294;1297;1297;1300;1300;1303;1303;1306;1306;1303;1303;1300;1300;1297;1297;1294;1294;1291;1291;1289;1289;1286;1286;1283;1283;1280;1280;1277;1277;1274;1274;1271;1271;1268;1268;1265;1265;1262;1262;1259;1259;1256;1256;1253;1253;1250;1250;1248;1248;1245;1245;1242;1242;1239;1239;164
1700383618971234.gadget2d_resized_512x512.png;class_0;1.0;polygon;x values;360;356;24;19;19;28;144;149;182;187;245;250;380;385;442;447;471;476;534;539;726;731;765;770;789;794;866;871;1049;1053;1126;1130;1155;1159;1203;1207;1366;1371;1568;1573;1708;1713;1848;1852;2425;2430;2435;2439;2459;2459;2439;2435;2194;2189;2136;2131;2107;2103;2064;2059;1780;1775;1732;1727;1713;1708;1684;1679;1607;1602;1236;1232;1203;1198;1121;1116;418;413
1700383618971234.gadget2d_resized_512x512.png;class_0;1.0;polygon;y values;90;93;93;96;1330;1335;1335;1338;1338;1341;1341;1344;1344;1347;1347;1350;1350;1353;1353;1356;1356;1359;1359;1362;1362;1365;1365;1368;1368;1371;1371;1374;1374;1376;1376;1379;1379;1382;1382;1385;1385;1388;1388;1391;1391;1388;1388;1391;1391;131;131;128;128;125;125;123;123;120;120;117;117;114;114;111;111;108;108;105;105;102;102;99;99;96;96;93;93;90
1698092043761827.gadget2d_resized_512x512.png;class_0;1.0;polygon;x values;24;19;19;24;24;52;57;211;216;279;283;317;322;389;394;476;481;519;524;548;553;601;606;760;765;933;938;986;991;1049;1053;1135;1140;1188;1193;1232;1236;1318;1323;1722;1727;1775;1780;2151;2156;2223;2228;2411;2415;2435;2439;2459;2459;2391;2387;2338;2334;2319;2314;2271;2266;2045;2040;2011;2006;1992;1987;1949;1944;1713;1708;1665;1660;1636;1631;1588;1583;1270;1265;1183;1179;1140;1135;1044;1039
1698092043761827.gadget2d_resized_512x512.png;class_0;1.0;polygon;y values;82;84;1324;1327;1330;1330;1333;1333;1335;1335;1338;1338;1341;1341;1344;1344;1347;1347;1350;1350;1353;1353;1356;1356;1359;1359;1362;1362;1365;1365;1368;1368;1371;1371;1374;1374;1376;1376;1379;1379;1376;1376;1379;1379;1382;1382;1385;1385;1382;1382;1385;1385;128;128;125;125;123;123;120;120;117;117;114;114;111;111;108;108;105;105;102;102;99;99;96;96;93;93;90;90;87;87;84;84;82
1698682332368749.gadget2d_resized_512x512.png;class_0;1.0;polygon;x values;24;19;19;28;173;178;231;235;250;255;298;303;466;471;514;519;548;553;625;630;750;755;789;794;827;832;919;924;1130;1135;1183;1188;1241;1246;1323;1328;1549;1554;1848;1852;1910;1915;2208;2213;2459;2459;2449;2444;2204;2199;2175;2170;2160;2156;2131;2127;1900;1896;1852;1848;1823;1819;1771;1766;1549;1544;1506;1501;1482;1477;1438;1434
1698682332368749.gadget2d_resized_512x512.png;class_0;1.0;polygon;y values;82;84;1315;1321;1321;1324;1324;1327;1327;1330;1330;1333;1333;1335;1335;1338;1338;1341;1341;1344;1344;1347;1347;1350;1350;1353;1353;1356;1356;1359;1359;1362;1362;1365;1365;1368;1368;1371;1371;1374;1374;1376;1376;1379;1379;120;120;117;117;114;114;111;111;108;108;105;105;102;102;99;99;96;96;93;93;90;90;87;87;84;84;82
1699850661706818.gadget2d_resized_512x512.png;class_0;1.0;polygon;x values;1703;1698;1597;1592;1549;1544;1438;1434;1044;1039;948;943;924;919;880;875;553;548;514;510;495;490;466;462;283;279;221;216;192;187;139;134;0;0;4;9;418;423;789;794;909;914;1188;1193;1395;1400;1482;1487;1544;1549;1617;1621;1718;1722;1771;1775;1804;1809;1977;1982;2151;2156;2194;2199;2223;2228;2290;2295;2387;2391;2459;2459
1699850661706818.gadget2d_resized_512x512.png;class_0;1.0;polygon;y values;199;202;202;205;205;208;208;210;210;213;213;216;216;219;219;222;222;225;225;228;228;231;231;234;234;237;237;240;240;243;243;246;246;1324;1324;1321;1321;1318;1318;1315;1315;1312;1312;1309;1309;1306;1306;1303;1303;1300;1300;1297;1297;1294;1294;1291;1291;1289;1289;1286;1286;1283;1283;1280;1280;1277;1277;1274;1274;1271;1271;199
1698116928294566.gadget2d_resized_512x512.png;class_0;1.0;polygon;x values;24;19;19;24;134;139;192;197;216;221;259;264;437;442;486;490;510;514;539;543;683;688;741;745;832;837;948;952;1145;1150;1203;1207;1260;1265;1400;1405;1592;1597;2035;2040;2300;2305;2459;2459;2391;2387;2358;2353;2343;2338;2314;2310;2030;2026;1987;1982;1963;1958;1915;1910;1713;1708;1674;1669;1665;1660;1631;1626;1260;1256;1082;1078;1034;1029;952;948
1698116928294566.gadget2d_resized_512x512.png;class_0;1.0;polygon;y values;70;73;1318;1321;1321;1324;1324;1327;1327;1330;1330;1333;1333;1335;1335;1338;1338;1341;1341;1344;1344;1347;1347;1350;1350;1353;1353;1356;1356;1359;1359;1362;1362;1365;1365;1368;1368;1371;1371;1374;1374;1376;1376;117;117;114;114;111;111;108;108;105;105;102;102;99;99;96;96;93;93;90;90;87;87;84;84;82;82;79;79;76;76;73;73;70
1699033232507761.gadget2d_resized_512x512.png;class_0;1.0;polygon;x values;24;19;19;24;62;67;125;129;149;154;197;202;389;394;442;447;476;481;519;524;659;664;702;707;721;726;755;760;996;1001;1073;1078;1111;1116;1169;1174;1366;1371;1472;1477;1520;1525;1607;1612;2449;2454;2459;2459;2425;2420;2362;2358;2131;2127;2103;2098;2088;2083;2054;2050;1775;1771;1737;1732;1713;1708;1674;1669;1443;1438;1366;1361;1313;1309;1179;1174
1699033232507761.gadget2d_resized_512x512.png;class_0;1.0;polygon;y values;82;84;1318;1321;1321;1324;1324;1327;1327;1330;1330;1333;1333;1335;1335;1338;1338;1341;1341;1344;1344;1347;1347;1350;1350;1353;1353;1356;1356;1359;1359;1362;1362;1365;1365;1368;1368;1371;1371;1374;1374;1376;1376;1379;1379;1382;1382;123;123;120;120;117;117;114;114;111;111;108;108;105;105;102;102;99;99;96;96;93;93;90;90;87;87;84;84;82
1700300396480996.gadget2d_resized_512x512.png;class_0;1.0;polygon;x values;2257;2252;1968;1963;1814;1809;1669;1665;1212;1207;1150;1145;1111;1106;1025;1020;760;755;688;683;649;644;505;500;385;380;351;346;332;327;298;293;28;19;19;24;24;635;640;731;736;808;813;1015;1020;1352;1357;1434;1438;1482;1487;1568;1573;1756;1761;1809;1814;1833;1838;1900;1905;2069;2074;2131;2136;2165;2170;2208;2213;2387;2391;2459;2459;2449;2444
1700300396480996.gadget2d_resized_512x512.png;class_0;1.0;polygon;y values;164;166;166;169;169;172;172;175;175;178;178;181;181;184;184;187;187;190;190;193;193;196;196;199;199;202;202;205;205;208;208;210;210;216;1291;1294;1297;1297;1294;1294;1291;1291;1289;1289;1286;1286;1283;1283;1280;1280;1277;1277;1274;1274;1271;1271;1268;1268;1265;1265;1262;1262;1259;1259;1256;1256;1253;1253;1250;1250;1248;1248;166;166;164
1698010263010898.gadget2d_resized_512x512.png;class_0;1.0;polygon;x values;24;19;19;24;24;28;139;144;312;317;365;370;394;399;442;447;611;616;659;664;678;683;717;721;991;996;1068;1073;1106;1111;1164;1169;1352;1357;1559;1564;1636;1641;1953;1958;2459;2459;2338;2334;2305;2300;2290;2285;2257;2252;2016;2011;1963;1958;1939;1934;1900;1896;1718;1713;1674;1669;1607;1602;1520;1515
1698010263010898.gadget2d_resized_512x512.png;class_0;1.0;polygon;y values;82;84;1333;1335;1338;1341;1341;1344;1344;1347;1347;1350;1350;1353;1353;1356;1356;1359;1359;1362;1362;1365;1365;1368;1368;1371;1371;1374;1374;1376;1376;1379;1379;1382;1382;1385;1385;1388;1388;1391;1391;117;117;114;114;111;111;108;108;105;105;102;102;99;99;96;96;93;93;90;90;87;87;84;84;82
1699989049324488.gadget2d_resized_512x512.png;class_0;1.0;polygon;x values;904;899;847;842;774;770;745;741;736;726;712;707;664;659;630;625;524;519;437;433;274;269;231;226;206;202;168;163;0;0;9;14;24;28;33;38;48;52;168;173;360;365;447;452;668;673;741;745;822;827;1188;1193;1448;1453;1530;1535;1573;1578;1636;1641;1785;1790;1862;1867;1905;1910;1953;1958;2127;2131;2184;2189;2218;2223;2285;2290;2459;2459;2281;2276;2050;2045;1944;1939;1275;1270;1179;1174;1097;1092;1068;1063;1044;1039;1025;1020;1010;1005
1699989049324488.gadget2d_resized_512x512.png;class_0;1.0;polygon;y values;284;287;287;290;290;292;292;295;295;301;301;304;304;307;307;310;310;313;313;316;316;319;319;322;322;325;325;328;328;1400;1400;1397;1397;1394;1394;1397;1397;1394;1394;1397;1397;1400;1400;1403;1403;1400;1400;1397;1397;1394;1394;1391;1391;1388;1388;1385;1385;1382;1382;1379;1379;1376;1376;1374;1374;1371;1371;1368;1368;1365;1365;1362;1362;1359;1359;1356;1356;284;284;287;287;290;290;292;292;295;295;298;298;295;295;292;292;290;290;287;287;284
1700358213091248.gadget2d_resized_512x512.png;class_0;1.0;polygon;x values;1718;1713;1626;1621;1578;1573;1477;1472;1126;1121;1053;1049;1001;996;943;938;688;683;654;649;635;630;596;591;336;332;288;283;255;250;206;202;19;14;0;0;33;38;664;668;717;721;847;851;1280;1284;1347;1352;1395;1400;1487;1491;1703;1708;1756;1761;1785;1790;1833;1838;2040;2045;2079;2083;2103;2107;2165;2170;2343;2348;2401;2406;2425;2430;2459;2459
1700358213091248.gadget2d_resized_512x512.png;class_0;1.0;polygon;y values;175;178;178;181;181;184;184;187;187;190;190;193;193;196;196;199;199;202;202;205;205;208;208;210;210;213;213;216;216;219;219;222;222;225;225;1297;1297;1294;1294;1291;1291;1289;1289;1286;1286;1283;1283;1280;1280;1277;1277;1274;1274;1271;1271;1268;1268;1265;1265;1262;1262;1259;1259;1256;1256;1253;1253;1250;1250;1248;1248;1245;1245;1242;1242;175
1698102626989816.gadget2d_resized_512x512.png;class_0;1.0;polygon;x values;24;19;19;24;91;96;154;158;178;182;226;231;404;409;462;466;486;490;543;548;683;688;736;741;765;770;847;851;1130;1135;1183;1188;1241;1246;1323;1328;1674;1679;1823;1828;1896;1900;2367;2372;2459;2459;2454;2449;2228;2223;2204;2199;2184;2180;2160;2156;1848;1843;1814;1809;1795;1790;1751;1746;1511;1506;1429;1424;1395;1390;1289;1284
1698102626989816.gadget2d_resized_512x512.png;class_0;1.0;polygon;y values;58;61;1318;1321;1321;1324;1324;1327;1327;1330;1330;1333;1333;1335;1335;1338;1338;1341;1341;1344;1344;1347;1347;1350;1350;1353;1353;1356;1356;1359;1359;1362;1362;1365;1365;1368;1368;1371;1371;1368;1368;1371;1371;1374;1374;96;96;93;93;90;90;87;87;84;84;82;82;79;79;76;76;73;73;70;70;67;67;64;64;61;61;58
1700106958351976.gadget2d_resized_512x512.png;class_0;1.0;polygon;x values;24;19;19;28;67;72;129;134;259;264;341;346;370;375;423;428;548;553;611;616;635;640;683;688;818;822;924;928;996;1001;1078;1082;1159;1164;1236;1241;1275;1280;1328;1333;1554;1559;1910;1915;2107;2112;2319;2324;2459;2459;2247;2242;2204;2199;2184;2180;2151;2146;1910;1905;1872;1867;1857;1852;1799;1795;1612;1607;1525;1520;1477;1472;1414;1410;1053;1049;943;938;861;856;750;745
1700106958351976.gadget2d_resized_512x512.png;class_0;1.0;polygon;y values;93;96;1321;1327;1327;1330;1330;1333;1333;1335;1335;1338;1338;1341;1341;1344;1344;1347;1347;1350;1350;1353;1353;1356;1356;1359;1359;1362;1362;1365;1365;1368;1368;1371;1371;1374;1374;1376;1376;1379;1379;1382;1382;1385;1385;1388;1388;1391;1391;140;140;137;137;134;134;131;131;128;128;125;125;123;123;120;120;117;117;114;114;111;111;108;108;105;105;102;102;99;99;96;96;93
1699814493204858.gadget2d_resized_512x512.png;class_0;1.0;polygon;x values;24;19;19;28;77;81;101;105;139;144;327;332;380;385;399;404;442;447;553;558;606;611;630;635;673;678;914;919;1001;1005;1039;1044;1097;1102;1275;1280;1352;1357;1381;1386;1438;1443;2334;2338;2459;2459;2387;2382;2348;2343;2295;2290;2103;2098;2064;2059;2050;2045;2011;2006;1761;1756;1722;1718;1708;1703;1669;1665;1299;1294;1236;1232;1207;1203;1140;1135
1699814493204858.gadget2d_resized_512x512.png;class_0;1.0;polygon;y values;82;84;1318;1324;1324;1327;1327;1330;1330;1333;1333;1335;1335;1338;1338;1341;1341;1344;1344;1347;1347;1350;1350;1353;1353;1356;1356;1359;1359;1362;1362;1365;1365;1368;1368;1371;1371;1374;1374;1376;1376;1379;1379;1382;1382;125;125;123;123;120;120;117;117;114;114;111;111;108;108;105;105;102;102;99;99;96;96;93;93;90;90;87;87;84;84;82
1699940833856839.gadget2d_resized_512x512.png;class_0;1.0;polygon;x values;24;19;19;24;24;28;91;96;139;144;279;283;332;336;351;356;389;394;611;616;678;683;707;712;745;750;818;822;957;962;996;1001;1073;1078;1207;1212;1289;1294;1318;1323;1381;1386;1910;1915;2300;2305;2444;2449;2459;2459;2338;2334;2310;2305;2261;2257;2069;2064;2021;2016;1992;1987;1934;1929;1771;1766;1698;1694;1631;1626;1583;1578;1482;1477;1323;1318;1251;1246;1145;1140;1097;1092;1001;996
1699940833856839.gadget2d_resized_512x512.png;class_0;1.0;polygon;y values;82;84;1330;1333;1335;1338;1338;1341;1341;1344;1344;1347;1347;1350;1350;1353;1353;1356;1356;1359;1359;1362;1362;1365;1365;1368;1368;1371;1371;1374;1374;1376;1376;1379;1379;1382;1382;1385;1385;1388;1388;1391;1391;1394;1394;1397;1397;1400;1400;125;125;123;123;120;120;117;117;114;114;111;111;108;108;105;105;102;102;99;99;96;96;93;93;90;90;93;93;90;90;87;87;84;84;82
1700288682731645.gadget2d_resized_512x512.png;class_0;1.0;polygon;x values;1487;1482;1405;1400;1371;1366;1313;1309;991;986;924;919;880;875;827;822;563;558;519;514;500;495;457;452;240;235;178;173;154;149;110;105;0;0;14;19;630;635;943;948;1203;1207;1299;1304;1405;1410;1578;1583;1626;1631;1660;1665;1732;1737;1939;1944;1982;1987;2016;2021;2074;2079;2237;2242;2281;2285;2314;2319;2372;2377;2459;2459
1700288682731645.gadget2d_resized_512x512.png;class_0;1.0;polygon;y values;175;178;178;181;181;184;184;187;187;190;190;193;193;196;196;199;199;202;202;205;205;208;208;210;210;213;213;216;216;219;219;222;222;1303;1303;1300;1300;1297;1297;1294;1294;1291;1291;1289;1289;1286;1286;1283;1283;1280;1280;1277;1277;1274;1274;1271;1271;1268;1268;1265;1265;1262;1262;1259;1259;1256;1256;1253;1253;1250;1250;175
1697985425491915.gadget2d_resized_512x512.png;class_0;1.0;polygon;x values;28;19;19;24;24;163;168;245;250;293;298;327;332;389;394;524;529;543;548;736;741;750;755;765;770;784;789;803;808;842;847;895;899;1068;1073;1232;1236;1251;1256;1280;1284;1549;1554;1602;1607;1641;1645;1790;1795;1900;1905;1977;1982;2362;2367;2396;2401;2459;2459;2449;2444;2435;2430;2406;2401;2165;2160;2122;2117;2093;2088;2050;2045;1848;1843;1809;1804;1785;1780;1751;1746;1568;1564;1443;1438;1395;1390;1294;1289;587;582;553;548;539;534;510;505
1697985425491915.gadget2d_resized_512x512.png;class_0;1.0;polygon;y values;82;87;1333;1335;1341;1341;1344;1344;1347;1347;1350;1350;1353;1353;1356;1356;1359;1359;1356;1356;1359;1359;1362;1362;1365;1365;1368;1368;1371;1371;1374;1374;1376;1376;1379;1379;1382;1382;1385;1385;1388;1388;1385;1385;1388;1388;1391;1391;1394;1394;1397;1397;1400;1400;1403;1403;1400;1400;137;137;134;134;131;131;128;128;125;125;123;123;120;120;117;117;114;114;111;111;108;108;105;105;102;102;99;99;96;96;93;93;90;90;87;87;84;84;82
1700331747813260.gadget2d_resized_512x512.png;class_0;1.0;polygon;x values;1626;1621;1549;1544;1496;1491;1414;1410;1073;1068;972;967;943;938;895;890;668;664;625;620;601;596;548;543;308;303;269;264;245;240;197;192;0;0;259;264;380;385;514;519;673;678;726;731;938;943;1284;1289;1366;1371;1414;1419;1496;1501;1703;1708;1771;1775;1804;1809;1872;1876;2069;2074;2122;2127;2146;2151;2194;2199;2367;2372;2415;2420;2459;2459
1700331747813260.gadget2d_resized_512x512.png;class_0;1.0;polygon;y values;175;178;178;181;181;184;184;187;187;190;190;193;193;196;196;199;199;202;202;205;205;208;208;210;210;213;213;216;216;219;219;222;222;1297;1297;1294;1294;1297;1297;1294;1294;1291;1291;1289;1289;1286;1286;1283;1283;1280;1280;1277;1277;1274;1274;1271;1271;1268;1268;1265;1265;1262;1262;1259;1259;1256;1256;1253;1253;1250;1250;1248;1248;1245;1245;175
1698291821000663.gadget2d_resized_512x512.png;class_0;1.0;polygon;x values;24;19;19;24;101;105;163;168;192;197;250;255;404;409;462;466;486;490;524;529;644;649;702;707;726;731;765;770;1020;1025;1092;1097;1126;1130;1164;1169;1333;1337;1443;1448;1487;1491;1559;1564;2213;2218;2338;2343;2459;2459;2362;2358;2334;2329;2324;2319;2295;2290;2083;2079;2045;2040;2026;2021;1987;1982;1756;1751;1722;1718;1708;1703;1684;1679;1453;1448;1328;1323;1289;1284;1212;1207
1698291821000663.gadget2d_resized_512x512.png;class_0;1.0;polygon;y values;93;96;1318;1321;1321;1324;1324;1327;1327;1330;1330;1333;1333;1335;1335;1338;1338;1341;1341;1344;1344;1347;1347;1350;1350;1353;1353;1356;1356;1359;1359;1362;1362;1365;1365;1368;1368;1371;1371;1374;1374;1376;1376;1379;1379;1382;1382;1385;1385;140;140;137;137;134;134;131;131;128;128;125;125;123;123;120;120;117;117;114;114;111;111;108;108;105;105;102;102;99;99;96;96;93
1697977299315804.gadget2d_resized_512x512.png;class_0;1.0;polygon;x values;24;19;19;28;129;134;173;178;235;240;360;365;409;413;442;447;500;505;688;693;745;750;770;774;813;818;1029;1034;1087;1092;1121;1126;1164;1169;1386;1390;1506;1511;1559;1564;1737;1742;2459;2459;2367;2362;2324;2319;2300;2295;2261;2257;2064;2059;2030;2026;2016;2011;1977;1973;1756;1751;1718;1713;1698;1694;1665;1660;1371;1366;1246;1241;1207;1203;1106;1102
1697977299315804.gadget2d_resized_512x512.png;class_0;1.0;polygon;y values;82;84;1330;1335;1335;1338;1338;1341;1341;1344;1344;1347;1347;1350;1350;1353;1353;1356;1356;1359;1359;1362;1362;1365;1365;1368;1368;1371;1371;1374;1374;1376;1376;1379;1379;1382;1382;1385;1385;1388;1388;1391;1391;128;128;125;125;123;123;120;120;117;117;114;114;111;111;108;108;105;105;102;102;99;99;96;96;93;93;90;90;87;87;84;84;82
1699975582167639.gadget2d_resized_512x512.png;class_0;1.0;polygon;x values;890;885;774;770;745;741;736;702;688;683;495;490;466;462;447;442;409;404;178;173;96;91;33;28;24;24;19;19;24;24;259;264;510;514;630;635;1323;1328;1400;1405;1453;1458;1554;1559;1703;1708;1756;1761;1799;1804;1900;1905;2035;2040;2103;2107;2156;2160;2223;2228;2362;2367;2420;2425;2459;2459;2059;2054;2026;2021;2002;1997;1915;1910;1891;1886;1698;1694;1636;1631;1400;1395;1097;1092;1068;1053;1049;1044;1039;1034;1025;1020
1699975582167639.gadget2d_resized_512x512.png;class_0;1.0;polygon;y values;284;287;287;290;290;292;292;313;313;316;316;319;319;322;322;325;325;328;328;331;331;333;333;336;336;339;342;1400;1403;1406;1406;1403;1403;1406;1406;1403;1403;1400;1400;1397;1397;1394;1394;1391;1391;1388;1388;1385;1385;1382;1382;1379;1379;1376;1376;1374;1374;1371;1371;1368;1368;1365;1365;1362;1362;292;292;295;295;298;298;301;301;298;298;295;295;298;298;301;301;304;304;301;301;292;292;290;290;287;287;284
1697977839328055.gadget2d_resized_512x512.png;class_0;1.0;polygon;x values;24;19;19;24;24;91;96;129;134;192;197;312;317;351;356;365;370;404;409;587;591;664;668;683;688;712;717;890;895;933;938;948;952;981;986;1236;1241;1299;1304;1333;1337;1434;1438;2358;2362;2420;2425;2435;2439;2459;2459;2314;2310;2290;2285;2276;2271;2242;2237;2002;1997;1953;1949;1925;1920;1867;1862;1694;1689;1641;1636;1617;1612;1568;1564
1697977839328055.gadget2d_resized_512x512.png;class_0;1.0;polygon;y values;58;61;1330;1333;1335;1335;1338;1338;1341;1341;1344;1344;1347;1347;1350;1350;1353;1353;1356;1356;1359;1359;1362;1362;1365;1365;1368;1368;1371;1371;1374;1374;1376;1376;1379;1379;1382;1382;1385;1385;1388;1388;1391;1391;1394;1394;1391;1391;1394;1394;93;93;90;90;87;87;84;84;82;82;79;79;76;76;73;73;70;70;67;67;64;64;61;61;58
1697991713624146.gadget2d_resized_512x512.png;class_0;1.0;polygon;x values;24;19;19;24;24;28;72;77;129;134;264;269;322;327;360;365;413;418;514;519;553;558;582;587;654;659;779;784;866;871;938;943;1020;1025;1126;1130;1179;1183;1217;1222;1280;1284;1530;1535;1751;1756;1958;1963;2194;2199;2459;2459;2439;2435;2415;2411;2204;2199;2160;2156;2136;2131;2088;2083;1852;1848;1809;1804;1780;1775;1746;1742;1578;1573;1487;1482;1453;1448;1366;1361
1697991713624146.gadget2d_resized_512x512.png;class_0;1.0;polygon;y values;93;96;1318;1321;1324;1327;1327;1330;1330;1333;1333;1335;1335;1338;1338;1341;1341;1344;1344;1347;1347;1350;1350;1353;1353;1356;1356;1359;1359;1362;1362;1365;1365;1368;1368;1371;1371;1374;1374;1376;1376;1379;1379;1382;1382;1385;1385;1388;1388;1391;1391;134;134;131;131;128;128;125;125;123;123;120;120;117;117;114;114;111;111;108;108;105;105;102;102;99;99;96;96;93
1698706417869268.gadget2d_resized_512x512.png;class_0;1.0;polygon;x values;24;19;19;28;144;149;182;187;245;250;389;394;457;462;490;495;558;563;683;688;717;721;736;741;770;774;972;976;1049;1053;1092;1097;1135;1140;1241;1246;1337;1342;1390;1395;1511;1515;2204;2208;2439;2444;2459;2459;2430;2425;2247;2242;2199;2194;2175;2170;2136;2131;1915;1910;1867;1862;1838;1833;1771;1766;1689;1684;1617;1612;1564;1559;1482;1477;1102;1097;1049;1044;1015;1010;832;827
1698706417869268.gadget2d_resized_512x512.png;class_0;1.0;polygon;y values;82;84;1318;1324;1324;1327;1327;1330;1330;1333;1333;1335;1335;1338;1338;1341;1341;1344;1344;1347;1347;1350;1350;1353;1353;1356;1356;1359;1359;1362;1362;1365;1365;1368;1368;1371;1371;1374;1374;1376;1376;1379;1379;1382;1382;1385;1385;131;131;128;128;125;125;123;123;120;120;117;117;114;114;111;111;108;108;105;105;102;102;99;99;96;96;93;93;90;90;87;87;84;84;82
1699054397971981.gadget2d_resized_512x512.png;class_0;1.0;polygon;x values;24;19;19;28;182;187;240;245;269;274;317;322;476;481;620;625;640;644;693;697;755;760;832;837;895;899;986;991;1179;1183;1265;1270;1309;1313;1371;1376;1540;1544;1689;1694;1872;1876;2045;2050;2459;2459;2343;2338;2295;2290;2271;2266;2233;2228;2136;2131;2083;2079;2050;2045;1949;1944;1766;1761;1694;1689;1501;1496;1448;1443;1434;1429;1424;1419;1414;1410;1405;1400;1304;1299;1212;1207;895;890;832;827;755;750;640;635
1699054397971981.gadget2d_resized_512x512.png;class_0;1.0;polygon;y values;70;73;1315;1321;1321;1324;1324;1327;1327;1330;1330;1333;1333;1335;1335;1338;1338;1341;1341;1344;1344;1347;1347;1350;1350;1353;1353;1356;1356;1359;1359;1362;1362;1365;1365;1368;1368;1371;1371;1374;1374;1376;1376;1379;1379;117;117;114;114;111;111;108;108;105;105;102;102;99;99;96;96;93;93;96;96;93;93;90;90;87;87;84;84;82;82;79;79;76;76;73;73;70;70;73;73;76;76;73;73;70
1700399553449359.gadget2d_resized_512x512.png;class_0;1.0;polygon;x values;2261;2257;1977;1973;1876;1872;1713;1708;1150;1145;1102;1097;1063;1058;1001;996;745;741;683;678;644;640;505;500;375;370;332;327;317;312;283;279;24;19;0;0;19;24;875;880;1063;1068;1212;1217;1342;1347;1506;1511;1568;1573;1602;1607;1655;1660;1881;1886;1934;1939;1963;1968;2030;2035;2184;2189;2228;2233;2252;2257;2295;2300;2459;2459
1700399553449359.gadget2d_resized_512x512.png;class_0;1.0;polygon;y values;164;166;166;169;169;172;172;175;175;178;178;181;181;184;184;187;187;190;190;193;193;196;196;199;199;202;202;205;205;208;208;210;210;213;213;1289;1289;1286;1286;1283;1283;1280;1280;1277;1277;1274;1274;1271;1271;1268;1268;1265;1265;1262;1262;1259;1259;1256;1256;1253;1253;1250;1250;1248;1248;1245;1245;1242;1242;1239;1239;164
1699811361137342.gadget2d_resized_512x512.png;class_0;1.0;polygon;x values;24;19;19;24;24;28;77;81;240;245;288;293;312;317;360;365;500;505;539;543;553;558;596;601;837;842;904;909;938;943;1015;1020;1207;1212;1280;1284;1323;1328;1400;1405;2136;2141;2358;2362;2420;2425;2435;2439;2459;2459;2334;2329;2295;2290;2281;2276;2247;2242;2006;2002;1949;1944;1929;1925;1881;1876;1665;1660;1612;1607;1588;1583;1525;1520
1699811361137342.gadget2d_resized_512x512.png;class_0;1.0;polygon;y values;82;84;1321;1324;1327;1330;1330;1333;1333;1335;1335;1338;1338;1341;1341;1344;1344;1347;1347;1350;1350;1353;1353;1356;1356;1359;1359;1362;1362;1365;1365;1368;1368;1371;1371;1374;1374;1376;1376;1379;1379;1382;1382;1385;1385;1382;1382;1385;1385;117;117;114;114;111;111;108;108;105;105;102;102;99;99;96;96;93;93;90;90;87;87;84;84;82
1698706290858987.gadget2d_resized_512x512.png;class_0;1.0;polygon;x values;24;19;19;24;91;96;163;168;192;197;240;245;375;380;437;442;476;481;539;543;625;630;659;664;678;683;726;731;981;986;1058;1063;1102;1106;1159;1164;1289;1294;1390;1395;1448;1453;1554;1559;2290;2295;2459;2459;2310;2305;2261;2257;2242;2237;2208;2204;2002;1997;1944;1939;1915;1910;1867;1862;1713;1708;1669;1665;1636;1631;1597;1592;1145;1140;1068;1063;1025;1020;784;779
1698706290858987.gadget2d_resized_512x512.png;class_0;1.0;polygon;y values;82;84;1318;1321;1321;1324;1324;1327;1327;1330;1330;1333;1333;1335;1335;1338;1338;1341;1341;1344;1344;1347;1347;1350;1350;1353;1353;1356;1356;1359;1359;1362;1362;1365;1365;1368;1368;1371;1371;1374;1374;1376;1376;1379;1379;1382;1382;128;128;125;125;123;123;120;120;117;117;114;114;111;111;108;108;105;105;102;102;99;99;96;96;93;93;90;90;87;87;84;84;82
1700079577787965.gadget2d_resized_512x512.png;class_0;1.0;polygon;x values;24;19;19;28;134;139;173;178;226;231;360;365;423;428;452;457;500;505;664;668;726;731;750;755;784;789;962;967;1034;1039;1063;1068;1111;1116;1212;1217;1284;1289;1323;1328;1438;1443;2098;2103;2334;2338;2415;2420;2435;2439;2459;2459;2285;2281;2242;2237;2218;2213;2184;2180;1939;1934;1905;1900;1881;1876;1843;1838;1674;1669;1592;1588;1535;1530;1453;1448;1111;1106;1015;1010;957;952;803;798
1700079577787965.gadget2d_resized_512x512.png;class_0;1.0;polygon;y values;82;84;1330;1335;1335;1338;1338;1341;1341;1344;1344;1347;1347;1350;1350;1353;1353;1356;1356;1359;1359;1362;1362;1365;1365;1368;1368;1371;1371;1374;1374;1376;1376;1379;1379;1382;1382;1385;1385;1388;1388;1391;1391;1394;1394;1397;1397;1394;1394;1397;1397;128;128;125;125;123;123;120;120;117;117;114;114;111;111;108;108;105;105;102;102;99;99;96;96;93;93;90;90;87;87;84;84;82
1698110667150828.gadget2d_resized_512x512.png;class_0;1.0;polygon;x values;24;19;19;28;206;211;269;274;293;298;341;346;500;505;548;553;587;591;635;640;755;760;847;851;904;909;981;986;1164;1169;1241;1246;1280;1284;1357;1361;1900;1905;2074;2079;2281;2285;2459;2459;2372;2367;2338;2334;2324;2319;2290;2285;2050;2045;1992;1987;1953;1949;1900;1896;1674;1669;1636;1631;1621;1617;1592;1588;1193;1188;1025;1020;967;962;861;856
1698110667150828.gadget2d_resized_512x512.png;class_0;1.0;polygon;y values;70;73;1315;1321;1321;1324;1324;1327;1327;1330;1330;1333;1333;1335;1335;1338;1338;1341;1341;1344;1344;1347;1347;1350;1350;1353;1353;1356;1356;1359;1359;1362;1362;1365;1365;1368;1368;1371;1371;1374;1374;1376;1376;117;117;114;114;111;111;108;108;105;105;102;102;99;99;96;96;93;93;90;90;87;87;84;84;82;82;79;79;76;76;73;73;70
1698310877396956.gadget2d_resized_512x512.png;class_0;1.0;polygon;x values;24;19;19;24;24;101;105;279;283;336;341;360;365;404;409;553;558;601;606;635;640;693;697;933;938;991;996;1025;1029;1087;1092;1304;1309;1395;1400;1458;1463;1573;1578;2271;2276;2459;2459;2324;2319;2281;2276;2252;2247;2208;2204;1992;1987;1953;1949;1939;1934;1900;1896;1708;1703;1650;1645;1607;1602;1477;1472
1698310877396956.gadget2d_resized_512x512.png;class_0;1.0;polygon;y values;70;73;1309;1312;1318;1318;1321;1321;1324;1324;1327;1327;1330;1330;1333;1333;1335;1335;1338;1338;1341;1341;1344;1344;1347;1347;1350;1350;1353;1353;1356;1356;1359;1359;1362;1362;1365;1365;1368;1368;1371;1371;105;105;102;102;99;99;96;96;93;93;90;90;87;87;84;84;82;82;79;79;76;76;73;73;70
1700381328231953.gadget2d_resized_512x512.png;class_0;1.0;polygon;x values;1843;1838;1737;1732;1592;1588;1390;1386;1130;1126;1058;1053;1020;1015;976;972;635;630;505;500;481;476;437;433;298;293;264;259;245;240;202;197;0;0;9;14;726;731;861;866;967;972;1260;1265;1410;1414;1482;1487;1520;1525;1592;1597;1823;1828;1876;1881;1905;1910;1968;1973;2122;2127;2175;2180;2208;2213;2257;2261;2459;2459
1700381328231953.gadget2d_resized_512x512.png;class_0;1.0;polygon;y values;164;166;166;169;169;172;172;175;175;178;178;181;181;184;184;187;187;190;190;193;193;196;196;199;199;202;202;205;205;208;208;210;210;1289;1289;1286;1286;1283;1283;1280;1280;1277;1277;1274;1274;1271;1271;1268;1268;1265;1265;1262;1262;1259;1259;1256;1256;1253;1253;1250;1250;1248;1248;1245;1245;1242;1242;1239;1239;164
1698266230541335.gadget2d_resized_512x512.png;class_0;1.0;polygon;x values;24;19;19;28;110;115;139;144;197;202;317;322;360;365;389;394;442;447;577;582;630;635;659;664;702;707;774;779;822;827;871;875;938;943;986;991;1049;1053;1203;1207;1260;1265;1313;1318;1395;1400;1852;1857;1905;1910;1977;1982;2170;2175;2353;2358;2459;2459;2372;2367;2343;2338;2329;2324;2300;2295;2035;2030;1997;1992;1973;1968;1929;1925;1713;1708;1679;1674;1669;1665;1641;1636;1294;1289;1193;1188;1111;1106;1020;1015
1698266230541335.gadget2d_resized_512x512.png;class_0;1.0;polygon;y values;93;96;1330;1335;1335;1338;1338;1341;1341;1344;1344;1347;1347;1350;1350;1353;1353;1356;1356;1359;1359;1362;1362;1365;1365;1368;1368;1371;1371;1374;1374;1371;1371;1374;1374;1376;1376;1379;1379;1382;1382;1385;1385;1388;1388;1391;1391;1394;1394;1397;1397;1394;1394;1397;1397;1400;1400;140;140;137;137;134;134;131;131;128;128;125;125;123;123;120;120;117;117;114;114;111;111;108;108;105;105;102;102;99;99;96;96;93
1698670418121262.gadget2d_resized_512x512.png;class_0;1.0;polygon;x values;24;19;19;24;24;67;72;240;245;288;293;317;322;360;365;505;510;563;567;596;601;659;664;789;794;885;890;938;943;1020;1025;1188;1193;1270;1275;1313;1318;1390;1395;1645;1650;2459;2459;2300;2295;2266;2261;2247;2242;2213;2208;1973;1968;1920;1915;1900;1896;1852;1848;1626;1621;1564;1559;1535;1530;1472;1467
1698670418121262.gadget2d_resized_512x512.png;class_0;1.0;polygon;y values;82;84;1312;1315;1318;1318;1321;1321;1324;1324;1327;1327;1330;1330;1333;1333;1335;1335;1338;1338;1341;1341;1344;1344;1347;1347;1350;1350;1353;1353;1356;1356;1359;1359;1362;1362;1365;1365;1368;1368;1371;1371;117;117;114;114;111;111;108;108;105;105;102;102;99;99;96;96;93;93;90;90;87;87;84;84;82
1697977835327668.gadget2d_resized_512x512.png;class_0;1.0;polygon;x values;24;19;19;24;24;72;77;134;139;264;269;336;341;375;380;447;452;567;572;678;683;702;707;736;741;972;976;1034;1039;1063;1068;1106;1111;1280;1284;1386;1390;1467;1472;1578;1583;2050;2054;2112;2117;2459;2459;2290;2285;2252;2247;2233;2228;2199;2194;1929;1925;1896;1891;1876;1872;1843;1838;1641;1636;1535;1530;1487;1482;1376;1371
1697977835327668.gadget2d_resized_512x512.png;class_0;1.0;polygon;y values;46;49;1333;1335;1338;1338;1341;1341;1344;1344;1347;1347;1350;1350;1353;1353;1356;1356;1359;1359;1362;1362;1365;1365;1368;1368;1371;1371;1374;1374;1376;1376;1379;1379;1382;1382;1385;1385;1388;1388;1391;1391;1388;1388;1391;1391;82;82;79;79;76;76;73;73;70;70;67;67;64;64;61;61;58;58;55;55;52;52;49;49;46
1698175642561603.gadget2d_resized_512x512.png;class_0;1.0;polygon;x values;24;19;19;24;24;43;48;231;235;283;288;317;322;365;370;481;486;519;524;543;548;587;591;731;736;808;813;861;866;957;962;1116;1121;1169;1174;1212;1217;1304;1309;1617;1621;1862;1867;2021;2026;2213;2218;2459;2459;2449;2444;2425;2420;2184;2180;2151;2146;2136;2131;2093;2088;1857;1852;1819;1814;1795;1790;1756;1751;1568;1564;1477;1472;1438;1434;1328;1323
1698175642561603.gadget2d_resized_512x512.png;class_0;1.0;polygon;y values;93;96;1324;1327;1330;1330;1333;1333;1335;1335;1338;1338;1341;1341;1344;1344;1347;1347;1350;1350;1353;1353;1356;1356;1359;1359;1362;1362;1365;1365;1368;1368;1371;1371;1374;1374;1376;1376;1379;1379;1382;1382;1385;1385;1388;1388;1391;1391;134;134;131;131;128;128;125;125;123;123;120;120;117;117;114;114;111;111;108;108;105;105;102;102;99;99;96;96;93
1698237592864354.gadget2d_resized_512x512.png;class_0;1.0;polygon;x values;24;19;19;28;91;96;120;125;192;197;327;332;399;404;437;442;500;505;635;640;678;683;702;707;736;741;924;928;1020;1025;1078;1082;1135;1140;1289;1294;1386;1390;1453;1458;1535;1540;2276;2281;2372;2377;2396;2401;2439;2444;2459;2459;2401;2396;2343;2338;2324;2319;2281;2276;2093;2088;2059;2054;2040;2035;1992;1987;1761;1756;1713;1708;1679;1674;1626;1621;1390;1386;1323;1318;1260;1256;1150;1145
1698237592864354.gadget2d_resized_512x512.png;class_0;1.0;polygon;y values;82;84;1318;1324;1324;1327;1327;1330;1330;1333;1333;1335;1335;1338;1338;1341;1341;1344;1344;1347;1347;1350;1350;1353;1353;1356;1356;1359;1359;1362;1362;1365;1365;1368;1368;1371;1371;1374;1374;1376;1376;1379;1379;1382;1382;1385;1385;1382;1382;1385;1385;128;128;125;125;123;123;120;120;117;117;114;114;111;111;108;108;105;105;102;102;99;99;96;96;93;93;90;90;87;87;84;84;82
1700359353104900.gadget2d_resized_512x512.png;class_0;1.0;polygon;x values;1515;1511;1371;1366;1318;1313;1217;1212;952;948;904;899;871;866;813;808;505;500;447;442;423;418;389;385;216;211;178;173;163;158;120;115;24;19;19;24;24;28;129;134;375;380;625;630;668;673;750;755;1159;1164;1289;1294;1352;1357;1419;1424;1621;1626;1674;1679;1708;1713;1780;1785;1982;1987;2026;2030;2050;2054;2098;2103;2266;2271;2310;2314;2334;2338;2372;2377;2459;2459
1700359353104900.gadget2d_resized_512x512.png;class_0;1.0;polygon;y values;187;190;190;193;193;196;196;199;199;202;202;205;205;208;208;210;210;213;213;216;216;219;219;222;222;225;225;228;228;231;231;234;234;237;1297;1300;1303;1306;1306;1303;1303;1306;1306;1303;1303;1300;1300;1297;1297;1294;1294;1291;1291;1289;1289;1286;1286;1283;1283;1280;1280;1277;1277;1274;1274;1271;1271;1268;1268;1265;1265;1262;1262;1259;1259;1256;1256;1253;1253;1250;1250;187
1698253828209366.gadget2d_resized_512x512.png;class_0;1.0;polygon;x values;24;19;19;28;105;110;129;134;173;178;288;293;336;341;380;385;457;462;582;587;644;649;678;683;736;741;871;875;1005;1010;1058;1063;1126;1130;1318;1323;1419;1424;1496;1501;1679;1684;2444;2449;2459;2459;2449;2444;2425;2420;2180;2175;2136;2131;2107;2103;2064;2059;1838;1833;1799;1795;1780;1775;1746;1742;1554;1549;1390;1386;1328;1323;1256;1251
1698253828209366.gadget2d_resized_512x512.png;class_0;1.0;polygon;y values;93;96;1330;1335;1335;1338;1338;1341;1341;1344;1344;1347;1347;1350;1350;1353;1353;1356;1356;1359;1359;1362;1362;1365;1365;1368;1368;1371;1371;1374;1374;1376;1376;1379;1379;1382;1382;1385;1385;1388;1388;1391;1391;1394;1394;134;134;131;131;128;128;125;125;123;123;120;120;117;117;114;114;111;111;108;108;105;105;102;102;99;99;96;96;93
1698062231118553.gadget2d_resized_512x512.png;class_0;1.0;polygon;x values;24;19;19;24;24;173;178;235;240;259;264;308;312;442;447;490;495;514;519;548;553;712;717;770;774;794;798;880;885;1078;1082;1126;1130;1159;1164;1217;1222;1506;1511;1665;1669;1737;1742;2069;2074;2459;2459;2449;2444;2420;2415;2189;2184;2146;2141;2127;2122;2079;2074;1833;1828;1795;1790;1775;1771;1746;1742;1564;1559;1434;1429;1371;1366;1284;1280
1698062231118553.gadget2d_resized_512x512.png;class_0;1.0;polygon;y values;93;96;1327;1330;1333;1333;1335;1335;1338;1338;1341;1341;1344;1344;1347;1347;1350;1350;1353;1353;1356;1356;1359;1359;1362;1362;1365;1365;1368;1368;1371;1371;1374;1374;1376;1376;1379;1379;1382;1382;1385;1385;1388;1388;1391;1391;134;134;131;131;128;128;125;125;123;123;120;120;117;117;114;114;111;111;108;108;105;105;102;102;99;99;96;96;93
1700001864469662.gadget2d_resized_512x512.png;class_0;1.0;polygon;x values;750;745;736;726;726;712;707;702;587;582;539;534;519;514;481;476;226;221;163;158;125;120;28;19;19;28;178;182;356;360;717;721;981;986;1135;1140;1304;1309;1535;1540;1588;1592;1621;1626;1684;1689;1896;1900;1958;1963;1977;1982;2059;2064;2237;2242;2276;2281;2295;2300;2338;2343;2459;2459;2030;2026;1973;1968;1896;1891;1766;1761;1718;1713;1631;1626;1073;1068;1058;1049;1039;1034
1700001864469662.gadget2d_resized_512x512.png;class_0;1.0;polygon;y values;292;295;295;301;304;313;313;316;316;319;319;322;322;325;325;328;328;331;331;333;333;336;336;342;1409;1415;1415;1412;1412;1415;1415;1412;1412;1409;1409;1406;1406;1403;1403;1400;1400;1397;1397;1394;1394;1391;1391;1388;1388;1385;1385;1382;1382;1379;1379;1376;1376;1374;1374;1371;1371;1368;1368;292;292;295;295;298;298;295;295;298;298;301;301;304;304;301;301;295;295;292
1699884903124853.gadget2d_resized_512x512.png;class_0;1.0;polygon;x values;1506;1501;1371;1366;1318;1313;1246;1241;861;856;784;779;755;750;707;702;500;495;466;462;442;437;404;399;216;211;134;129;77;72;24;24;19;19;24;24;332;336;779;784;880;885;1174;1179;1491;1496;1554;1559;1588;1592;1636;1641;1708;1713;1746;1751;1775;1780;1862;1867;2141;2146;2175;2180;2204;2208;2295;2300;2387;2391;2459;2459
1699884903124853.gadget2d_resized_512x512.png;class_0;1.0;polygon;y values;199;202;202;205;205;208;208;210;210;213;213;216;216;219;219;222;222;225;225;228;228;231;231;234;234;237;237;240;240;243;243;246;249;1315;1318;1321;1321;1318;1318;1315;1315;1312;1312;1309;1309;1306;1306;1303;1303;1300;1300;1297;1297;1294;1294;1291;1291;1289;1289;1286;1286;1283;1283;1280;1280;1277;1277;1274;1274;1271;1271;199
1700377442180841.gadget2d_resized_512x512.png;class_0;1.0;polygon;x values;1910;1905;1708;1703;1568;1564;1472;1467;1130;1126;1049;1044;1005;1001;962;957;654;649;534;529;505;500;452;447;288;283;255;250;240;235;206;202;24;19;19;24;856;861;996;1001;1063;1068;1222;1227;1443;1448;1515;1520;1554;1559;1631;1636;1872;1876;1925;1929;1953;1958;2011;2016;2146;2151;2204;2208;2233;2237;2285;2290;2459;2459;1953;1949;1920;1915
1700377442180841.gadget2d_resized_512x512.png;class_0;1.0;polygon;y values;164;166;166;169;169;172;172;175;175;178;178;181;181;184;184;187;187;190;190;193;193;196;196;199;199;202;202;205;205;208;208;210;210;213;1283;1286;1286;1283;1283;1280;1280;1277;1277;1274;1274;1271;1271;1268;1268;1265;1265;1262;1262;1259;1259;1256;1256;1253;1253;1250;1250;1248;1248;1245;1245;1242;1242;1239;1239;164;164;166;166;164
1697977297315642.gadget2d_resized_512x512.png;class_0;1.0;polygon;x values;24;19;19;28;182;187;240;245;279;283;351;356;471;476;514;519;539;543;577;582;736;741;798;803;861;866;976;981;1106;1111;1155;1159;1179;1183;1246;1251;1544;1549;1746;1751;2127;2131;2237;2242;2459;2459;2415;2411;2165;2160;2131;2127;2112;2107;2083;2079;1823;1819;1780;1775;1756;1751;1708;1703;1487;1482;1414;1410;1381;1376;1299;1294
1697977297315642.gadget2d_resized_512x512.png;class_0;1.0;polygon;y values;82;84;1327;1333;1333;1335;1335;1338;1338;1341;1341;1344;1344;1347;1347;1350;1350;1353;1353;1356;1356;1359;1359;1362;1362;1365;1365;1368;1368;1371;1371;1374;1374;1376;1376;1379;1379;1382;1382;1385;1385;1388;1388;1391;1391;120;120;117;117;114;114;111;111;108;108;105;105;102;102;99;99;96;96;93;93;90;90;87;87;84;84;82
1697840206433709.gadget2d_resized_512x512.png;class_0;1.0;polygon;x values;28;19;19;28;144;149;187;192;245;250;356;360;404;409;442;447;514;519;712;717;774;779;794;798;880;885;1015;1020;1092;1097;1130;1135;1174;1179;1256;1260;1318;1323;1357;1361;1434;1438;1665;1669;1766;1771;2430;2435;2459;2459;2415;2411;2319;2314;2151;2146;2098;2093;2074;2069;2040;2035;1804;1799;1713;1708;1674;1669;1617;1612;1535;1530;1241;1236;1207;1203;1140;1135;808;803;721;717;640;635;601;596;558;553;380;375;235;231;81;77
1697840206433709.gadget2d_resized_512x512.png;class_0;1.0;polygon;y values;93;99;1330;1335;1335;1338;1338;1341;1341;1344;1344;1347;1347;1350;1350;1353;1353;1356;1356;1359;1359;1362;1362;1365;1365;1368;1368;1371;1371;1374;1374;1376;1376;1379;1379;1382;1382;1385;1385;1388;1388;1391;1391;1388;1388;1391;1391;1394;1394;146;146;143;143;140;140;137;137;134;134;131;131;128;128;125;125;123;123;120;120;117;117;114;114;111;111;108;108;105;105;102;102;99;99;96;96;99;99;102;102;99;99;96;96;93
1700403856732099.gadget2d_resized_512x512.png;class_0;1.0;polygon;x values;1352;1347;1280;1275;1246;1241;1183;1179;871;866;794;789;760;755;707;702;466;462;437;433;413;409;370;365;134;129;48;43;0;0;9;14;48;52;875;880;1044;1049;1111;1116;1222;1227;1467;1472;1520;1525;1559;1564;1645;1650;1905;1910;1963;1968;1987;1992;2040;2045;2170;2175;2223;2228;2252;2257;2319;2324;2459;2459
1700403856732099.gadget2d_resized_512x512.png;class_0;1.0;polygon;y values;175;178;178;181;181;184;184;187;187;190;190;193;193;196;196;199;199;202;202;205;205;208;208;210;210;213;213;216;216;1291;1291;1289;1289;1286;1286;1283;1283;1280;1280;1277;1277;1274;1274;1271;1271;1268;1268;1265;1265;1262;1262;1259;1259;1256;1256;1253;1253;1250;1250;1248;1248;1245;1245;1242;1242;1239;1239;175
1697952658791177.gadget2d_resized_512x512.png;class_0;1.0;polygon;x values;1515;1511;1487;1491;1491;1496;1482;1448;1443;1390;1386;1323;1318;1217;1212;1174;1169;1092;1087;707;702;539;534;409;404;91;86;81;24;24;19;19;24;24;81;86;163;168;192;197;235;240;399;404;486;490;539;543;596;601;707;712;745;750;765;770;794;798;972;976;1049;1053;1097;1102;1150;1155;1217;1222;1294;1299;1337;1342;1376;1381;1458;1463;1756;1761;2377;2382;2401;2406;2444;2449;2459;2459;2387;2382;2358;2353;2324;2319;2189;2184;2098;2093;2064;2059;2016;2011;1819;1814;1756;1751;1732;1727;1713;1708;1703;1698;1679;1669;1674;1674;1684;1684;1694;1679;1674
1697952658791177.gadget2d_resized_512x512.png;class_0;1.0;polygon;y values;73;76;76;79;82;84;93;93;96;96;99;99;102;102;99;99;96;96;93;93;90;90;93;93;90;90;87;90;90;93;96;1338;1341;1344;1344;1347;1347;1350;1350;1353;1353;1356;1356;1359;1359;1362;1362;1365;1365;1368;1368;1371;1371;1374;1374;1376;1376;1379;1379;1382;1382;1385;1385;1388;1388;1391;1391;1394;1394;1397;1397;1394;1394;1397;1397;1400;1400;1403;1403;1406;1406;1403;1403;1406;1406;137;137;134;134;131;131;128;128;125;125;123;123;120;120;117;117;114;114;111;111;108;108;105;105;102;102;96;93;90;84;82;76;76;73
1700414658633518.gadget2d_resized_512x512.png;class_0;1.0;polygon;x values;154;149;43;38;28;19;19;24;24;81;86;125;129;178;182;351;356;399;404;423;428;457;462;688;693;741;745;755;760;784;789;962;967;1039;1044;1087;1092;1164;1169;1304;1309;1414;1419;1477;1482;1573;1578;2266;2271;2449;2454;2459;2459;2439;2435;2223;2218;2170;2165;2141;2136;2093;2088;1862;1857;1823;1819;1785;1780;1737;1732;1669;1665;1592;1588;1540;1535;1487;1482;813;808;731;726;644;640;539;534;500;495;437;433
1700414658633518.gadget2d_resized_512x512.png;class_0;1.0;polygon;y values;58;61;61;64;64;70;1306;1309;1312;1312;1315;1315;1318;1318;1321;1321;1324;1324;1327;1327;1330;1330;1333;1333;1335;1335;1338;1338;1341;1341;1344;1344;1347;1347;1350;1350;1353;1353;1356;1356;1359;1359;1362;1362;1365;1365;1368;1368;1371;1371;1374;1374;108;108;105;105;102;102;99;99;96;96;93;93;90;90;87;87;84;84;82;82;79;79;76;76;73;73;70;70;67;67;64;64;67;67;64;64;61;61;58
1699059505083597.gadget2d_resized_512x512.png;class_0;1.0;polygon;x values;24;19;19;28;216;221;283;288;312;317;360;365;514;519;553;558;587;591;635;640;813;818;914;919;952;957;1020;1025;1246;1251;1328;1333;1381;1386;1477;1482;2204;2208;2459;2459;2415;2411;2367;2362;2348;2343;2319;2314;2083;2079;2030;2026;2006;2002;1953;1949;1722;1718;1694;1689;1674;1669;1645;1641;1251;1246;1068;1063;1020;1015;943;938
1699059505083597.gadget2d_resized_512x512.png;class_0;1.0;polygon;y values;70;73;1315;1321;1321;1324;1324;1327;1327;1330;1330;1333;1333;1335;1335;1338;1338;1341;1341;1344;1344;1347;1347;1350;1350;1353;1353;1356;1356;1359;1359;1362;1362;1365;1365;1368;1368;1371;1371;117;117;114;114;111;111;108;108;105;105;102;102;99;99;96;96;93;93;90;90;87;87;84;84;82;82;79;79;76;76;73;73;70
1700401720710544.gadget2d_resized_512x512.png;class_0;1.0;polygon;x values;2146;2141;1814;1809;1694;1689;1573;1568;1179;1174;1116;1111;1063;1058;1001;996;717;712;644;640;543;539;476;471;351;346;312;308;293;288;259;255;14;9;0;0;14;24;168;173;250;255;577;582;1015;1020;1140;1145;1198;1203;1318;1323;1506;1511;1568;1573;1612;1617;1674;1679;1929;1934;1973;1977;1997;2002;2045;2050;2180;2184;2233;2237;2257;2261;2314;2319;2459;2459
1700401720710544.gadget2d_resized_512x512.png;class_0;1.0;polygon;y values;164;166;166;169;169;172;172;175;175;178;178;181;181;184;184;187;187;190;190;193;193;196;196;199;199;202;202;205;205;208;208;210;210;213;213;1294;1294;1289;1289;1286;1286;1289;1289;1286;1286;1283;1283;1280;1280;1277;1277;1274;1274;1271;1271;1268;1268;1265;1265;1262;1262;1259;1259;1256;1256;1253;1253;1250;1250;1248;1248;1245;1245;1242;1242;1239;1239;164
1700315289629691.gadget2d_resized_512x512.png;class_0;1.0;polygon;x values;1790;1785;1679;1674;1568;1564;1438;1434;1044;1039;986;981;952;948;866;861;548;543;500;495;481;476;437;433;274;269;240;235;221;216;187;182;0;0;14;19;813;818;904;909;996;1001;1280;1284;1453;1458;1520;1525;1554;1559;1617;1621;1857;1862;1905;1910;1939;1944;2006;2011;2160;2165;2228;2233;2257;2261;2319;2324;2459;2459
1700315289629691.gadget2d_resized_512x512.png;class_0;1.0;polygon;y values;164;166;166;169;169;172;172;175;175;178;178;181;181;184;184;187;187;190;190;193;193;196;196;199;199;202;202;205;205;208;208;210;210;1289;1289;1286;1286;1283;1283;1280;1280;1277;1277;1274;1274;1271;1271;1268;1268;1265;1265;1262;1262;1259;1259;1256;1256;1253;1253;1250;1250;1248;1248;1245;1245;1242;1242;1239;1239;164
1699814582201582.gadget2d_resized_512x512.png;class_0;1.0;polygon;x values;24;19;19;24;149;154;197;202;221;226;274;279;409;413;452;457;471;476;510;514;664;668;726;731;755;760;847;851;1044;1049;1097;1102;1126;1130;1164;1169;1434;1438;1554;1559;1607;1612;1771;1775;2459;2459;2295;2290;2257;2252;2242;2237;2213;2208;1992;1987;1939;1934;1910;1905;1867;1862;1689;1684;1636;1631;1588;1583;1477;1472
1699814582201582.gadget2d_resized_512x512.png;class_0;1.0;polygon;y values;93;96;1330;1333;1333;1335;1335;1338;1338;1341;1341;1344;1344;1347;1347;1350;1350;1353;1353;1356;1356;1359;1359;1362;1362;1365;1365;1368;1368;1371;1371;1374;1374;1376;1376;1379;1379;1382;1382;1385;1385;1388;1388;1391;1391;128;128;125;125;123;123;120;120;117;117;114;114;111;111;108;108;105;105;102;102;99;99;96;96;93
1698278339711082.gadget2d_resized_512x512.png;class_0;1.0;polygon;x values;24;19;19;28;96;101;125;129;178;182;336;341;385;389;404;409;447;452;558;563;625;630;654;659;707;712;885;890;957;962;986;991;1044;1049;1212;1217;1284;1289;1323;1328;1443;1448;2151;2156;2459;2459;2353;2348;2329;2324;2314;2310;2285;2281;2064;2059;2021;2016;1997;1992;1939;1934;1703;1698;1669;1665;1645;1641;1612;1607;1280;1275;1116;1111;1063;1058;986;981
1698278339711082.gadget2d_resized_512x512.png;class_0;1.0;polygon;y values;93;96;1330;1335;1335;1338;1338;1341;1341;1344;1344;1347;1347;1350;1350;1353;1353;1356;1356;1359;1359;1362;1362;1365;1365;1368;1368;1371;1371;1374;1374;1376;1376;1379;1379;1382;1382;1385;1385;1388;1388;1391;1391;1394;1394;140;140;137;137;134;134;131;131;128;128;125;125;123;123;120;120;117;117;114;114;111;111;108;108;105;105;102;102;99;99;96;96;93
1698706397868060.gadget2d_resized_512x512.png;class_0;1.0;polygon;x values;577;572;24;24;19;19;28;178;182;250;255;279;283;327;332;471;476;567;572;611;616;664;668;774;779;822;827;856;861;924;928;1164;1169;1232;1236;1275;1280;1328;1333;1487;1491;1650;1655;1780;1785;1848;1852;2030;2035;2459;2459;2401;2396;2180;2175;2136;2131;2112;2107;2079;2074;1833;1828;1780;1775;1746;1742;1694;1689;1568;1564;1299;1294;1260;1256;1203;1198;808;803;731;726
1698706397868060.gadget2d_resized_512x512.png;class_0;1.0;polygon;y values;76;79;79;82;84;1315;1321;1321;1324;1324;1327;1327;1330;1330;1333;1333;1335;1335;1338;1338;1341;1341;1344;1344;1347;1347;1350;1350;1353;1353;1356;1356;1359;1359;1362;1362;1365;1365;1368;1368;1371;1371;1374;1374;1371;1371;1374;1374;1376;1376;120;120;117;117;114;114;111;111;108;108;105;105;102;102;99;99;96;96;93;93;90;90;87;87;84;84;82;82;79;79;76
1700399670188732.gadget2d_resized_512x512.png;class_0;1.0;polygon;x values;2093;2088;1814;1809;1106;1102;1025;1020;981;976;914;909;476;471;437;433;418;413;394;389;221;216;192;187;173;168;134;129;24;19;19;24;192;197;274;279;967;972;1207;1212;1299;1304;1448;1453;1684;1689;1751;1756;1790;1795;1876;1881;2088;2093;2136;2141;2170;2175;2223;2228;2444;2449;2459;2459;2247;2242;2136;2131
1700399670188732.gadget2d_resized_512x512.png;class_0;1.0;polygon;y values;146;149;149;152;152;155;155;158;158;161;161;164;164;166;166;169;169;172;172;175;175;178;178;181;181;184;184;187;187;190;1248;1250;1250;1253;1253;1250;1250;1248;1248;1245;1245;1242;1242;1239;1239;1236;1236;1233;1233;1230;1230;1227;1227;1224;1224;1221;1221;1218;1218;1215;1215;1212;1212;146;146;149;149;146
1698098000886150.gadget2d_resized_512x512.png;class_0;1.0;polygon;x values;24;19;19;28;86;91;115;120;163;168;322;327;385;389;413;418;476;481;596;601;644;649;668;673;712;717;856;861;938;943;1001;1005;1068;1073;1183;1188;1251;1256;1284;1289;1347;1352;1669;1674;1771;1775;1876;1881;2059;2064;2170;2175;2348;2353;2459;2459;2439;2435;2194;2189;2160;2156;2141;2136;2112;2107;1876;1872;1833;1828;1809;1804;1761;1756;1583;1578;1540;1535;1515;1511;1458;1453
1698098000886150.gadget2d_resized_512x512.png;class_0;1.0;polygon;y values;82;84;1318;1324;1324;1327;1327;1330;1330;1333;1333;1335;1335;1338;1338;1341;1341;1344;1344;1347;1347;1350;1350;1353;1353;1356;1356;1359;1359;1362;1362;1365;1365;1368;1368;1371;1371;1374;1374;1376;1376;1379;1379;1382;1382;1379;1379;1382;1382;1385;1385;1388;1388;1391;1391;120;120;117;117;114;114;111;111;108;108;105;105;102;102;99;99;96;96;93;93;90;90;87;87;84;84;82
1700093319057917.gadget2d_resized_512x512.png;class_0;1.0;polygon;x values;24;19;19;24;24;28;134;139;269;274;341;346;365;370;413;418;582;587;644;649;668;673;707;712;798;803;909;914;957;962;1025;1029;1159;1164;1217;1222;1256;1260;1318;1323;1612;1617;2112;2117;2165;2170;2439;2444;2459;2459;2439;2435;2204;2199;2165;2160;2151;2146;2127;2122;1881;1876;1833;1828;1809;1804;1746;1742;1559;1554;1448;1443;1405;1400;1328;1323;986;981;794;789;750;745;664;659
1700093319057917.gadget2d_resized_512x512.png;class_0;1.0;polygon;y values;93;96;1333;1335;1338;1341;1341;1344;1344;1347;1347;1350;1350;1353;1353;1356;1356;1359;1359;1362;1362;1365;1365;1368;1368;1371;1371;1374;1374;1376;1376;1379;1379;1382;1382;1385;1385;1388;1388;1391;1391;1394;1394;1397;1397;1400;1400;1403;1403;143;143;140;140;137;137;134;134;131;131;128;128;125;125;123;123;120;120;117;117;114;114;111;111;108;108;105;105;102;102;99;99;96;96;93
1700399626189115.gadget2d_resized_512x512.png;class_0;1.0;polygon;x values;1381;1376;1289;1284;1212;1207;1130;1126;822;818;755;750;721;717;668;664;437;433;394;389;370;365;317;312;86;81;33;28;9;4;0;0;4;9;14;19;312;317;394;399;514;519;856;861;1087;1092;1179;1183;1333;1337;1477;1482;1592;1597;1645;1650;1756;1761;1934;1939;1977;1982;2011;2016;2064;2069;2228;2233;2285;2290;2314;2319;2377;2382;2459;2459
1700399626189115.gadget2d_resized_512x512.png;class_0;1.0;polygon;y values;164;166;166;169;169;172;172;175;175;178;178;181;181;184;184;187;187;190;190;193;193;196;196;199;199;202;202;205;205;208;208;1283;1283;1280;1280;1277;1277;1280;1280;1277;1277;1274;1274;1271;1271;1268;1268;1265;1265;1262;1262;1259;1259;1256;1256;1253;1253;1250;1250;1248;1248;1245;1245;1242;1242;1239;1239;1236;1236;1233;1233;1230;1230;1227;1227;164
1700288195732021.gadget2d_resized_512x512.png;class_0;1.0;polygon;x values;1453;1448;1376;1371;1347;1342;1299;1294;991;986;919;914;890;885;832;827;572;567;534;529;519;514;476;471;255;250;211;206;182;178;139;134;0;0;24;28;33;57;62;789;794;962;967;1169;1174;1275;1280;1458;1463;1525;1530;1568;1573;1674;1679;1838;1843;1891;1896;1920;1925;2006;2011;2127;2131;2175;2180;2204;2208;2252;2257;2401;2406;2459;2459
1700288195732021.gadget2d_resized_512x512.png;class_0;1.0;polygon;y values;175;178;178;181;181;184;184;187;187;190;190;193;193;196;196;199;199;202;202;205;205;208;208;210;210;213;213;216;216;219;219;222;222;1300;1300;1297;1300;1300;1297;1297;1294;1294;1291;1291;1289;1289;1286;1286;1283;1283;1280;1280;1277;1277;1274;1274;1271;1271;1268;1268;1265;1265;1262;1262;1259;1259;1256;1256;1253;1253;1250;1250;1248;1248;175
1698246380062932.gadget2d_resized_512x512.png;class_0;1.0;polygon;x values;0;0;86;91;240;245;298;303;327;332;380;385;486;490;524;529;548;553;591;596;721;726;784;789;827;832;962;967;1116;1121;1164;1169;1193;1198;1246;1251;1511;1515;1621;1626;1689;1694;1977;1982;2459;2459;2454;2449;2430;2425;2213;2208;2180;2175;2170;2165;2131;2127;1891;1886;1857;1852;1833;1828;1790;1785;1597;1592;1472;1467;1424;1419;1337;1333
1698246380062932.gadget2d_resized_512x512.png;class_0;1.0;polygon;y values;93;1330;1330;1333;1333;1335;1335;1338;1338;1341;1341;1344;1344;1347;1347;1350;1350;1353;1353;1356;1356;1359;1359;1362;1362;1365;1365;1368;1368;1371;1371;1374;1374;1376;1376;1379;1379;1382;1382;1385;1385;1388;1388;1391;1391;134;134;131;131;128;128;125;125;123;123;120;120;117;117;114;114;111;111;108;108;105;105;102;102;99;99;96;96;93
1699835799532532.gadget2d_resized_512x512.png;class_0;1.0;polygon;x values;1328;1323;1270;1265;1241;1236;1179;1174;765;760;712;707;688;683;539;534;370;365;336;332;322;317;274;269;28;19;19;24;784;789;986;991;1256;1260;1366;1371;1549;1554;1607;1612;1636;1641;1674;1679;1732;1737;1775;1780;1809;1814;2098;2103;2213;2218;2290;2295;2314;2319;2353;2358;2459;2459
1699835799532532.gadget2d_resized_512x512.png;class_0;1.0;polygon;y values;222;225;225;228;228;231;231;234;234;237;237;240;240;243;243;246;246;249;249;251;251;254;254;257;257;263;1318;1321;1321;1318;1318;1315;1315;1312;1312;1309;1309;1306;1306;1303;1303;1300;1300;1297;1297;1294;1294;1291;1291;1289;1289;1286;1286;1283;1283;1280;1280;1277;1277;1274;1274;222
1699812448158346.gadget2d_resized_512x512.png;class_0;1.0;polygon;x values;24;19;19;24;91;96;144;149;173;178;240;245;360;365;394;399;413;418;452;457;591;596;654;659;693;697;760;765;1001;1005;1063;1068;1097;1102;1145;1150;1400;1405;1506;1511;1626;1631;1775;1780;2459;2459;2449;2444;2233;2228;2184;2180;2165;2160;2117;2112;1867;1862;1819;1814;1790;1785;1751;1746;1612;1607;1487;1482;1405;1400;1289;1284
1699812448158346.gadget2d_resized_512x512.png;class_0;1.0;polygon;y values;93;96;1330;1333;1333;1335;1335;1338;1338;1341;1341;1344;1344;1347;1347;1350;1350;1353;1353;1356;1356;1359;1359;1362;1362;1365;1365;1368;1368;1371;1371;1374;1374;1376;1376;1379;1379;1382;1382;1385;1385;1388;1388;1391;1391;131;131;128;128;125;125;123;123;120;120;117;117;114;114;111;111;108;108;105;105;102;102;99;99;96;96;93
1700319696678192.gadget2d_resized_512x512.png;class_0;1.0;polygon;x values;1588;1583;1467;1463;1395;1390;1313;1309;972;967;909;904;866;861;803;798;524;519;490;486;476;471;437;433;221;216;173;168;149;144;101;96;0;0;57;62;394;399;500;505;673;678;721;726;837;842;1280;1284;1381;1386;1424;1429;1511;1515;1694;1698;1751;1756;1785;1790;1843;1848;2030;2035;2069;2074;2098;2103;2160;2165;2334;2338;2396;2401;2415;2420;2459;2459
1700319696678192.gadget2d_resized_512x512.png;class_0;1.0;polygon;y values;175;178;178;181;181;184;184;187;187;190;190;193;193;196;196;199;199;202;202;205;205;208;208;210;210;213;213;216;216;219;219;222;222;1297;1297;1294;1294;1297;1297;1294;1294;1291;1291;1289;1289;1286;1286;1283;1283;1280;1280;1277;1277;1274;1274;1271;1271;1268;1268;1265;1265;1262;1262;1259;1259;1256;1256;1253;1253;1250;1250;1248;1248;1245;1245;1242;1242;175
1700404030734499.gadget2d_resized_512x512.png;class_0;1.0;polygon;x values;1795;1790;1655;1650;1544;1540;1434;1429;1087;1082;1015;1010;986;981;938;933;644;640;505;500;476;471;433;428;283;279;250;245;235;231;202;197;0;0;4;9;24;28;866;871;1063;1068;1140;1145;1236;1241;1419;1424;1506;1511;1554;1559;1631;1636;1852;1857;1905;1910;1939;1944;2002;2006;2141;2146;2204;2208;2228;2233;2281;2285;2459;2459
1700404030734499.gadget2d_resized_512x512.png;class_0;1.0;polygon;y values;164;166;166;169;169;172;172;175;175;178;178;181;181;184;184;187;187;190;190;193;193;196;196;199;199;202;202;205;205;208;208;210;210;1291;1291;1289;1289;1286;1286;1283;1283;1280;1280;1277;1277;1274;1274;1271;1271;1268;1268;1265;1265;1262;1262;1259;1259;1256;1256;1253;1253;1250;1250;1248;1248;1245;1245;1242;1242;1239;1239;164
1699966144056499.gadget2d_resized_512x512.png;class_0;1.0;polygon;x values;842;837;798;794;779;774;755;750;741;726;717;712;707;702;693;688;683;678;659;654;413;409;380;375;360;356;322;317;38;33;24;24;19;19;24;24;197;202;784;789;1357;1361;1448;1453;1506;1511;1583;1588;1771;1775;1857;1862;1900;1905;1963;1968;2156;2160;2213;2218;2257;2261;2324;2329;2459;2459;1458;1453;1280;1275;1222;1217;1097;1092;1087;1082;1078;1073;1068;1063;1058;1053;1049;1044;1029;1025
1699966144056499.gadget2d_resized_512x512.png;class_0;1.0;polygon;y values;281;284;284;287;287;290;290;292;292;301;301;304;304;307;307;310;310;313;313;316;316;319;319;322;322;325;325;328;328;331;331;333;336;1391;1394;1397;1397;1394;1394;1391;1391;1388;1388;1385;1385;1382;1382;1379;1379;1376;1376;1374;1374;1371;1371;1368;1368;1365;1365;1362;1362;1359;1359;1356;1356;292;292;295;295;298;298;301;301;298;298;295;295;292;292;290;290;287;287;284;284;281
1698672516163065.gadget2d_resized_512x512.png;class_0;1.0;polygon;x values;24;19;19;28;96;101;125;129;182;187;360;365;418;423;442;447;490;495;654;659;717;721;745;750;808;813;1053;1058;1130;1135;1164;1169;1222;1227;1424;1429;1544;1549;1602;1607;1977;1982;2459;2459;2372;2367;2338;2334;2324;2319;2290;2285;2035;2030;1987;1982;1953;1949;1905;1900;1669;1665;1631;1626;1607;1602;1578;1573;1188;1183;1034;1029;976;972;866;861
1698672516163065.gadget2d_resized_512x512.png;class_0;1.0;polygon;y values;70;73;1306;1312;1312;1315;1315;1318;1318;1321;1321;1324;1324;1327;1327;1330;1330;1333;1333;1335;1335;1338;1338;1341;1341;1344;1344;1347;1347;1350;1350;1353;1353;1356;1356;1359;1359;1362;1362;1365;1365;1368;1368;117;117;114;114;111;111;108;108;105;105;102;102;99;99;96;96;93;93;90;90;87;87;84;84;82;82;79;79;76;76;73;73;70
1698112381193852.gadget2d_resized_512x512.png;class_0;1.0;polygon;x values;24;19;19;24;24;91;96;245;250;308;312;327;332;370;375;529;534;582;587;606;611;664;668;842;847;928;933;967;972;1025;1029;1227;1232;1313;1318;1366;1371;1487;1491;2213;2218;2459;2459;2425;2420;2377;2372;2362;2358;2329;2324;2117;2112;2064;2059;2030;2026;1982;1977;1732;1727;1694;1689;1674;1669;1641;1636;1289;1284;1203;1198;1164;1159;1015;1010
1698112381193852.gadget2d_resized_512x512.png;class_0;1.0;polygon;y values;70;73;1309;1312;1318;1318;1321;1321;1324;1324;1327;1327;1330;1330;1333;1333;1335;1335;1338;1338;1341;1341;1344;1344;1347;1347;1350;1350;1353;1353;1356;1356;1359;1359;1362;1362;1365;1365;1368;1368;1371;1371;117;117;114;114;111;111;108;108;105;105;102;102;99;99;96;96;93;93;90;90;87;87;84;84;82;82;79;79;76;76;73;73;70
1698061161095897.gadget2d_resized_512x512.png;class_0;1.0;polygon;x values;24;19;19;28;72;77;105;110;163;168;385;389;433;437;462;466;505;510;620;625;664;668;688;693;731;736;948;952;1025;1029;1073;1078;1130;1135;1217;1222;1289;1294;1333;1337;1414;1419;1852;1857;2093;2098;2208;2213;2358;2362;2459;2459;2401;2396;2367;2362;2324;2319;2107;2103;2074;2069;2059;2054;2026;2021;1785;1780;1746;1742;1722;1718;1679;1674;1414;1410;1342;1337;1309;1304;1232;1227
1698061161095897.gadget2d_resized_512x512.png;class_0;1.0;polygon;y values;82;84;1318;1324;1324;1327;1327;1330;1330;1333;1333;1335;1335;1338;1338;1341;1341;1344;1344;1347;1347;1350;1350;1353;1353;1356;1356;1359;1359;1362;1362;1365;1365;1368;1368;1371;1371;1374;1374;1376;1376;1379;1379;1382;1382;1385;1385;1388;1388;1391;1391;125;125;123;123;120;120;117;117;114;114;111;111;108;108;105;105;102;102;99;99;96;96;93;93;90;90;87;87;84;84;82
1698054233943773.gadget2d_resized_512x512.png;class_0;1.0;polygon;x values;24;19;19;28;211;216;269;274;293;298;351;356;510;514;558;563;591;596;649;654;827;832;899;904;933;938;986;991;1246;1251;1313;1318;1376;1381;1472;1477;2107;2112;2459;2459;2290;2285;2247;2242;2218;2213;2165;2160;1987;1982;1953;1949;1934;1929;1896;1891;1694;1689;1617;1612;1568;1564;1487;1482
1698054233943773.gadget2d_resized_512x512.png;class_0;1.0;polygon;y values;70;73;1315;1321;1321;1324;1324;1327;1327;1330;1330;1333;1333;1335;1335;1338;1338;1341;1341;1344;1344;1347;1347;1350;1350;1353;1353;1356;1356;1359;1359;1362;1362;1365;1365;1368;1368;1371;1371;105;105;102;102;99;99;96;96;93;93;90;90;87;87;84;84;82;82;79;79;76;76;73;73;70
1698676752249246.gadget2d_resized_512x512.png;class_0;1.0;polygon;x values;24;19;19;24;62;67;134;139;163;168;211;216;365;370;418;423;442;447;495;500;649;654;693;697;712;717;745;750;981;986;1058;1063;1102;1106;1150;1155;1289;1294;1395;1400;1463;1467;1573;1578;2290;2295;2415;2420;2439;2444;2459;2459;2334;2329;2295;2290;2276;2271;2233;2228;2016;2011;1977;1973;1953;1949;1910;1905;1694;1689;1631;1626;1592;1588;1544;1540;1179;1174;1106;1102;1068;1063;976;972
1698676752249246.gadget2d_resized_512x512.png;class_0;1.0;polygon;y values;82;84;1318;1321;1321;1324;1324;1327;1327;1330;1330;1333;1333;1335;1335;1338;1338;1341;1341;1344;1344;1347;1347;1350;1350;1353;1353;1356;1356;1359;1359;1362;1362;1365;1365;1368;1368;1371;1371;1374;1374;1376;1376;1379;1379;1382;1382;1379;1379;1382;1382;128;128;125;125;123;123;120;120;117;117;114;114;111;111;108;108;105;105;102;102;99;99;96;96;93;93;90;90;87;87;84;84;82
1698079093485944.gadget2d_resized_512x512.png;class_0;1.0;polygon;x values;24;19;19;28;110;115;163;168;202;206;317;322;428;433;481;486;514;519;572;577;712;717;750;755;770;774;808;813;1092;1097;1155;1159;1193;1198;1260;1265;1496;1501;1588;1592;1631;1636;1742;1746;2358;2362;2459;2459;2449;2444;2420;2415;2406;2401;2372;2367;2146;2141;2127;2122;2112;2107;2093;2088;2050;2045;2021;2016;1982;1977;1949;1944;1819;1814;1790;1785;1775;1771;1751;1746;1530;1525;1405;1400;1333;1328;1260;1256
1698079093485944.gadget2d_resized_512x512.png;class_0;1.0;polygon;y values;70;73;1291;1297;1297;1300;1300;1303;1303;1306;1306;1309;1309;1312;1312;1315;1315;1318;1318;1321;1321;1324;1324;1327;1327;1330;1330;1333;1333;1335;1335;1338;1338;1341;1341;1344;1344;1347;1347;1350;1350;1353;1353;1356;1356;1359;1359;117;117;114;114;111;111;108;108;105;105;102;102;99;99;96;96;93;93;90;90;87;87;90;90;93;93;90;90;87;87;84;84;82;82;79;79;76;76;73;73;70
1699069918312487.gadget2d_resized_512x512.png;class_0;1.0;polygon;x values;24;19;19;24;105;110;168;173;202;206;245;250;404;409;462;466;490;495;543;548;688;693;741;745;770;774;851;856;1111;1116;1222;1227;1275;1280;1366;1371;2160;2165;2459;2459;2353;2348;2319;2314;2290;2285;2184;2180;1949;1944;1910;1905;1896;1891;1862;1857;1607;1602;1496;1491;1448;1443;1347;1342
1699069918312487.gadget2d_resized_512x512.png;class_0;1.0;polygon;y values;70;73;1318;1321;1321;1324;1324;1327;1327;1330;1330;1333;1333;1335;1335;1338;1338;1341;1341;1344;1344;1347;1347;1350;1350;1353;1353;1356;1356;1359;1359;1362;1362;1365;1365;1368;1368;1371;1371;105;105;102;102;99;99;96;96;93;93;90;90;87;87;84;84;82;82;79;79;76;76;73;73;70
1698291816000437.gadget2d_resized_512x512.png;class_0;1.0;polygon;x values;24;19;19;24;101;105;163;168;192;197;264;269;385;389;423;428;442;447;476;481;596;601;644;649;668;673;717;721;899;904;957;962;986;991;1053;1058;1217;1222;1275;1280;1309;1313;1463;1467;2175;2180;2367;2372;2382;2387;2459;2459;2425;2420;2362;2358;2338;2334;2295;2290;2069;2064;2035;2030;2016;2011;1973;1968;1722;1718;1674;1669;1641;1636;1592;1588;1328;1323;1284;1280;1251;1246;1140;1135
1698291816000437.gadget2d_resized_512x512.png;class_0;1.0;polygon;y values;105;108;1330;1333;1333;1335;1335;1338;1338;1341;1341;1344;1344;1347;1347;1350;1350;1353;1353;1356;1356;1359;1359;1362;1362;1365;1365;1368;1368;1371;1371;1374;1374;1376;1376;1379;1379;1382;1382;1385;1385;1388;1388;1391;1391;1394;1394;1397;1397;1394;1394;152;152;149;149;146;146;143;143;140;140;137;137;134;134;131;131;128;128;125;125;123;123;120;120;117;117;114;114;111;111;108;108;105
1698117669311136.gadget2d_resized_512x512.png;class_0;1.0;polygon;x values;24;19;19;28;81;86;105;110;144;149;312;317;356;360;380;385;418;423;567;572;625;630;644;649;693;697;938;943;1001;1005;1034;1039;1097;1102;1265;1270;1366;1371;1424;1429;1515;1520;2069;2074;2353;2358;2459;2459;2290;2285;2257;2252;2242;2237;2208;2204;1973;1968;1915;1910;1891;1886;1838;1833;1645;1641;1612;1607;1592;1588;1559;1554;1068;1063;981;976;914;909;755;750
1698117669311136.gadget2d_resized_512x512.png;class_0;1.0;polygon;y values;70;73;1306;1312;1312;1315;1315;1318;1318;1321;1321;1324;1324;1327;1327;1330;1330;1333;1333;1335;1335;1338;1338;1341;1341;1344;1344;1347;1347;1350;1350;1353;1353;1356;1356;1359;1359;1362;1362;1365;1365;1368;1368;1371;1371;1374;1374;117;117;114;114;111;111;108;108;105;105;102;102;99;99;96;96;93;93;90;90;87;87;84;84;82;82;79;79;76;76;73;73;70
1700072931645103.gadget2d_resized_512x512.png;class_0;1.0;polygon;x values;24;19;19;24;24;28;91;96;149;154;264;269;317;322;346;351;413;418;620;625;668;673;693;697;731;736;808;813;909;914;957;962;1025;1029;1164;1169;1241;1246;1289;1294;1366;1371;1621;1626;2237;2242;2310;2314;2459;2459;2295;2290;2257;2252;2247;2242;2218;2213;2021;2016;1982;1977;1958;1953;1910;1905;1669;1665;1617;1612;1592;1588;1559;1554;1232;1227;1078;1073;1029;1025;952;948
1700072931645103.gadget2d_resized_512x512.png;class_0;1.0;polygon;y values;93;96;1330;1333;1335;1338;1338;1341;1341;1344;1344;1347;1347;1350;1350;1353;1353;1356;1356;1359;1359;1362;1362;1365;1365;1368;1368;1371;1371;1374;1374;1376;1376;1379;1379;1382;1382;1385;1385;1388;1388;1391;1391;1394;1394;1397;1397;1400;1400;140;140;137;137;134;134;131;131;128;128;125;125;123;123;120;120;117;117;114;114;111;111;108;108;105;105;102;102;99;99;96;96;93
1700337498872222.gadget2d_resized_512x512.png;class_0;1.0;polygon;x values;1540;1535;1410;1405;1352;1347;1270;1265;952;948;909;904;890;885;827;822;481;476;433;428;409;404;380;375;216;211;178;173;158;154;110;105;24;19;19;28;57;62;832;837;1130;1135;1212;1217;1328;1333;1554;1559;1617;1621;1650;1655;1713;1718;1905;1910;1963;1968;1987;1992;2045;2050;2213;2218;2261;2266;2300;2305;2362;2367;2459;2459
1700337498872222.gadget2d_resized_512x512.png;class_0;1.0;polygon;y values;187;190;190;193;193;196;196;199;199;202;202;205;205;208;208;210;210;213;213;216;216;219;219;222;222;225;225;228;228;231;231;234;234;237;1294;1300;1300;1297;1297;1294;1294;1291;1291;1289;1289;1286;1286;1283;1283;1280;1280;1277;1277;1274;1274;1271;1271;1268;1268;1265;1265;1262;1262;1259;1259;1256;1256;1253;1253;1250;1250;187
1698166778381427.gadget2d_resized_512x512.png;class_0;1.0;polygon;x values;24;19;19;24;115;120;178;182;211;216;283;288;409;413;462;466;486;490;534;539;649;654;726;731;750;755;827;832;1053;1058;1106;1111;1135;1140;1174;1179;1357;1361;1496;1501;1549;1554;1669;1674;2459;2459;2449;2444;2425;2420;2184;2180;2146;2141;2131;2127;2079;2074;1857;1852;1823;1819;1795;1790;1756;1751;1592;1588;1491;1487;1438;1434;1342;1337
1698166778381427.gadget2d_resized_512x512.png;class_0;1.0;polygon;y values;93;96;1330;1333;1333;1335;1335;1338;1338;1341;1341;1344;1344;1347;1347;1350;1350;1353;1353;1356;1356;1359;1359;1362;1362;1365;1365;1368;1368;1371;1371;1374;1374;1376;1376;1379;1379;1382;1382;1385;1385;1388;1388;1391;1391;134;134;131;131;128;128;125;125;123;123;120;120;117;117;114;114;111;111;108;108;105;105;102;102;99;99;96;96;93
1700007860536427.gadget2d_resized_512x512.png;class_0;1.0;polygon;x values;895;890;779;774;745;741;736;702;688;683;514;510;476;471;452;447;413;409;120;115;28;24;24;19;19;24;24;442;447;668;673;798;803;1347;1352;1414;1419;1458;1463;1535;1540;1713;1718;1790;1795;1838;1843;1949;1953;2054;2059;2141;2146;2170;2175;2218;2223;2353;2358;2430;2435;2439;2459;2459;1708;1703;1607;1602;1554;1549;1414;1410;1082;1078;1063;1058;1053;1039;1034;1029;1020;1015
1700007860536427.gadget2d_resized_512x512.png;class_0;1.0;polygon;y values;284;287;287;290;290;292;292;313;313;316;316;319;319;322;322;325;325;328;328;331;331;333;336;339;1400;1403;1406;1406;1409;1409;1406;1406;1403;1403;1400;1400;1397;1397;1394;1394;1391;1391;1388;1388;1385;1385;1382;1382;1379;1379;1376;1376;1374;1374;1371;1371;1368;1368;1365;1365;1362;1365;1365;292;292;295;295;298;298;301;301;304;304;301;301;298;298;290;290;287;287;284
1699026716110728.gadget2d_resized_512x512.png;class_0;1.0;polygon;x values;0;0;24;28;43;48;216;221;269;274;293;298;351;356;510;514;553;558;582;587;635;640;779;784;875;880;924;928;1001;1005;1198;1203;1270;1275;1323;1328;1429;1434;1838;1843;2050;2054;2208;2213;2459;2459;2406;2401;2334;2329;2103;2098;2069;2064;2054;2050;2016;2011;1766;1761;1722;1718;1703;1698;1641;1636;1323;1318;1236;1232;1188;1183;1102;1097
1699026716110728.gadget2d_resized_512x512.png;class_0;1.0;polygon;y values;82;1321;1321;1318;1318;1321;1321;1324;1324;1327;1327;1330;1330;1333;1333;1335;1335;1338;1338;1341;1341;1344;1344;1347;1347;1350;1350;1353;1353;1356;1356;1359;1359;1362;1362;1365;1365;1368;1368;1371;1371;1374;1374;1376;1376;123;123;120;120;117;117;114;114;111;111;108;108;105;105;102;102;99;99;96;96;93;93;90;90;87;87;84;84;82
1700416207665770.gadget2d_resized_512x512.png;class_0;1.0;polygon;x values;24;19;19;24;24;28;105;110;163;168;293;298;356;360;380;385;423;428;606;611;683;688;707;712;745;750;818;822;895;899;933;938;1001;1005;1140;1145;1207;1212;1251;1256;1328;1333;1597;1602;2107;2112;2170;2175;2276;2281;2459;2459;2310;2305;2266;2261;2247;2242;2213;2208;2021;2016;1977;1973;1953;1949;1910;1905;1694;1689;1645;1641;1621;1617;1583;1578;1395;1390;1333;1328;1294;1289;1130;1126;1063;1058;938;933
1700416207665770.gadget2d_resized_512x512.png;class_0;1.0;polygon;y values;93;96;1330;1333;1335;1338;1338;1341;1341;1344;1344;1347;1347;1350;1350;1353;1353;1356;1356;1359;1359;1362;1362;1365;1365;1368;1368;1371;1371;1374;1374;1376;1376;1379;1379;1382;1382;1385;1385;1388;1388;1391;1391;1394;1394;1397;1397;1400;1400;1403;1403;140;140;137;137;134;134;131;131;128;128;125;125;123;123;120;120;117;117;114;114;111;111;108;108;105;105;102;102;105;105;102;102;99;99;96;96;93
1698220092487424.gadget2d_resized_512x512.png;class_0;1.0;polygon;x values;24;19;19;24;86;91;173;178;211;216;264;269;365;370;428;433;481;486;505;510;591;596;625;630;707;712;779;784;818;822;875;880;1025;1029;1087;1092;1111;1116;1155;1159;1381;1386;1520;1525;1573;1578;1746;1751;2459;2459;2449;2444;2425;2420;2204;2199;2160;2156;2136;2131;2093;2088;1867;1862;1833;1828;1814;1809;1771;1766;1583;1578;1453;1448;1400;1395;1284;1280
1698220092487424.gadget2d_resized_512x512.png;class_0;1.0;polygon;y values;93;96;1330;1333;1333;1335;1335;1338;1338;1341;1341;1344;1344;1347;1347;1350;1350;1353;1353;1350;1350;1353;1353;1356;1356;1359;1359;1362;1362;1365;1365;1368;1368;1371;1371;1374;1374;1376;1376;1379;1379;1382;1382;1385;1385;1388;1388;1391;1391;134;134;131;131;128;128;125;125;123;123;120;120;117;117;114;114;111;111;108;108;105;105;102;102;99;99;96;96;93
1700395173397232.gadget2d_resized_512x512.png;class_0;1.0;polygon;x values;1578;1573;1482;1477;1410;1405;1328;1323;962;957;909;904;880;875;837;832;553;548;490;486;466;462;423;418;259;255;231;226;211;206;178;173;24;19;19;24;726;731;827;832;885;890;1135;1140;1361;1366;1443;1448;1496;1501;1588;1592;1795;1799;1848;1852;1876;1881;1963;1968;2127;2131;2184;2189;2218;2223;2276;2281;2459;2459
1700395173397232.gadget2d_resized_512x512.png;class_0;1.0;polygon;y values;164;166;166;169;169;172;172;175;175;178;178;181;181;184;184;187;187;190;190;193;193;196;196;199;199;202;202;205;205;208;208;210;210;213;1283;1286;1286;1283;1283;1280;1280;1277;1277;1274;1274;1271;1271;1268;1268;1265;1265;1262;1262;1259;1259;1256;1256;1253;1253;1250;1250;1248;1248;1245;1245;1242;1242;1239;1239;164
1697960086948979.gadget2d_resized_512x512.png;class_0;1.0;polygon;x values;43;38;24;24;19;19;24;24;28;81;86;245;250;327;332;370;375;437;442;591;596;644;649;668;673;712;717;972;976;1073;1078;1121;1126;1169;1174;1337;1342;1463;1467;1515;1520;1602;1607;2459;2459;2415;2411;2242;2237;2189;2184;2170;2165;2136;2131;1891;1886;1833;1828;1799;1795;1689;1684;1645;1641;1602;1597;1592;1588;1602;1617;1482;1477;1472;1467;1453;1448;1443;1438;1352;1347;1284;1280;871;866;726;721;312;308;163;158;57;52
1697960086948979.gadget2d_resized_512x512.png;class_0;1.0;polygon;y values;49;52;52;55;58;1297;1300;1303;1306;1306;1309;1309;1312;1312;1315;1315;1318;1318;1321;1321;1324;1324;1327;1327;1330;1330;1333;1333;1335;1335;1338;1338;1341;1341;1344;1344;1347;1347;1350;1350;1353;1353;1356;1356;96;96;93;93;90;90;87;87;84;84;82;82;79;79;76;76;73;73;70;70;67;67;64;64;61;52;52;52;55;55;58;58;61;61;64;64;61;61;58;58;55;55;52;52;55;55;52;52;49
1700073975671227.gadget2d_resized_512x512.png;class_0;1.0;polygon;x values;24;19;19;24;72;77;168;173;211;216;269;274;370;375;423;428;447;452;505;510;702;707;755;760;779;784;822;827;986;991;1053;1058;1087;1092;1130;1135;1246;1251;1337;1342;1405;1410;1491;1496;2141;2146;2334;2338;2459;2459;2362;2358;2324;2319;2300;2295;2271;2266;2098;2093;2054;2050;2026;2021;1944;1939;1684;1679;1641;1636;1621;1617;1592;1588;1448;1443;1212;1207;1183;1179;1126;1121
1700073975671227.gadget2d_resized_512x512.png;class_0;1.0;polygon;y values;93;96;1330;1333;1333;1335;1335;1338;1338;1341;1341;1344;1344;1347;1347;1350;1350;1353;1353;1356;1356;1359;1359;1362;1362;1365;1365;1368;1368;1371;1371;1374;1374;1376;1376;1379;1379;1382;1382;1385;1385;1388;1388;1391;1391;1394;1394;1397;1397;140;140;137;137;134;134;131;131;128;128;125;125;123;123;120;120;117;117;114;114;111;111;108;108;105;105;102;102;99;99;96;96;93
1699014675613815.gadget2d_resized_512x512.png;class_0;1.0;polygon;x values;24;19;19;28;182;187;250;255;274;279;317;322;447;452;510;514;548;553;616;620;731;736;765;770;789;794;861;866;1116;1121;1179;1183;1236;1241;1294;1299;1515;1520;1669;1674;1766;1771;1973;1977;2459;2459;2343;2338;2305;2300;2285;2281;2247;2242;2026;2021;1987;1982;1968;1963;1929;1925;1703;1698;1650;1645;1612;1607;1554;1549;1256;1251;1207;1203;1174;1169;1106;1102
1699014675613815.gadget2d_resized_512x512.png;class_0;1.0;polygon;y values;82;84;1315;1321;1321;1324;1324;1327;1327;1330;1330;1333;1333;1335;1335;1338;1338;1341;1341;1344;1344;1347;1347;1350;1350;1353;1353;1356;1356;1359;1359;1362;1362;1365;1365;1368;1368;1371;1371;1374;1374;1376;1376;1379;1379;128;128;125;125;123;123;120;120;117;117;114;114;111;111;108;108;105;105;102;102;99;99;96;96;93;93;90;90;87;87;84;84;82
1700335365847970.gadget2d_resized_512x512.png;class_0;1.0;polygon;x values;1925;1920;1823;1819;1737;1732;1641;1636;1241;1236;1179;1174;1121;1116;1029;1025;760;755;717;712;693;688;635;630;394;389;346;341;322;317;279;274;62;57;19;14;0;0;664;668;760;765;837;842;1068;1073;1395;1400;1453;1458;1496;1501;1588;1592;1785;1790;1833;1838;1862;1867;1934;1939;2093;2098;2141;2146;2170;2175;2213;2218;2372;2377;2425;2430;2444;2449;2459;2459
1700335365847970.gadget2d_resized_512x512.png;class_0;1.0;polygon;y values;175;178;178;181;181;184;184;187;187;190;190;193;193;196;196;199;199;202;202;205;205;208;208;210;210;213;213;216;216;219;219;222;222;225;225;228;228;1297;1297;1294;1294;1291;1291;1289;1289;1286;1286;1283;1283;1280;1280;1277;1277;1274;1274;1271;1271;1268;1268;1265;1265;1262;1262;1259;1259;1256;1256;1253;1253;1250;1250;1248;1248;1245;1245;1248;1248;175
1698079179488198.gadget2d_resized_512x512.png;class_0;1.0;polygon;x values;24;19;19;24;24;33;38;62;67;110;115;288;293;346;351;375;380;452;457;558;563;601;606;630;635;693;697;914;919;1020;1025;1082;1087;1150;1155;1400;1405;1511;1515;1597;1602;1756;1761;1819;1823;1886;1891;2459;2459;2439;2435;2415;2411;2377;2372;2343;2338;2334;2329;2310;2305;2300;2295;2290;2285;2281;2276;2199;2194;2175;2170;2136;2131;1905;1900;1872;1867;1852;1848;1790;1785;1597;1592;1535;1530;1487;1482;1429;1424;1342;1337;1241;1236
1698079179488198.gadget2d_resized_512x512.png;class_0;1.0;polygon;y values;93;96;1318;1321;1324;1324;1327;1327;1330;1330;1333;1333;1335;1335;1338;1338;1341;1341;1344;1344;1347;1347;1350;1350;1353;1353;1356;1356;1359;1359;1362;1362;1365;1365;1368;1368;1371;1371;1374;1374;1376;1376;1374;1374;1376;1376;1379;1379;123;123;120;120;117;117;114;114;111;111;114;114;117;117;120;120;123;123;125;125;123;123;120;120;117;117;114;114;111;111;108;108;105;105;102;102;99;99;96;96;99;99;96;96;93
1698239187899945.gadget2d_resized_512x512.png;class_0;1.0;polygon;x values;24;19;19;28;96;101;120;125;158;163;308;312;365;370;399;404;447;452;587;591;635;640;654;659;693;697;866;871;938;943;986;991;1068;1073;1193;1198;1280;1284;1323;1328;1376;1381;1722;1727;2002;2006;2127;2131;2310;2314;2459;2459;2454;2449;2430;2425;2213;2208;2180;2175;2165;2160;2131;2127;1900;1896;1862;1857;1838;1833;1795;1790;1636;1631;1540;1535;1487;1482;1410;1405
1698239187899945.gadget2d_resized_512x512.png;class_0;1.0;polygon;y values;93;96;1318;1324;1324;1327;1327;1330;1330;1333;1333;1335;1335;1338;1338;1341;1341;1344;1344;1347;1347;1350;1350;1353;1353;1356;1356;1359;1359;1362;1362;1365;1365;1368;1368;1371;1371;1374;1374;1376;1376;1379;1379;1382;1382;1385;1385;1388;1388;1391;1391;134;134;131;131;128;128;125;125;123;123;120;120;117;117;114;114;111;111;108;108;105;105;102;102;99;99;96;96;93
1700305809546885.gadget2d_resized_512x512.png;class_0;1.0;polygon;x values;1530;1525;1438;1434;1395;1390;1328;1323;991;986;943;938;914;909;861;856;558;553;519;514;495;490;452;447;264;259;216;211;192;187;144;139;0;0;52;57;659;664;712;717;837;842;1280;1284;1352;1357;1395;1400;1477;1482;1669;1674;1737;1742;1766;1771;1828;1833;2040;2045;2079;2083;2103;2107;2160;2165;2314;2319;2367;2372;2396;2401;2459;2459
1700305809546885.gadget2d_resized_512x512.png;class_0;1.0;polygon;y values;175;178;178;181;181;184;184;187;187;190;190;193;193;196;196;199;199;202;202;205;205;208;208;210;210;213;213;216;216;219;219;222;222;1297;1297;1294;1294;1291;1291;1289;1289;1286;1286;1283;1283;1280;1280;1277;1277;1274;1274;1271;1271;1268;1268;1265;1265;1262;1262;1259;1259;1256;1256;1253;1253;1250;1250;1248;1248;1245;1245;1242;1242;175
1697986350510946.gadget2d_resized_512x512.png;class_0;1.0;polygon;x values;0;0;9;14;120;125;173;178;202;206;259;264;404;409;452;457;481;486;539;543;673;678;712;717;736;741;770;774;933;938;1073;1078;1126;1130;1174;1179;1352;1357;1458;1463;1511;1515;1588;1592;2242;2247;2362;2367;2406;2411;2435;2439;2459;2459;2310;2305;2285;2281;2266;2261;2242;2237;1977;1973;1925;1920;1900;1896;1852;1848;1645;1641;1602;1597;1588;1583;1554;1549;1212;1207;1082;1078;1015;1010;875;871
1697986350510946.gadget2d_resized_512x512.png;class_0;1.0;polygon;y values;70;1324;1324;1321;1321;1324;1324;1327;1327;1330;1330;1333;1333;1335;1335;1338;1338;1341;1341;1344;1344;1347;1347;1350;1350;1353;1353;1356;1356;1359;1359;1362;1362;1365;1365;1368;1368;1371;1371;1374;1374;1376;1376;1379;1379;1382;1382;1385;1385;1382;1382;1385;1385;117;117;114;114;111;111;108;108;105;105;102;102;99;99;96;96;93;93;90;90;87;87;84;84;82;82;79;79;76;76;73;73;70
1700297682449817.gadget2d_resized_512x512.png;class_0;1.0;polygon;x values;1910;1905;1785;1780;1660;1655;1578;1573;1265;1260;1164;1159;1073;1068;991;986;741;736;683;678;664;659;611;606;385;380;327;322;303;298;259;255;48;43;14;9;0;0;14;19;784;789;1015;1020;1164;1169;1241;1246;1482;1487;1540;1544;1588;1592;1694;1698;1833;1838;1910;1915;1939;1944;2011;2016;2136;2141;2184;2189;2208;2213;2290;2295;2459;2459
1700297682449817.gadget2d_resized_512x512.png;class_0;1.0;polygon;y values;175;178;178;181;181;184;184;187;187;190;190;193;193;196;196;199;199;202;202;205;205;208;208;210;210;213;213;216;216;219;219;222;222;225;225;228;228;1300;1300;1297;1297;1294;1294;1291;1291;1289;1289;1286;1286;1283;1283;1280;1280;1277;1277;1274;1274;1271;1271;1268;1268;1265;1265;1262;1262;1259;1259;1256;1256;1253;1253;1250;1250;175
1699885243128811.gadget2d_resized_512x512.png;class_0;1.0;polygon;x values;1525;1520;1434;1429;1386;1381;1313;1309;1058;1053;1010;1005;986;981;943;938;688;683;654;649;620;616;510;505;279;274;245;240;221;216;178;173;24;19;19;28;928;933;976;981;1164;1169;1246;1251;1410;1414;1467;1472;1496;1501;1549;1554;1718;1722;1742;1746;1751;1756;1790;1795;1973;1977;2045;2050;2079;2083;2151;2156;2285;2290;2310;2314;2324;2329;2367;2372;2459;2459
1699885243128811.gadget2d_resized_512x512.png;class_0;1.0;polygon;y values;210;213;213;216;216;219;219;222;222;225;225;228;228;231;231;234;234;237;237;240;240;243;243;246;246;249;249;251;251;254;254;257;257;260;1327;1333;1333;1330;1330;1327;1327;1324;1324;1321;1321;1318;1318;1315;1315;1312;1312;1309;1309;1306;1306;1303;1303;1300;1300;1297;1297;1294;1294;1291;1291;1289;1289;1286;1286;1283;1283;1280;1280;1277;1277;1274;1274;210
1698272451588142.gadget2d_resized_512x512.png;class_0;1.0;polygon;x values;24;19;19;28;158;163;216;221;250;255;303;308;437;442;500;505;543;548;620;625;741;745;774;779;789;794;875;880;1078;1082;1159;1164;1236;1241;1313;1318;1434;1438;1477;1482;1491;1496;1515;1520;1684;1689;2006;2011;2459;2459;2444;2439;2310;2305;2261;2257;2208;2204;2141;2136;1910;1905;1881;1876;1862;1857;1819;1814;1636;1631;1544;1540;1496;1491;1434;1429
1698272451588142.gadget2d_resized_512x512.png;class_0;1.0;polygon;y values;93;96;1315;1321;1321;1324;1324;1327;1327;1330;1330;1333;1333;1335;1335;1338;1338;1341;1341;1344;1344;1347;1347;1350;1350;1353;1353;1356;1356;1359;1359;1362;1362;1365;1365;1368;1368;1371;1371;1374;1374;1376;1376;1379;1379;1376;1376;1379;1379;131;131;128;128;125;125;123;123;120;120;117;117;114;114;111;111;108;108;105;105;102;102;99;99;96;96;93
1700408839370953.gadget2d_resized_512x512.png;class_0;1.0;polygon;x values;1217;1212;1159;1155;1126;1121;1029;1025;770;765;741;736;721;717;673;668;423;418;394;389;375;370;327;322;105;101;57;52;28;24;24;19;19;24;24;510;514;678;683;717;721;808;813;1280;1284;1347;1352;1381;1386;1438;1443;1607;1612;1660;1665;1684;1689;1742;1746;1968;1973;2006;2011;2026;2030;2069;2074;2223;2228;2271;2276;2295;2300;2353;2358;2459;2459
1700408839370953.gadget2d_resized_512x512.png;class_0;1.0;polygon;y values;164;166;166;169;169;172;172;175;175;178;178;181;181;184;184;187;187;190;190;193;193;196;196;199;199;202;202;205;205;208;210;213;1291;1294;1297;1297;1294;1294;1291;1291;1289;1289;1286;1286;1283;1283;1280;1280;1277;1277;1274;1274;1271;1271;1268;1268;1265;1265;1262;1262;1259;1259;1256;1256;1253;1253;1250;1250;1248;1248;1245;1245;1242;1242;1239;1239;164
1699836166532736.gadget2d_resized_512x512.png;class_0;1.0;polygon;x values;1313;1309;1251;1246;1217;1212;1159;1155;779;774;736;731;707;702;664;659;399;394;365;360;346;341;308;303;28;19;19;24;808;813;952;957;1227;1232;1361;1366;1568;1573;1621;1626;1645;1650;1703;1708;1896;1900;1997;2002;2050;2054;2136;2141;2271;2276;2310;2314;2329;2334;2401;2406;2459;2459
1699836166532736.gadget2d_resized_512x512.png;class_0;1.0;polygon;y values;199;202;202;205;205;208;208;210;210;213;213;216;216;219;219;222;222;225;225;228;228;231;231;234;234;240;1306;1309;1309;1306;1306;1303;1303;1300;1300;1297;1297;1294;1294;1291;1291;1289;1289;1286;1286;1283;1283;1280;1280;1277;1277;1274;1274;1271;1271;1268;1268;1265;1265;1262;1262;199
1698213037336645.gadget2d_resized_512x512.png;class_0;1.0;polygon;x values;24;19;19;24;24;57;62;211;216;293;298;346;351;409;413;510;514;625;630;649;654;697;702;770;774;822;827;899;904;1010;1015;1130;1135;1193;1198;1236;1241;1294;1299;1501;1506;1689;1694;1896;1900;2064;2069;2459;2459;2348;2343;2324;2319;2305;2300;2281;2276;2050;2045;2016;2011;1992;1987;1949;1944;1751;1746;1718;1713;1708;1703;1674;1669;1381;1376;1260;1256;1222;1217;1169;1164
1698213037336645.gadget2d_resized_512x512.png;class_0;1.0;polygon;y values;93;96;1324;1327;1330;1330;1333;1333;1335;1335;1338;1338;1341;1341;1344;1344;1347;1347;1350;1350;1353;1353;1356;1356;1359;1359;1362;1362;1365;1365;1368;1368;1371;1371;1374;1374;1376;1376;1379;1379;1382;1382;1385;1385;1388;1388;1391;1391;140;140;137;137;134;134;131;131;128;128;125;125;123;123;120;120;117;117;114;114;111;111;108;108;105;105;102;102;99;99;96;96;93
1700284531689339.gadget2d_resized_512x512.png;class_0;1.0;polygon;x values;2093;2088;1852;1848;1665;1660;1559;1554;1198;1193;1145;1140;1116;1111;1029;1025;755;750;664;659;524;519;466;462;312;308;279;274;255;250;211;206;9;4;0;0;9;14;707;712;871;875;962;967;1198;1203;1467;1472;1535;1540;1573;1578;1655;1660;1872;1876;1944;1949;1973;1977;2021;2026;2175;2180;2223;2228;2247;2252;2319;2324;2459;2459
1700284531689339.gadget2d_resized_512x512.png;class_0;1.0;polygon;y values;164;166;166;169;169;172;172;175;175;178;178;181;181;184;184;187;187;190;190;193;193;196;196;199;199;202;202;205;205;208;208;210;210;213;213;1300;1300;1297;1297;1294;1294;1291;1291;1289;1289;1286;1286;1283;1283;1280;1280;1277;1277;1274;1274;1271;1271;1268;1268;1265;1265;1262;1262;1259;1259;1256;1256;1253;1253;1250;1250;164
1699885611132647.gadget2d_resized_512x512.png;class_0;1.0;polygon;x values;2064;2059;1876;1872;1823;1819;1655;1650;1179;1174;1097;1092;1025;1020;957;952;702;697;668;664;630;625;548;543;360;356;293;288;259;255;206;202;24;24;19;19;28;683;688;798;803;928;933;1207;1212;1477;1482;1564;1568;1607;1612;1665;1669;1742;1746;1785;1790;1823;1828;2006;2011;2170;2175;2208;2213;2252;2257;2314;2319;2459;2459;2439;2435
1699885611132647.gadget2d_resized_512x512.png;class_0;1.0;polygon;y values;199;202;202;205;205;208;208;210;210;213;213;216;216;219;219;222;222;225;225;228;228;231;231;234;234;237;237;240;240;243;243;246;246;249;251;1315;1321;1321;1318;1318;1315;1315;1312;1312;1309;1309;1306;1306;1303;1303;1300;1300;1297;1297;1294;1294;1291;1291;1289;1289;1286;1286;1283;1283;1280;1280;1277;1277;1274;1274;202;202;199
1699885612131313.gadget2d_resized_512x512.png;class_0;1.0;polygon;x values;1848;1843;1761;1756;1674;1669;1520;1515;1078;1073;1015;1010;976;972;904;899;548;543;500;495;476;471;437;433;283;279;221;216;197;192;149;144;24;19;19;28;471;476;707;712;779;784;1005;1010;1376;1381;1472;1477;1535;1540;1602;1607;1689;1694;1737;1742;1775;1780;1867;1872;2098;2103;2136;2141;2165;2170;2223;2228;2305;2310;2338;2343;2367;2372;2459;2459
1699885612131313.gadget2d_resized_512x512.png;class_0;1.0;polygon;y values;199;202;202;205;205;208;208;210;210;213;213;216;216;219;219;222;222;225;225;228;228;231;231;234;234;237;237;240;240;243;243;246;246;249;1315;1321;1321;1318;1318;1315;1315;1312;1312;1309;1309;1306;1306;1303;1303;1300;1300;1297;1297;1294;1294;1291;1291;1289;1289;1286;1286;1283;1283;1280;1280;1277;1277;1274;1274;1271;1271;1268;1268;1265;1265;199
1700399631192365.gadget2d_resized_512x512.png;class_0;1.0;polygon;x values;1540;1535;1410;1405;1366;1361;1299;1294;976;972;909;904;866;861;794;789;524;519;490;486;476;471;433;428;211;206;163;158;129;125;77;72;24;19;19;24;24;332;336;375;380;423;428;697;702;779;784;1193;1198;1294;1299;1366;1371;1472;1477;1703;1708;1785;1790;1814;1819;1872;1876;2088;2093;2136;2141;2165;2170;2208;2213;2391;2396;2459;2459
1700399631192365.gadget2d_resized_512x512.png;class_0;1.0;polygon;y values;152;155;155;158;158;161;161;164;164;166;166;169;169;172;172;175;175;178;178;181;181;184;184;187;187;190;190;193;193;196;196;199;199;202;1265;1268;1271;1271;1268;1268;1271;1271;1268;1268;1265;1265;1262;1262;1259;1259;1256;1256;1253;1253;1250;1250;1248;1248;1245;1245;1242;1242;1239;1239;1236;1236;1233;1233;1230;1230;1227;1227;1224;1224;152
1697974232250155.gadget2d_resized_512x512.png;class_0;1.0;polygon;x values;24;19;19;24;24;158;163;206;211;235;240;283;288;442;447;500;505;529;534;582;587;707;712;745;750;770;774;871;875;1097;1102;1159;1164;1203;1207;1294;1299;1540;1544;1665;1669;1905;1910;2103;2107;2459;2459;2290;2285;2257;2252;2242;2237;2208;2204;1949;1944;1900;1896;1872;1867;1828;1823;1607;1602;1554;1549;1525;1520;1477;1472
1697974232250155.gadget2d_resized_512x512.png;class_0;1.0;polygon;y values;82;84;1315;1318;1321;1321;1324;1324;1327;1327;1330;1330;1333;1333;1335;1335;1338;1338;1341;1341;1344;1344;1347;1347;1350;1350;1353;1353;1356;1356;1359;1359;1362;1362;1365;1365;1368;1368;1371;1371;1374;1374;1376;1376;1379;1379;117;117;114;114;111;111;108;108;105;105;102;102;99;99;96;96;93;93;90;90;87;87;84;84;82
1698176400579365.gadget2d_resized_512x512.png;class_0;1.0;polygon;x values;24;19;19;24;24;48;52;235;240;283;288;312;317;356;360;500;505;539;543;558;563;601;606;750;755;851;856;895;899;943;948;1164;1169;1217;1222;1251;1256;1299;1304;2035;2040;2257;2261;2435;2439;2459;2459;2430;2425;2420;2415;2382;2377;2136;2131;2093;2088;2064;2059;2016;2011;1761;1756;1727;1722;1713;1708;1689;1684;1434;1429;1256;1251;1198;1193;1073;1068
1698176400579365.gadget2d_resized_512x512.png;class_0;1.0;polygon;y values;93;96;1335;1338;1341;1341;1344;1344;1347;1347;1350;1350;1353;1353;1356;1356;1359;1359;1362;1362;1365;1365;1368;1368;1371;1371;1374;1374;1376;1376;1379;1379;1382;1382;1385;1385;1388;1388;1391;1391;1394;1394;1397;1397;1400;1400;137;137;134;134;131;131;128;128;125;125;123;123;120;120;117;117;114;114;111;111;108;108;105;105;102;102;99;99;96;96;93
1699817333260620.gadget2d_resized_512x512.png;class_0;1.0;polygon;x values;24;19;19;24;24;28;43;48;129;134;197;202;245;250;322;327;380;385;437;442;707;712;731;736;755;760;774;779;808;813;871;875;948;952;1058;1063;1126;1130;1155;1159;1207;1212;1333;1337;1491;1496;1655;1660;1804;1809;2459;2459;2454;2449;2242;2237;2204;2199;2175;2170;2136;2131;1915;1910;1881;1876;1862;1857;1823;1819;1655;1650;1568;1564;1520;1515;1434;1429
1699817333260620.gadget2d_resized_512x512.png;class_0;1.0;polygon;y values;93;96;1324;1327;1330;1333;1333;1330;1330;1333;1333;1335;1335;1338;1338;1341;1341;1344;1344;1347;1347;1350;1350;1353;1353;1356;1356;1359;1359;1362;1362;1365;1365;1368;1368;1371;1371;1374;1374;1376;1376;1379;1379;1382;1382;1385;1385;1388;1388;1391;1391;131;131;128;128;125;125;123;123;120;120;117;117;114;114;111;111;108;108;105;105;102;102;99;99;96;96;93
1698062799131713.gadget2d_resized_512x512.png;class_0;1.0;polygon;x values;24;19;19;24;24;28;62;67;105;110;216;221;288;293;332;336;399;404;514;519;563;567;596;601;640;644;774;779;837;842;919;924;1020;1025;1130;1135;1169;1174;1198;1203;1251;1256;1573;1578;1742;1746;1843;1848;2165;2170;2459;2459;2382;2377;2334;2329;2314;2310;2271;2266;2064;2059;2030;2026;2011;2006;1968;1963;1756;1751;1713;1708;1694;1689;1650;1645;1434;1429;1381;1376;1357;1352;1294;1289
1698062799131713.gadget2d_resized_512x512.png;class_0;1.0;polygon;y values;82;84;1318;1321;1324;1327;1327;1330;1330;1333;1333;1335;1335;1338;1338;1341;1341;1344;1344;1347;1347;1350;1350;1353;1353;1356;1356;1359;1359;1362;1362;1365;1365;1368;1368;1371;1371;1374;1374;1376;1376;1379;1379;1382;1382;1385;1385;1388;1388;1391;1391;128;128;125;125;123;123;120;120;117;117;114;114;111;111;108;108;105;105;102;102;99;99;96;96;93;93;90;90;87;87;84;84;82
1698111563168724.gadget2d_resized_512x512.png;class_0;1.0;polygon;x values;24;19;19;24;110;115;168;173;202;206;259;264;418;423;476;481;500;505;539;543;731;736;784;789;827;832;924;928;1130;1135;1188;1193;1227;1232;1289;1294;1568;1573;1708;1713;1857;1862;2131;2136;2459;2459;2439;2435;2204;2199;2160;2156;2136;2131;2088;2083;1876;1872;1848;1843;1828;1823;1790;1785;1583;1578;1482;1477;1429;1424;1309;1304
1698111563168724.gadget2d_resized_512x512.png;class_0;1.0;polygon;y values;70;73;1306;1309;1309;1312;1312;1315;1315;1318;1318;1321;1321;1324;1324;1327;1327;1330;1330;1333;1333;1335;1335;1338;1338;1341;1341;1344;1344;1347;1347;1350;1350;1353;1353;1356;1356;1359;1359;1362;1362;1365;1365;1368;1368;108;108;105;105;102;102;99;99;96;96;93;93;90;90;87;87;84;84;82;82;79;79;76;76;73;73;70
1698290318967941.gadget2d_resized_512x512.png;class_0;1.0;polygon;x values;24;19;19;24;24;62;67;125;129;264;269;308;312;327;332;370;375;505;510;534;539;553;558;591;596;721;726;818;822;885;890;967;972;1130;1135;1174;1179;1198;1203;1251;1256;1612;1617;1722;1727;1857;1862;2093;2098;2459;2459;2449;2444;2218;2213;2180;2175;2160;2156;2117;2112;1876;1872;1843;1838;1823;1819;1785;1780;1612;1607;1496;1491;1448;1443;1361;1357
1698290318967941.gadget2d_resized_512x512.png;class_0;1.0;polygon;y values;93;96;1333;1335;1338;1338;1341;1341;1344;1344;1347;1347;1350;1350;1353;1353;1356;1356;1359;1359;1362;1362;1365;1365;1368;1368;1371;1371;1374;1374;1376;1376;1379;1379;1382;1382;1385;1385;1388;1388;1391;1391;1394;1394;1397;1397;1400;1400;1403;1403;131;131;128;128;125;125;123;123;120;120;117;117;114;114;111;111;108;108;105;105;102;102;99;99;96;96;93
1698208046227578.gadget2d_resized_512x512.png;class_0;1.0;polygon;x values;24;19;19;24;24;57;62;226;231;288;293;327;332;389;394;505;510;543;548;558;563;611;616;760;765;856;861;933;938;1034;1039;1140;1145;1212;1217;1260;1265;1313;1318;1578;1583;1679;1684;1809;1814;1876;1881;2242;2247;2334;2338;2406;2411;2430;2435;2459;2459;2334;2329;2295;2290;2281;2276;2247;2242;2011;2006;1968;1963;1944;1939;1900;1896;1684;1679;1636;1631;1617;1612;1583;1578;1280;1275;1092;1087;1029;1025;938;933
1698208046227578.gadget2d_resized_512x512.png;class_0;1.0;polygon;y values;93;96;1321;1324;1330;1330;1333;1333;1335;1335;1338;1338;1341;1341;1344;1344;1347;1347;1350;1350;1353;1353;1356;1356;1359;1359;1362;1362;1365;1365;1368;1368;1371;1371;1374;1374;1376;1376;1379;1379;1382;1382;1385;1385;1382;1382;1385;1385;1388;1388;1391;1391;1388;1388;1391;1391;140;140;137;137;134;134;131;131;128;128;125;125;123;123;120;120;117;117;114;114;111;111;108;108;105;105;102;102;99;99;96;96;93
1700336644862364.gadget2d_resized_512x512.png;class_0;1.0;polygon;x values;1828;1823;1756;1751;1689;1684;1597;1592;1193;1188;1121;1116;1063;1058;996;991;736;731;683;678;664;659;611;606;380;375;332;327;308;303;269;264;33;28;0;0;423;428;707;712;765;770;919;924;1337;1342;1424;1429;1472;1477;1573;1578;1746;1751;1804;1809;1838;1843;1910;1915;2098;2103;2156;2160;2175;2180;2223;2228;2401;2406;2459;2459
1700336644862364.gadget2d_resized_512x512.png;class_0;1.0;polygon;y values;175;178;178;181;181;184;184;187;187;190;190;193;193;196;196;199;199;202;202;205;205;208;208;210;210;213;213;216;216;219;219;222;222;225;225;1297;1297;1294;1294;1291;1291;1289;1289;1286;1286;1283;1283;1280;1280;1277;1277;1274;1274;1271;1271;1268;1268;1265;1265;1262;1262;1259;1259;1256;1256;1253;1253;1250;1250;1248;1248;175
1698257844299111.gadget2d_resized_512x512.png;class_0;1.0;polygon;x values;24;19;19;28;67;72;120;125;250;255;322;327;351;356;399;404;553;558;601;606;630;635;673;678;794;798;851;856;899;904;986;991;1169;1174;1260;1265;1313;1318;1405;1410;1660;1665;2011;2016;2257;2261;2367;2372;2459;2459;2310;2305;2276;2271;2257;2252;2228;2223;2002;1997;1949;1944;1925;1920;1881;1876;1694;1689;1660;1655;1636;1631;1602;1597;1207;1203;1034;1029;986;981;875;871
1698257844299111.gadget2d_resized_512x512.png;class_0;1.0;polygon;y values;70;73;1309;1315;1315;1318;1318;1321;1321;1324;1324;1327;1327;1330;1330;1333;1333;1335;1335;1338;1338;1341;1341;1344;1344;1347;1347;1350;1350;1353;1353;1356;1356;1359;1359;1362;1362;1365;1365;1368;1368;1371;1371;1374;1374;1376;1376;1379;1379;117;117;114;114;111;111;108;108;105;105;102;102;99;99;96;96;93;93;90;90;87;87;84;84;82;82;79;79;76;76;73;73;70
1699996008401957.gadget2d_resized_512x512.png;class_0;1.0;polygon;x values;880;875;774;770;745;741;736;731;731;726;721;702;688;683;519;514;486;481;466;462;418;413;168;163;67;62;28;24;24;19;19;24;24;28;57;62;437;442;697;702;794;798;996;1001;1434;1438;1491;1496;1530;1535;1597;1602;1780;1785;1891;1896;1929;1934;1963;1968;2083;2088;2165;2170;2194;2199;2252;2257;2415;2420;2459;2459;1958;1953;1886;1881;1756;1751;1665;1660;1607;1602;1463;1458;1073;1068;1058;1034;1029;1025
1699996008401957.gadget2d_resized_512x512.png;class_0;1.0;polygon;y values;284;287;287;290;290;292;292;295;298;301;301;313;313;316;316;319;319;322;322;325;325;328;328;331;331;333;333;336;339;342;1403;1406;1409;1412;1412;1409;1409;1412;1412;1409;1409;1406;1406;1403;1403;1400;1400;1397;1397;1394;1394;1391;1391;1388;1388;1385;1385;1382;1382;1379;1379;1376;1376;1374;1374;1371;1371;1368;1368;1365;1365;292;292;295;295;292;292;295;295;298;298;301;301;304;304;301;301;287;287;284
1698690220531012.gadget2d_resized_512x512.png;class_0;1.0;polygon;x values;24;19;19;24;24;67;72;231;235;283;288;312;317;356;360;505;510;563;567;601;606;664;668;789;794;871;875;928;933;1015;1020;1169;1174;1246;1251;1299;1304;1400;1405;1698;1703;2088;2093;2242;2247;2459;2459;2406;2401;2367;2362;2348;2343;2314;2310;2074;2069;2035;2030;2016;2011;1963;1958;1713;1708;1679;1674;1669;1665;1636;1631;1294;1289;1188;1183;1087;1082;991;986
1698690220531012.gadget2d_resized_512x512.png;class_0;1.0;polygon;y values;70;73;1312;1315;1318;1318;1321;1321;1324;1324;1327;1327;1330;1330;1333;1333;1335;1335;1338;1338;1341;1341;1344;1344;1347;1347;1350;1350;1353;1353;1356;1356;1359;1359;1362;1362;1365;1365;1368;1368;1371;1371;1374;1374;1376;1376;117;117;114;114;111;111;108;108;105;105;102;102;99;99;96;96;93;93;90;90;87;87;84;84;82;82;79;79;76;76;73;73;70
1699918326389814.gadget2d_resized_512x512.png;class_0;1.0;polygon;x values;43;38;24;24;19;19;24;120;125;168;173;202;206;250;255;399;404;462;466;486;490;524;529;693;697;745;750;765;770;798;803;1015;1020;1111;1116;1145;1150;1198;1203;1386;1390;1463;1467;1520;1525;1641;1645;2449;2454;2459;2459;2454;2449;2228;2223;2175;2170;2151;2146;2093;2088;1857;1852;1819;1814;1790;1785;1746;1742;1684;1679;1597;1592;1540;1535;1448;1443;856;851;803;798;784;779;745;741;572;567;505;500
1699918326389814.gadget2d_resized_512x512.png;class_0;1.0;polygon;y values;58;61;61;64;67;1306;1309;1309;1312;1312;1315;1315;1318;1318;1321;1321;1324;1324;1327;1327;1330;1330;1333;1333;1335;1335;1338;1338;1341;1341;1344;1344;1347;1347;1350;1350;1353;1353;1356;1356;1359;1359;1362;1362;1365;1365;1368;1368;1371;1371;108;108;105;105;102;102;99;99;96;96;93;93;90;90;87;87;84;84;82;82;79;79;76;76;73;73;70;70;67;67;64;64;61;61;58;58;61;61;58
1698268512497928.gadget2d_resized_512x512.png;class_0;1.0;polygon;x values;24;19;19;24;96;101;154;158;178;182;231;235;351;356;394;399;418;423;466;471;601;606;664;668;688;693;726;731;938;943;1010;1015;1044;1049;1097;1102;1260;1265;1342;1347;1390;1395;1467;1472;2160;2165;2459;2459;2420;2415;2406;2401;2377;2372;2146;2141;2103;2098;2074;2069;2021;2016;1799;1795;1761;1756;1746;1742;1713;1708;1515;1511;1366;1361;1304;1299;1217;1212
1698268512497928.gadget2d_resized_512x512.png;class_0;1.0;polygon;y values;93;96;1330;1333;1333;1335;1335;1338;1338;1341;1341;1344;1344;1347;1347;1350;1350;1353;1353;1356;1356;1359;1359;1362;1362;1365;1365;1368;1368;1371;1371;1374;1374;1376;1376;1379;1379;1382;1382;1385;1385;1388;1388;1391;1391;1394;1394;137;137;134;134;131;131;128;128;125;125;123;123;120;120;117;117;114;114;111;111;108;108;105;105;102;102;99;99;96;96;93
1700416855451477.gadget2d_resized_512x512.png;class_0;1.0;polygon;x values;1799;1795;1655;1650;1602;1597;1515;1511;1106;1102;1034;1029;1001;996;943;938;678;673;635;630;606;601;514;510;308;303;269;264;245;240;197;192;14;9;0;0;351;356;471;476;563;567;635;640;736;741;928;933;1284;1289;1371;1376;1429;1434;1520;1525;1665;1669;1742;1746;1780;1785;1867;1872;2030;2035;2083;2088;2117;2122;2175;2180;2343;2348;2396;2401;2415;2420;2459;2459
1700416855451477.gadget2d_resized_512x512.png;class_0;1.0;polygon;y values;175;178;178;181;181;184;184;187;187;190;190;193;193;196;196;199;199;202;202;205;205;208;208;210;210;213;213;216;216;219;219;222;222;225;225;1297;1297;1294;1294;1291;1291;1289;1289;1291;1291;1289;1289;1286;1286;1283;1283;1280;1280;1277;1277;1274;1274;1271;1271;1268;1268;1265;1265;1262;1262;1259;1259;1256;1256;1253;1253;1250;1250;1248;1248;1245;1245;1242;1242;175
1698079519497186.gadget2d_resized_512x512.png;class_0;1.0;polygon;x values;288;283;28;24;24;19;19;28;202;206;250;255;283;288;351;356;490;495;534;539;558;563;616;620;741;745;832;837;899;904;976;981;1169;1174;1246;1251;1304;1309;1443;1448;2160;2165;2459;2459;2290;2285;2247;2242;2228;2223;2184;2180;1953;1949;1915;1910;1900;1896;1857;1852;1655;1650;1554;1549;1477;1472;1366;1361;919;914;813;808;760;755;428;423
1698079519497186.gadget2d_resized_512x512.png;class_0;1.0;polygon;y values;82;84;84;87;90;93;1338;1344;1344;1347;1347;1350;1350;1353;1353;1356;1356;1359;1359;1362;1362;1365;1365;1368;1368;1371;1371;1374;1374;1376;1376;1379;1379;1382;1382;1385;1385;1388;1388;1391;1391;1394;1394;128;128;125;125;123;123;120;120;117;117;114;114;111;111;108;108;105;105;102;102;99;99;96;96;93;93;90;90;87;87;84;84;82
1699807006052631.gadget2d_resized_512x512.png;class_0;1.0;polygon;x values;24;19;19;24;24;28;57;62;101;105;255;259;308;312;327;332;370;375;505;510;534;539;548;553;577;582;779;784;847;851;890;895;962;967;1140;1145;1193;1198;1227;1232;1280;1284;1626;1631;1775;1780;1838;1843;2165;2170;2459;2459;2257;2252;2223;2218;2208;2204;2170;2165;1944;1939;1905;1900;1886;1881;1838;1833;1679;1674;1607;1602;1559;1554;1458;1453
1699807006052631.gadget2d_resized_512x512.png;class_0;1.0;polygon;y values;93;96;1318;1321;1324;1327;1327;1330;1330;1333;1333;1335;1335;1338;1338;1341;1341;1344;1344;1347;1347;1350;1350;1353;1353;1356;1356;1359;1359;1362;1362;1365;1365;1368;1368;1371;1371;1374;1374;1376;1376;1379;1379;1382;1382;1385;1385;1388;1388;1391;1391;128;128;125;125;123;123;120;120;117;117;114;114;111;111;108;108;105;105;102;102;99;99;96;96;93
1698237984873570.gadget2d_resized_512x512.png;class_0;1.0;polygon;x values;24;19;19;28;216;221;279;283;308;312;356;360;476;481;519;524;543;548;582;587;736;741;798;803;851;856;928;933;1111;1116;1169;1174;1207;1212;1260;1265;1525;1530;1660;1665;1737;1742;1958;1963;2459;2459;2358;2353;2314;2310;2295;2290;2257;2252;2040;2035;2002;1997;1977;1973;1934;1929;1713;1708;1665;1660;1636;1631;1588;1583;1256;1251;1179;1174;1145;1140;1078;1073
1698237984873570.gadget2d_resized_512x512.png;class_0;1.0;polygon;y values;82;84;1327;1333;1333;1335;1335;1338;1338;1341;1341;1344;1344;1347;1347;1350;1350;1353;1353;1356;1356;1359;1359;1362;1362;1365;1365;1368;1368;1371;1371;1374;1374;1376;1376;1379;1379;1382;1382;1385;1385;1388;1388;1391;1391;128;128;125;125;123;123;120;120;117;117;114;114;111;111;108;108;105;105;102;102;99;99;96;96;93;93;90;90;87;87;84;84;82
1700073649663739.gadget2d_resized_512x512.png;class_0;1.0;polygon;x values;24;19;19;24;24;28;105;110;163;168;308;312;365;370;394;399;437;442;625;630;683;688;707;712;745;750;842;847;943;948;981;986;1053;1058;1179;1183;1270;1275;1313;1318;1376;1381;1708;1713;1876;1881;1920;1925;2228;2233;2372;2377;2401;2406;2439;2444;2459;2459;2372;2367;2334;2329;2319;2314;2285;2281;2098;2093;2050;2045;2026;2021;1963;1958;1703;1698;1665;1660;1641;1636;1617;1612;1477;1472;1251;1246;1207;1203;1097;1092
1700073649663739.gadget2d_resized_512x512.png;class_0;1.0;polygon;y values;93;96;1330;1333;1335;1338;1338;1341;1341;1344;1344;1347;1347;1350;1350;1353;1353;1356;1356;1359;1359;1362;1362;1365;1365;1368;1368;1371;1371;1374;1374;1376;1376;1379;1379;1382;1382;1385;1385;1388;1388;1391;1391;1394;1394;1391;1391;1394;1394;1397;1397;1400;1400;1397;1397;1400;1400;140;140;137;137;134;134;131;131;128;128;125;125;123;123;120;120;117;117;114;114;111;111;108;108;105;105;102;102;99;99;96;96;93
1697991132611994.gadget2d_resized_512x512.png;class_0;1.0;polygon;x values;1284;1280;1256;1251;1251;1236;1222;1217;1015;1010;962;957;895;890;798;794;24;19;19;24;96;101;158;163;182;187;245;250;360;365;404;409;433;437;495;500;649;654;717;721;750;755;798;803;972;976;1034;1039;1058;1063;1111;1116;1289;1294;1410;1414;1496;1501;1588;1592;2281;2285;2387;2391;2411;2415;2435;2439;2459;2459
1697991132611994.gadget2d_resized_512x512.png;class_0;1.0;polygon;y values;70;73;73;76;82;90;90;93;93;90;90;87;87;84;84;82;82;84;1330;1333;1333;1335;1335;1338;1338;1341;1341;1344;1344;1347;1347;1350;1350;1353;1353;1356;1356;1359;1359;1362;1362;1365;1365;1368;1368;1371;1371;1374;1374;1376;1376;1379;1379;1382;1382;1385;1385;1388;1388;1391;1391;1394;1394;1397;1397;1394;1394;1397;1397;70
1698706880897538.gadget2d_resized_512x512.png;class_0;1.0;polygon;x values;43;38;24;24;19;19;24;24;158;163;226;231;250;255;298;303;437;442;519;524;582;587;635;640;750;755;789;794;827;832;952;957;1135;1140;1203;1207;1246;1251;1299;1304;1443;1448;1631;1636;1737;1742;2459;2459;2228;2223;2184;2180;2170;2165;2131;2127;1872;1867;1828;1823;1809;1804;1751;1746;1535;1530;1443;1438;1405;1400;1280;1275;861;856;789;784;750;745;389;385;255;250;77;72
1698706880897538.gadget2d_resized_512x512.png;class_0;1.0;polygon;y values;70;73;73;76;79;1315;1318;1321;1321;1324;1324;1327;1327;1330;1330;1333;1333;1335;1335;1338;1338;1341;1341;1344;1344;1347;1347;1350;1350;1353;1353;1356;1356;1359;1359;1362;1362;1365;1365;1368;1368;1371;1371;1374;1374;1376;1376;117;117;114;114;111;111;108;108;105;105;102;102;99;99;96;96;93;93;90;90;87;87;84;84;82;82;79;79;76;76;73;73;76;76;73;73;70
1700072189631762.gadget2d_resized_512x512.png;class_0;1.0;polygon;x values;24;19;19;24;24;72;77;125;129;250;255;303;308;327;332;385;389;616;620;668;673;697;702;741;745;827;832;943;948;981;986;1049;1053;1169;1174;1241;1246;1275;1280;1328;1333;1612;1617;2233;2237;2319;2324;2459;2459;2300;2295;2261;2257;2247;2242;2213;2208;1977;1973;1934;1929;1910;1905;1867;1862;1645;1641;1568;1564;1535;1530;1477;1472;1140;1135;1025;1020;952;948;741;736
1700072189631762.gadget2d_resized_512x512.png;class_0;1.0;polygon;y values;93;96;1333;1335;1338;1338;1341;1341;1344;1344;1347;1347;1350;1350;1353;1353;1356;1356;1359;1359;1362;1362;1365;1365;1368;1368;1371;1371;1374;1374;1376;1376;1379;1379;1382;1382;1385;1385;1388;1388;1391;1391;1394;1394;1397;1397;1400;1400;140;140;137;137;134;134;131;131;128;128;125;125;123;123;120;120;117;117;114;114;111;111;108;108;105;105;102;102;99;99;96;96;93
1699031373456611.gadget2d_resized_512x512.png;class_0;1.0;polygon;x values;24;19;19;24;105;110;163;168;187;192;231;235;394;399;452;457;481;486;524;529;668;673;717;721;745;750;798;803;1082;1087;1140;1145;1174;1179;1256;1260;1535;1540;1641;1645;1708;1713;1949;1953;2459;2459;2358;2353;2329;2324;2281;2276;2050;2045;2016;2011;1987;1982;1939;1934;1713;1708;1669;1665;1631;1626;1564;1559;1222;1217;1092;1087;1044;1039;938;933
1699031373456611.gadget2d_resized_512x512.png;class_0;1.0;polygon;y values;82;84;1318;1321;1321;1324;1324;1327;1327;1330;1330;1333;1333;1335;1335;1338;1338;1341;1341;1344;1344;1347;1347;1350;1350;1353;1353;1356;1356;1359;1359;1362;1362;1365;1365;1368;1368;1371;1371;1374;1374;1376;1376;1379;1379;125;125;123;123;120;120;117;117;114;114;111;111;108;108;105;105;102;102;99;99;96;96;93;93;90;90;87;87;84;84;82
1699969092092349.gadget2d_resized_512x512.png;class_0;1.0;polygon;x values;890;885;784;779;745;741;736;717;712;702;697;693;678;673;433;428;399;394;380;375;346;341;43;38;24;24;19;19;24;24;28;52;57;168;173;231;235;308;312;519;524;596;601;707;712;736;741;919;924;1044;1049;1116;1121;1414;1419;1491;1496;1549;1554;1617;1621;1737;1742;1819;1823;1881;1886;1934;1939;2040;2045;2112;2117;2175;2180;2271;2276;2459;2459;2290;2285;1564;1559;1419;1414;1381;1376;1256;1251;1102;1097;1073;1068;1063;1058;1053;1049;1044;1039;1034;1029;1020;1015
1699969092092349.gadget2d_resized_512x512.png;class_0;1.0;polygon;y values;284;287;287;290;290;292;292;304;304;310;310;313;313;316;316;319;319;322;322;325;325;328;328;331;331;333;336;1403;1406;1409;1412;1412;1409;1409;1412;1412;1409;1409;1406;1406;1409;1409;1412;1412;1409;1409;1406;1406;1403;1403;1406;1406;1403;1403;1400;1400;1397;1397;1394;1394;1391;1391;1388;1388;1385;1385;1382;1382;1379;1379;1376;1376;1374;1374;1371;1371;1368;1368;290;290;292;292;295;295;298;298;301;301;304;304;301;301;298;298;295;295;292;292;290;290;287;287;284
1700288312725791.gadget2d_resized_512x512.png;class_0;1.0;polygon;x values;1592;1588;1467;1463;1395;1390;1323;1318;991;986;919;914;880;875;822;818;519;514;486;481;471;466;433;428;250;245;202;197;173;168;129;125;0;0;14;19;760;765;904;909;976;981;1212;1217;1429;1434;1511;1515;1549;1554;1617;1621;1814;1819;1872;1876;1910;1915;1977;1982;2117;2122;2175;2180;2204;2208;2257;2261;2459;2459
1700288312725791.gadget2d_resized_512x512.png;class_0;1.0;polygon;y values;175;178;178;181;181;184;184;187;187;190;190;193;193;196;196;199;199;202;202;205;205;208;208;210;210;213;213;216;216;219;219;222;222;1300;1300;1297;1297;1294;1294;1291;1291;1289;1289;1286;1286;1283;1283;1280;1280;1277;1277;1274;1274;1271;1271;1268;1268;1265;1265;1262;1262;1259;1259;1256;1256;1253;1253;1250;1250;175
1700106621341196.gadget2d_resized_512x512.png;class_0;1.0;polygon;x values;28;19;19;28;197;202;264;269;298;303;360;365;490;495;591;596;620;625;659;664;750;755;798;803;837;842;904;909;1087;1092;1155;1159;1183;1188;1232;1236;1386;1390;1636;1641;1771;1775;1910;1915;2059;2064;2290;2295;2459;2459;2454;2449;2372;2367;2170;2165;2136;2131;2122;2117;2093;2088;1819;1814;1766;1761;1742;1737;1684;1679;1501;1496;1318;1313;1280;1275;1217;1212;760;755;688;683;625;620;572;567;462;457;149;144
1700106621341196.gadget2d_resized_512x512.png;class_0;1.0;polygon;y values;93;99;1338;1344;1344;1347;1347;1350;1350;1353;1353;1356;1356;1359;1359;1362;1362;1365;1365;1368;1368;1371;1371;1374;1374;1376;1376;1379;1379;1382;1382;1385;1385;1388;1388;1391;1391;1394;1394;1397;1397;1394;1394;1397;1397;1400;1400;1403;1403;146;146;143;143;140;140;137;137;134;134;131;131;128;128;125;125;123;123;120;120;117;117;114;114;111;111;108;108;105;105;102;102;99;99;96;96;99;99;96;96;93
1699995228992675.gadget2d_resized_512x512.png;class_0;1.0;polygon;x values;24;19;19;28;125;129;168;173;226;231;370;375;428;433;452;457;505;510;688;693;741;745;760;765;789;794;948;952;1029;1034;1063;1068;1121;1126;1251;1256;1352;1357;1419;1424;1515;1520;2136;2141;2319;2324;2459;2459;2358;2353;2319;2314;2295;2290;2271;2266;2093;2088;2040;2035;2016;2011;1963;1958;1727;1722;1684;1679;1665;1660;1631;1626;1496;1491;1241;1236;1198;1193;1068;1063
1699995228992675.gadget2d_resized_512x512.png;class_0;1.0;polygon;y values;93;96;1330;1335;1335;1338;1338;1341;1341;1344;1344;1347;1347;1350;1350;1353;1353;1356;1356;1359;1359;1362;1362;1365;1365;1368;1368;1371;1371;1374;1374;1376;1376;1379;1379;1382;1382;1385;1385;1388;1388;1391;1391;1394;1394;1397;1397;140;140;137;137;134;134;131;131;128;128;125;125;123;123;120;120;117;117;114;114;111;111;108;108;105;105;102;102;99;99;96;96;93
1699045674783402.gadget2d_resized_512x512.png;class_0;1.0;polygon;x values;24;19;19;24;72;77;134;139;163;168;216;221;370;375;423;428;447;452;495;500;644;649;702;707;726;731;770;774;1044;1049;1116;1121;1145;1150;1203;1207;1458;1463;1573;1578;1621;1626;1727;1732;2459;2459;2435;2430;2165;2160;2131;2127;2112;2107;2079;2074;1799;1795;1751;1746;1722;1718;1679;1674;1410;1405;1323;1318;1284;1280;1145;1140
1699045674783402.gadget2d_resized_512x512.png;class_0;1.0;polygon;y values;82;84;1318;1321;1321;1324;1324;1327;1327;1330;1330;1333;1333;1335;1335;1338;1338;1341;1341;1344;1344;1347;1347;1350;1350;1353;1353;1356;1356;1359;1359;1362;1362;1365;1365;1368;1368;1371;1371;1374;1374;1376;1376;1379;1379;120;120;117;117;114;114;111;111;108;108;105;105;102;102;99;99;96;96;93;93;90;90;87;87;84;84;82
1698707776932614.gadget2d_resized_512x512.png;class_0;1.0;polygon;x values;24;19;19;24;24;28;43;48;96;101;110;115;149;154;360;365;437;442;471;476;519;524;741;745;818;822;885;890;976;981;1130;1135;1183;1188;1241;1246;1304;1309;1612;1617;1718;1722;2459;2459;2353;2348;2324;2319;2271;2266;2040;2035;1958;1953;1929;1925;1876;1872;1703;1698;1583;1578;1482;1477;1299;1294
1698707776932614.gadget2d_resized_512x512.png;class_0;1.0;polygon;y values;93;96;1341;1344;1347;1350;1350;1353;1353;1350;1350;1347;1347;1344;1344;1347;1347;1350;1350;1353;1353;1356;1356;1359;1359;1362;1362;1365;1365;1368;1368;1371;1371;1374;1374;1376;1376;1379;1379;1382;1382;1379;1379;125;125;123;123;120;120;117;117;114;114;111;111;108;108;105;105;102;102;99;99;96;96;93
1698306369315717.gadget2d_resized_512x512.png;class_0;1.0;polygon;x values;24;19;19;24;24;28;105;110;259;264;308;312;336;341;399;404;563;567;649;654;673;678;717;721;832;837;914;919;967;972;1025;1029;1188;1193;1280;1284;1328;1333;1405;1410;1843;1848;2050;2054;2175;2180;2459;2459;2377;2372;2136;2131;2103;2098;2088;2083;2054;2050;1799;1795;1756;1751;1732;1727;1679;1674;1443;1438;1376;1371;1333;1328;1232;1227
1698306369315717.gadget2d_resized_512x512.png;class_0;1.0;polygon;y values;82;84;1309;1312;1315;1318;1318;1321;1321;1324;1324;1327;1327;1330;1330;1333;1333;1335;1335;1338;1338;1341;1341;1344;1344;1347;1347;1350;1350;1353;1353;1356;1356;1359;1359;1362;1362;1365;1365;1368;1368;1371;1371;1374;1374;1376;1376;120;120;117;117;114;114;111;111;108;108;105;105;102;102;99;99;96;96;93;93;90;90;87;87;84;84;82
1698676534244676.gadget2d_resized_512x512.png;class_0;1.0;polygon;x values;24;19;19;28;67;72;125;129;269;274;322;327;356;360;418;423;563;567;640;644;668;673;712;717;895;899;972;976;1015;1020;1097;1102;1236;1241;1361;1366;1429;1434;1525;1530;2016;2021;2093;2098;2136;2141;2156;2160;2204;2208;2362;2367;2459;2459;2334;2329;2300;2295;2285;2281;2252;2247;2030;2026;1987;1982;1953;1949;1905;1900;1679;1674;1641;1636;1626;1621;1592;1588;1179;1174;1029;1025;1001;996;928;924
1698676534244676.gadget2d_resized_512x512.png;class_0;1.0;polygon;y values;70;73;1309;1315;1315;1318;1318;1321;1321;1324;1324;1327;1327;1330;1330;1333;1333;1335;1335;1338;1338;1341;1341;1344;1344;1347;1347;1350;1350;1353;1353;1356;1356;1359;1359;1362;1362;1365;1365;1368;1368;1371;1371;1374;1374;1376;1376;1374;1374;1371;1371;1374;1374;117;117;114;114;111;111;108;108;105;105;102;102;99;99;96;96;93;93;90;90;87;87;84;84;82;82;79;79;76;76;73;73;70
1697961304973318.gadget2d_resized_512x512.png;class_0;1.0;polygon;x values;1568;1564;1477;1472;1448;1443;1429;1424;1400;1395;1366;1361;1328;1323;1135;1130;1034;1029;967;962;24;19;19;24;24;28;33;178;182;245;250;288;293;356;360;505;510;558;563;582;587;611;616;789;794;952;957;1025;1029;1121;1126;1198;1203;1299;1304;1554;1559;1621;1626;2459;2459;2358;2353;2319;2314;2281;2276;2151;2146;2098;2093;2069;2064;2026;2021;1785;1780;1746;1742;1727;1722;1718;1703;1703;1713;1713;1708;1621;1617
1697961304973318.gadget2d_resized_512x512.png;class_0;1.0;polygon;y values;35;38;38;41;41;43;43;46;46;49;49;52;52;55;55;52;52;49;49;46;46;49;1300;1303;1306;1306;1309;1309;1312;1312;1315;1315;1318;1318;1321;1321;1324;1324;1327;1327;1330;1330;1333;1333;1335;1335;1338;1338;1341;1341;1344;1344;1347;1347;1350;1350;1353;1353;1356;1356;90;90;87;87;84;84;82;82;79;79;76;76;73;73;70;70;67;67;64;64;61;61;52;49;43;41;38;38;35
1698220099487087.gadget2d_resized_512x512.png;class_0;1.0;polygon;x values;24;19;19;28;192;197;250;255;283;288;341;346;476;481;519;524;548;553;591;596;731;736;798;803;851;856;938;943;1097;1102;1155;1159;1188;1193;1246;1251;1511;1515;1660;1665;1775;1780;2156;2160;2459;2459;2223;2218;2175;2170;2151;2146;2107;2103;1886;1881;1857;1852;1838;1833;1809;1804;1602;1597;1511;1506;1467;1463;1371;1366;938;933;866;861;827;822;760;755
1698220099487087.gadget2d_resized_512x512.png;class_0;1.0;polygon;y values;82;84;1327;1333;1333;1335;1335;1338;1338;1341;1341;1344;1344;1347;1347;1350;1350;1353;1353;1356;1356;1359;1359;1362;1362;1365;1365;1368;1368;1371;1371;1374;1374;1376;1376;1379;1379;1382;1382;1385;1385;1388;1388;1391;1391;128;128;125;125;123;123;120;120;117;117;114;114;111;111;108;108;105;105;102;102;99;99;96;96;93;93;90;90;87;87;84;84;82
1700380481222880.gadget2d_resized_512x512.png;class_0;1.0;polygon;x values;1289;1284;1183;1179;1058;1053;981;976;683;678;640;635;620;616;572;567;327;322;269;264;240;235;187;182;0;0;9;14;129;134;341;346;442;447;856;861;1159;1164;1236;1241;1381;1386;1602;1607;1684;1689;1737;1742;1823;1828;1992;1997;2050;2054;2079;2083;2141;2146;2348;2353;2439;2444;2459;2459
1700380481222880.gadget2d_resized_512x512.png;class_0;1.0;polygon;y values;164;166;166;169;169;172;172;175;175;178;178;181;181;184;184;187;187;190;190;193;193;196;196;199;199;1280;1280;1277;1277;1274;1274;1277;1277;1274;1274;1271;1271;1268;1268;1265;1265;1262;1262;1259;1259;1256;1256;1253;1253;1250;1250;1248;1248;1245;1245;1242;1242;1239;1239;1236;1236;1233;1233;164
1699983746264820.gadget2d_resized_512x512.png;class_0;1.0;polygon;x values;899;895;832;827;750;745;741;721;717;702;688;683;510;505;481;476;462;457;428;423;144;139;33;28;24;24;19;19;24;385;389;712;717;1318;1323;1405;1410;1463;1467;1554;1559;1718;1722;1795;1799;1838;1843;1963;1968;2098;2103;2151;2156;2175;2180;2213;2218;2377;2382;2459;2459;1963;1958;1780;1775;1727;1722;1607;1602;1082;1078;1063;1044;1039;1034;1029;1025
1699983746264820.gadget2d_resized_512x512.png;class_0;1.0;polygon;y values;284;287;287;290;290;292;292;304;304;313;313;316;316;319;319;322;322;325;325;328;328;331;331;333;333;336;339;1400;1403;1403;1406;1406;1403;1403;1400;1400;1397;1397;1394;1394;1391;1391;1388;1388;1385;1385;1382;1382;1379;1379;1376;1376;1374;1374;1371;1371;1368;1368;1365;1365;292;292;295;295;298;298;301;301;304;304;301;301;290;290;287;287;284
1699982241249266.gadget2d_resized_512x512.png;class_0;1.0;polygon;x values;904;899;851;847;765;760;745;741;736;726;717;712;702;697;683;678;673;668;640;635;409;404;365;360;341;336;298;293;28;19;19;24;24;28;442;447;673;678;803;808;885;890;1246;1251;1467;1472;1530;1535;1564;1568;1641;1645;1862;1867;1934;1939;1953;1958;1997;2002;2175;2180;2218;2223;2252;2257;2300;2305;2459;2459;2439;2435;2372;2367;2305;2300;2199;2194;2141;2136;1977;1973;1448;1443;1352;1347;1313;1309;1222;1217;1102;1097;1073;1068;1063;1053;1044;1039;1029;1025;1015;1010
1699982241249266.gadget2d_resized_512x512.png;class_0;1.0;polygon;y values;284;287;287;290;290;292;292;295;295;301;301;304;304;307;307;310;310;313;313;316;316;319;319;322;322;325;325;328;328;333;1391;1394;1397;1400;1400;1403;1403;1400;1400;1397;1397;1394;1394;1391;1391;1388;1388;1385;1385;1382;1382;1379;1379;1376;1376;1374;1374;1371;1371;1368;1368;1365;1365;1362;1362;1359;1359;1356;1356;287;287;284;284;287;287;290;290;292;292;290;290;292;292;295;295;298;298;301;301;304;304;301;301;298;298;292;292;290;290;287;287;284
1697995584704415.gadget2d_resized_512x512.png;class_0;1.0;polygon;x values;24;19;19;24;24;110;115;154;158;216;221;269;274;394;399;505;510;563;567;683;688;726;731;760;765;784;789;899;904;1058;1063;1159;1164;1222;1227;1256;1260;1313;1318;1463;1467;1487;1491;1568;1573;1636;1641;1679;1684;2362;2367;2406;2411;2459;2459;2396;2391;2310;2305;2290;2285;2261;2257;2069;2064;1915;1910;1876;1872;1833;1828;1694;1689;1612;1607;1583;1578;1559;1554;1520;1515;1472;1467;1438;1434;1366;1361;1342;1337;1309;1304;1097;1092;1082;1078;1073;1068;1020;1015;1001;996;952;948
1697995584704415.gadget2d_resized_512x512.png;class_0;1.0;polygon;y values;70;73;1315;1318;1321;1321;1324;1324;1327;1327;1330;1330;1333;1333;1335;1335;1338;1338;1341;1341;1344;1344;1347;1347;1350;1350;1353;1353;1356;1356;1359;1359;1362;1362;1365;1365;1368;1368;1371;1371;1374;1374;1376;1376;1374;1374;1376;1376;1379;1379;1382;1382;1385;1385;111;111;114;114;111;111;108;108;105;105;102;102;99;99;96;96;93;93;90;90;87;87;84;84;82;82;79;79;76;76;79;79;76;76;73;73;70;70;73;73;76;76;79;79;76;76;73;73;70
1699815104234203.gadget2d_resized_512x512.png;class_0;1.0;polygon;x values;24;19;19;28;101;105;129;134;178;182;336;341;375;380;399;404;442;447;596;601;649;654;673;678;717;721;986;991;1058;1063;1092;1097;1150;1155;1405;1410;1520;1525;1588;1592;1742;1746;1819;1823;1838;1843;2459;2459;2242;2237;2199;2194;2175;2170;2127;2122;1867;1862;1828;1823;1804;1799;1761;1756;1578;1573;1438;1434;1371;1366;1289;1284
1699815104234203.gadget2d_resized_512x512.png;class_0;1.0;polygon;y values;93;96;1330;1335;1335;1338;1338;1341;1341;1344;1344;1347;1347;1350;1350;1353;1353;1356;1356;1359;1359;1362;1362;1365;1365;1368;1368;1371;1371;1374;1374;1376;1376;1379;1379;1382;1382;1385;1385;1388;1388;1391;1391;1388;1388;1391;1391;128;128;125;125;123;123;120;120;117;117;114;114;111;111;108;108;105;105;102;102;99;99;96;96;93
1697977833327730.gadget2d_resized_512x512.png;class_0;1.0;polygon;x values;24;19;19;24;24;115;120;154;158;206;211;360;365;428;433;462;466;510;514;649;654;697;702;717;721;755;760;1044;1049;1121;1126;1150;1155;1207;1212;1578;1583;1621;1626;1645;1650;1703;1708;1737;1742;2021;2026;2069;2074;2088;2093;2242;2247;2348;2353;2387;2391;2459;2459;2449;2444;2204;2199;2160;2156;2136;2131;2093;2088;1828;1823;1790;1785;1766;1761;1732;1727
1697977833327730.gadget2d_resized_512x512.png;class_0;1.0;polygon;y values;58;61;1341;1344;1347;1347;1350;1350;1353;1353;1356;1356;1359;1359;1362;1362;1365;1365;1368;1368;1371;1371;1374;1374;1376;1376;1379;1379;1382;1382;1385;1385;1388;1388;1391;1391;1394;1394;1397;1397;1400;1400;1397;1397;1394;1394;1397;1397;1400;1400;1397;1397;1400;1400;1403;1403;1400;1400;84;84;82;82;79;79;76;76;73;73;70;70;67;67;64;64;61;61;58
1699983931266798.gadget2d_resized_512x512.png;class_0;1.0;polygon;x values;904;899;837;832;765;760;745;741;736;726;717;712;697;693;678;673;668;664;630;625;553;548;543;539;365;360;332;327;312;308;279;274;28;19;19;28;808;813;962;967;1068;1073;1275;1280;1544;1549;1617;1621;1655;1660;1722;1727;1934;1939;1958;1963;1977;1982;2030;2035;2218;2223;2271;2276;2295;2300;2391;2396;2459;2459;2439;2435;2372;2367;2285;2281;1977;1973;1376;1371;1318;1313;1289;1284;1212;1207;1102;1097;1078;1073;1063;1053;1044;1039;1025;1020;1010;1005
1699983931266798.gadget2d_resized_512x512.png;class_0;1.0;polygon;y values;284;287;287;290;290;292;292;295;295;301;301;304;304;307;307;310;310;313;313;316;316;313;313;316;316;319;319;322;322;325;325;328;328;333;1397;1403;1403;1400;1400;1397;1397;1394;1394;1391;1391;1388;1388;1385;1385;1382;1382;1379;1379;1376;1376;1374;1374;1371;1371;1368;1368;1365;1365;1362;1362;1359;1359;1356;1356;287;287;284;284;287;287;290;290;292;292;295;295;298;298;301;301;304;304;301;301;298;298;292;292;290;290;287;287;284
1698004691894655.gadget2d_resized_512x512.png;class_0;1.0;polygon;x values;1333;1328;1198;1193;1169;1164;1097;1092;818;813;741;736;688;683;625;620;476;471;437;433;413;409;375;370;24;19;19;24;24;33;62;67;81;96;101;105;110;129;129;134;134;139;139;154;158;163;168;173;187;192;197;202;216;221;226;235;240;245;255;274;274;279;279;283;279;279;274;274;269;269;264;264;259;259;255;255;259;259;269;274;283;288;293;298;303;308;312;317;336;336;346;346;365;370;375;385;389;409;413;481;486;514;519;524;529;548;553;572;577;587;591;596;601;620;625;673;678;707;712;736;741;818;822;2459;2459;2208;2204;2170;2165;2141;2136;2088;2083;1756;1751;1713;1708;1679;1674;1588;1583
1698004691894655.gadget2d_resized_512x512.png;class_0;1.0;polygon;y values;105;108;108;111;111;114;114;117;117;120;120;123;123;125;125;128;128;131;131;134;134;137;137;140;140;143;1180;1183;1195;1195;1177;1177;1168;1168;1166;1168;1168;1180;1186;1189;1204;1207;1209;1218;1218;1221;1221;1224;1224;1221;1221;1218;1218;1215;1215;1209;1209;1207;1207;1218;1221;1224;1233;1236;1239;1253;1256;1265;1268;1280;1283;1297;1300;1306;1309;1344;1347;1350;1356;1356;1362;1362;1365;1365;1368;1368;1371;1371;1382;1385;1391;1394;1406;1406;1409;1409;1412;1412;1415;1415;1412;1412;1409;1409;1406;1406;1403;1403;1400;1400;1397;1397;1394;1394;1391;1391;1388;1388;1385;1385;1382;1382;1379;1379;128;128;125;125;123;123;120;120;117;117;114;114;111;111;108;108;105
1698010408013541.gadget2d_resized_512x512.png;class_0;1.0;polygon;x values;24;19;19;24;24;33;38;235;240;317;322;346;351;399;404;519;524;563;567;591;596;640;644;798;803;919;924;972;976;1015;1020;1174;1179;1270;1275;1299;1304;1347;1352;1636;1641;1751;1756;1848;1852;1872;1876;1982;1987;2281;2285;2459;2459;2435;2430;2420;2415;2396;2391;2156;2151;2107;2103;2083;2079;2030;2026;1828;1823;1795;1790;1775;1771;1746;1742;1535;1530;1458;1453;1424;1419;1366;1361
1698010408013541.gadget2d_resized_512x512.png;class_0;1.0;polygon;y values;70;73;1324;1327;1330;1330;1333;1333;1335;1335;1338;1338;1341;1341;1344;1344;1347;1347;1350;1350;1353;1353;1356;1356;1359;1359;1362;1362;1365;1365;1368;1368;1371;1371;1374;1374;1376;1376;1379;1379;1382;1382;1385;1385;1382;1382;1385;1385;1388;1388;1391;1391;114;114;111;111;108;108;105;105;102;102;99;99;96;96;93;93;90;90;87;87;84;84;82;82;79;79;76;76;73;73;70
1698127643523923.gadget2d_resized_512x512.png;class_0;1.0;polygon;x values;24;19;19;24;125;129;178;182;206;211;250;255;428;433;476;481;500;505;548;553;702;707;741;745;755;760;803;808;1049;1053;1121;1126;1155;1159;1246;1251;1434;1438;1559;1564;1602;1607;1669;1674;2459;2459;2444;2439;2223;2218;2199;2194;2180;2175;2146;2141;1905;1900;1862;1857;1838;1833;1795;1790;1602;1597;1554;1549;1525;1520;1472;1467
1698127643523923.gadget2d_resized_512x512.png;class_0;1.0;polygon;y values;82;84;1318;1321;1321;1324;1324;1327;1327;1330;1330;1333;1333;1335;1335;1338;1338;1341;1341;1344;1344;1347;1347;1350;1350;1353;1353;1356;1356;1359;1359;1362;1362;1365;1365;1368;1368;1371;1371;1374;1374;1376;1376;1379;1379;120;120;117;117;114;114;111;111;108;108;105;105;102;102;99;99;96;96;93;93;90;90;87;87;84;84;82
1697977795327556.gadget2d_resized_512x512.png;class_0;1.0;polygon;x values;28;19;19;24;24;28;33;235;240;293;298;322;327;365;370;563;567;616;620;635;640;693;697;899;904;1001;1005;1039;1044;1097;1102;1289;1294;1352;1357;1371;1376;1410;1414;2343;2348;2382;2387;2406;2411;2459;2459;2223;2218;2199;2194;2184;2180;2160;2156;1843;1838;1809;1804;1785;1780;1713;1708;1289;1284;1198;1193;1150;1145;972;967
1697977795327556.gadget2d_resized_512x512.png;class_0;1.0;polygon;y values;35;41;1324;1327;1330;1330;1333;1333;1335;1335;1338;1338;1341;1341;1344;1344;1347;1347;1350;1350;1353;1353;1356;1356;1359;1359;1362;1362;1365;1365;1368;1368;1371;1371;1374;1374;1376;1376;1379;1379;1382;1382;1385;1385;1388;1388;70;70;67;67;64;64;61;61;58;58;55;55;52;52;49;49;46;46;43;43;41;41;38;38;35
1700394836392662.gadget2d_resized_512x512.png;class_0;1.0;polygon;x values;1761;1756;1631;1626;1559;1554;1438;1434;1092;1087;1020;1015;991;986;948;943;644;640;524;519;490;486;442;437;293;288;264;259;250;245;221;216;0;0;173;178;481;486;678;683;760;765;1256;1260;1390;1395;1453;1458;1554;1559;1756;1761;1804;1809;1838;1843;1925;1929;2064;2069;2117;2122;2146;2151;2204;2208;2411;2415;2459;2459
1700394836392662.gadget2d_resized_512x512.png;class_0;1.0;polygon;y values;164;166;166;169;169;172;172;175;175;178;178;181;181;184;184;187;187;190;190;193;193;196;196;199;199;202;202;205;205;208;208;210;210;1286;1286;1283;1283;1280;1280;1277;1277;1274;1274;1271;1271;1268;1268;1265;1265;1262;1262;1259;1259;1256;1256;1253;1253;1250;1250;1248;1248;1245;1245;1242;1242;1239;1239;1236;1236;164
1698232789760619.gadget2d_resized_512x512.png;class_0;1.0;polygon;x values;24;19;19;24;24;86;91;134;139;202;206;312;317;365;370;399;404;471;476;644;649;736;741;760;765;798;803;952;957;1025;1029;1063;1068;1135;1140;1275;1280;1405;1410;1443;1448;1511;1515;2266;2271;2459;2459;2449;2444;2223;2218;2194;2189;2180;2175;2146;2141;1891;1886;1848;1843;1823;1819;1766;1761;1583;1578;1540;1535;1520;1515;1482;1477;1015;1010;924;919;851;847;688;683
1698232789760619.gadget2d_resized_512x512.png;class_0;1.0;polygon;y values;93;96;1330;1333;1335;1335;1338;1338;1341;1341;1344;1344;1347;1347;1350;1350;1353;1353;1356;1356;1359;1359;1362;1362;1365;1365;1368;1368;1371;1371;1374;1374;1376;1376;1379;1379;1382;1382;1385;1385;1388;1388;1391;1391;1394;1394;143;143;140;140;137;137;134;134;131;131;128;128;125;125;123;123;120;120;117;117;114;114;111;111;108;108;105;105;102;102;99;99;96;96;93
1700071410618472.gadget2d_resized_512x512.png;class_0;1.0;polygon;x values;24;19;19;24;24;91;96;134;139;206;211;327;332;389;394;413;418;462;466;649;654;707;712;731;736;765;770;861;866;967;972;1001;1005;1068;1073;1203;1207;1284;1289;1333;1337;1414;1419;1617;1621;2257;2261;2343;2348;2459;2459;2266;2261;2228;2223;2213;2208;2180;2175;1977;1973;1929;1925;1905;1900;1867;1862;1626;1621;1559;1554;1535;1530;1501;1496;1241;1236;1092;1087;1020;1015;818;813
1700071410618472.gadget2d_resized_512x512.png;class_0;1.0;polygon;y values;93;96;1330;1333;1335;1335;1338;1338;1341;1341;1344;1344;1347;1347;1350;1350;1353;1353;1356;1356;1359;1359;1362;1362;1365;1365;1368;1368;1371;1371;1374;1374;1376;1376;1379;1379;1382;1382;1385;1385;1388;1388;1391;1391;1394;1394;1397;1397;1400;1400;140;140;137;137;134;134;131;131;128;128;125;125;123;123;120;120;117;117;114;114;111;111;108;108;105;105;102;102;99;99;96;96;93
1700064982480960.gadget2d_resized_512x512.png;class_0;1.0;polygon;x values;28;19;19;24;24;96;101;235;240;308;312;341;346;394;399;591;596;678;683;702;707;741;745;818;822;909;914;952;957;1015;1020;1174;1179;1256;1260;1299;1304;1390;1395;2194;2199;2459;2459;2290;2285;2252;2247;2233;2228;2204;2199;1968;1963;1910;1905;1881;1876;1833;1828;1602;1597;1520;1515;1482;1477;1438;1434;914;909;784;779;745;741;490;486;375;370;134;129
1700064982480960.gadget2d_resized_512x512.png;class_0;1.0;polygon;y values;93;99;1333;1335;1341;1341;1344;1344;1347;1347;1350;1350;1353;1353;1356;1356;1359;1359;1362;1362;1365;1365;1368;1368;1371;1371;1374;1374;1376;1376;1379;1379;1382;1382;1385;1385;1388;1388;1391;1391;1394;1394;140;140;137;137;134;134;131;131;128;128;125;125;123;123;120;120;117;117;114;114;111;111;108;108;105;105;102;102;99;99;96;96;93;93;96;96;93
1700328556770901.gadget2d_resized_512x512.png;class_0;1.0;polygon;x values;1554;1549;1438;1434;1352;1347;1275;1270;914;909;871;866;851;847;813;808;500;495;457;452;437;433;399;394;197;192;163;158;139;134;101;96;0;0;409;413;486;490;620;625;731;736;789;794;1106;1111;1328;1333;1434;1438;1487;1491;1554;1559;1780;1785;1838;1843;1872;1876;1939;1944;2088;2093;2151;2156;2184;2189;2247;2252;2459;2459
1700328556770901.gadget2d_resized_512x512.png;class_0;1.0;polygon;y values;164;166;166;169;169;172;172;175;175;178;178;181;181;184;184;187;187;190;190;193;193;196;196;199;199;202;202;205;205;208;208;210;210;1286;1286;1283;1283;1280;1280;1283;1283;1280;1280;1277;1277;1274;1274;1271;1271;1268;1268;1265;1265;1262;1262;1259;1259;1256;1256;1253;1253;1250;1250;1248;1248;1245;1245;1242;1242;1239;1239;164
1698679286303202.gadget2d_resized_512x512.png;class_0;1.0;polygon;x values;24;19;19;24;77;81;144;149;173;178;235;240;404;409;462;466;486;490;543;548;668;673;717;721;741;745;779;784;1053;1058;1111;1116;1145;1150;1203;1207;1371;1376;1506;1511;1573;1578;1660;1665;2459;2459;2449;2444;2257;2252;2218;2213;2204;2199;2165;2160;1910;1905;1872;1867;1857;1852;1814;1809;1626;1621;1564;1559;1544;1540;1472;1467;1438;1434;1405;1400
1698679286303202.gadget2d_resized_512x512.png;class_0;1.0;polygon;y values;93;96;1318;1321;1321;1324;1324;1327;1327;1330;1330;1333;1333;1335;1335;1338;1338;1341;1341;1344;1344;1347;1347;1350;1350;1353;1353;1356;1356;1359;1359;1362;1362;1365;1365;1368;1368;1371;1371;1374;1374;1376;1376;1379;1379;131;131;128;128;125;125;123;123;120;120;117;117;114;114;111;111;108;108;105;105;102;102;99;99;96;96;93;93;96;96;93
1700334129831053.gadget2d_resized_512x512.png;class_0;1.0;polygon;x values;1472;1467;1386;1381;1337;1333;1275;1270;962;957;904;899;866;861;808;803;548;543;514;510;490;486;452;447;226;221;163;158;125;120;38;33;19;14;0;0;19;24;216;221;370;375;447;452;539;543;760;765;1227;1232;1309;1313;1357;1361;1438;1443;1612;1617;1694;1698;1737;1742;1804;1809;2011;2016;2054;2059;2083;2088;2136;2141;2295;2300;2358;2362;2387;2391;2430;2435;2439;2444;2459;2459
1700334129831053.gadget2d_resized_512x512.png;class_0;1.0;polygon;y values;175;178;178;181;181;184;184;187;187;190;190;193;193;196;196;199;199;202;202;205;205;208;208;210;210;213;213;216;216;219;219;222;222;219;219;1297;1297;1294;1294;1291;1291;1294;1294;1291;1291;1289;1289;1286;1286;1283;1283;1280;1280;1277;1277;1274;1274;1271;1271;1268;1268;1265;1265;1262;1262;1259;1259;1256;1256;1253;1253;1250;1250;1248;1248;1245;1245;1242;1242;1239;1239;1242;1242;175
1697784905943204.gadget2d_resized_512x512.png;class_0;1.0;polygon;x values;28;19;19;24;24;19;19;24;24;28;43;48;57;62;67;72;96;101;144;149;173;178;192;197;235;240;298;303;312;317;317;312;312;288;288;279;279;274;274;279;279;283;283;293;283;173;168;158;154;134;129;57;52;28;19;19;24;24;43;48;81;86;211;216;240;245;250;259;259;264;250;245;235;235;226;226;211;206;202;120;115;62;57;38;33;28;24;24;19;19;24;24;38;43;221;226;298;303;346;351;399;404;601;606;630;635;644;649;673;678;856;861;919;924;967;972;1034;1039;1140;1145;1207;1212;1251;1256;1313;1318;1395;1400;1597;1602;1823;1828;2088;2093;2165;2170;2218;2223;2459;2459;2439;2435;2252;2247;2208;2204;2184;2180;2151;2146;1929;1925;1881;1876;1862;1857;1722;1718;1631;1626;1549;1544;1501;1496;1458;1453;1222;1217;1068;1063;1020;1015;880;875;202;197
1697784905943204.gadget2d_resized_512x512.png;class_0;1.0;polygon;y values;90;96;492;495;515;518;703;706;708;711;711;708;708;706;706;703;703;700;700;697;697;694;694;691;691;688;688;691;691;694;700;703;708;723;726;732;735;738;744;747;750;752;758;764;770;770;767;767;764;764;761;761;758;758;764;969;972;975;975;972;972;969;969;972;972;975;975;981;984;987;996;996;1001;1004;1010;1022;1031;1031;1034;1034;1031;1031;1028;1028;1025;1025;1028;1031;1034;1321;1324;1330;1330;1333;1333;1335;1335;1338;1338;1341;1341;1344;1344;1347;1347;1350;1350;1353;1353;1356;1356;1359;1359;1362;1362;1365;1365;1368;1368;1371;1371;1374;1374;1376;1376;1379;1379;1382;1382;1385;1385;1388;1388;1391;1391;1388;1388;1391;1391;143;143;140;140;137;137;134;134;131;131;128;128;125;125;123;123;120;120;117;117;114;114;111;111;108;108;105;105;102;102;99;99;96;96;93;93;90
1700364762164343.gadget2d_resized_512x512.png;class_0;1.0;polygon;x values;1809;1804;1703;1698;1636;1631;1559;1554;1179;1174;1116;1111;1063;1058;996;991;717;712;673;668;649;644;606;601;375;370;308;303;288;283;240;235;38;33;0;0;4;9;360;365;755;760;822;827;1005;1010;1352;1357;1419;1424;1463;1467;1535;1540;1742;1746;1795;1799;1828;1833;1905;1910;2079;2083;2131;2136;2160;2165;2208;2213;2367;2372;2411;2415;2459;2459
1700364762164343.gadget2d_resized_512x512.png;class_0;1.0;polygon;y values;175;178;178;181;181;184;184;187;187;190;190;193;193;196;196;199;199;202;202;205;205;208;208;210;210;213;213;216;216;219;219;222;222;225;225;1300;1300;1297;1297;1294;1294;1291;1291;1289;1289;1286;1286;1283;1283;1280;1280;1277;1277;1274;1274;1271;1271;1268;1268;1265;1265;1262;1262;1259;1259;1256;1256;1253;1253;1250;1250;1248;1248;1245;1245;175
1698373882056450.gadget2d_resized_512x512.png;class_0;1.0;polygon;x values;43;38;24;24;19;19;24;24;129;134;206;211;240;245;293;298;399;404;471;476;505;510;558;563;712;717;770;774;789;794;827;832;938;943;1015;1020;1049;1053;1102;1106;1212;1217;1280;1284;1323;1328;1443;1448;1958;1963;2040;2045;2127;2131;2372;2377;2459;2459;2411;2406;2348;2343;2329;2324;2295;2290;2083;2079;2026;2021;2006;2002;1944;1939;1713;1708;1669;1665;1641;1636;1617;1612;1568;1564;1222;1217;1179;1174;1068;1063;606;601;481;476;433;428;139;134
1698373882056450.gadget2d_resized_512x512.png;class_0;1.0;polygon;y values;82;84;84;87;90;1327;1330;1333;1333;1335;1335;1338;1338;1341;1341;1344;1344;1347;1347;1350;1350;1353;1353;1356;1356;1359;1359;1362;1362;1365;1365;1368;1368;1371;1371;1374;1374;1376;1376;1379;1379;1382;1382;1385;1385;1388;1388;1391;1391;1394;1394;1391;1391;1394;1394;1397;1397;140;140;137;137;134;134;131;131;128;128;125;125;123;123;120;120;117;117;114;114;111;111;108;108;105;105;102;102;99;99;96;96;93;93;90;90;87;87;84;84;82
